route_id,service_id,trip_id,trip_headsign,trip_short_name,direction_id,shape_id
1100682,1925624,1019256241099010,,10,1,
1100682,1925625,1019256251099010,,10,1,
1100682,1925626,1019256261099010,,10,1,
1100682,1925627,1019256271099010,,10,1,
1100682,1925624,1119256241099010,,11,1,
1100682,1925625,1119256251099010,,11,1,
1100682,1925626,1119256261099010,,11,1,
1100682,1925627,1119256271099010,,11,1,
1100682,1925624,119256241099010,,1,1,
1100682,1925625,119256251099010,,1,1,
1100682,1925626,119256261099010,,1,1,
1100682,1925627,119256271099010,,1,1,
1100682,1925624,1219256241099010,,12,1,
1100682,1925625,1219256251099010,,12,1,
1100682,1925626,1219256261099010,,12,1,
1100682,1925627,1219256271099010,,12,1,
1100682,1925624,1319256241099010,,13,1,
1100682,1925625,1319256251099010,,13,1,
1100682,1925626,1319256261099010,,13,1,
1100682,1925627,1319256271099010,,13,1,
1100682,1925624,1419256241099010,,14,1,
1100682,1925625,1419256251099010,,14,1,
1100682,1925626,1419256261099010,,14,1,
1100682,1925627,1419256271099010,,14,1,
1100682,1925624,1519256241099010,,15,1,
1100682,1925625,1519256251099010,,15,1,
1100682,1925626,1519256261099010,,15,1,
1100682,1925627,1519256271099010,,15,1,
1100682,1925624,1619256241099010,,16,1,
1100682,1925625,1619256251099010,,16,1,
1100682,1925626,1619256261099010,,16,1,
1100682,1925627,1619256271099010,,16,1,
1100682,1925624,1719256241099010,,17,1,
1100682,1925625,1719256251099010,,17,1,
1100682,1925626,1719256261099010,,17,1,
1100682,1925627,1719256271099010,,17,1,
1100682,1925624,1819256241099010,,18,1,
1100682,1925625,1819256251099010,,18,1,
1100682,1925626,1819256261099010,,18,1,
1100682,1925627,1819256271099010,,18,1,
1100682,1925624,1919256241099010,,19,1,
1100682,1925625,1919256251099010,,19,1,
1100682,1925626,1919256261099010,,19,1,
1100682,1925627,1919256271099010,,19,1,
1100682,1925624,2019256241099010,,20,1,
1100682,1925625,2019256251099010,,20,1,
1100682,1925626,2019256261099010,,20,1,
1100682,1925627,2019256271099010,,20,1,
1100682,1925624,2119256241099010,,21,1,
1100682,1925625,2119256251099010,,21,1,
1100682,1925626,2119256261099010,,21,1,
1100682,1925627,2119256271099010,,21,1,
1100682,1925624,219256241099010,,2,1,
1100682,1925625,219256251099010,,2,1,
1100682,1925626,219256261099010,,2,1,
1100682,1925627,219256271099010,,2,1,
1100682,1925624,2219256241099010,,22,1,
1100682,1925625,2219256251099010,,22,1,
1100682,1925626,2219256261099010,,22,1,
1100682,1925627,2219256271099010,,22,1,
1100682,1925624,2319256241099010,,23,1,
1100682,1925625,2319256251099010,,23,1,
1100682,1925626,2319256261099010,,23,1,
1100682,1925627,2319256271099010,,23,1,
1100682,1925624,2419256241099010,,24,1,
1100682,1925625,2419256251099010,,24,1,
1100682,1925626,2419256261099010,,24,1,
1100682,1925627,2419256271099010,,24,1,
1100682,1925624,2519256241099010,,25,1,
1100682,1925625,2519256251099010,,25,1,
1100682,1925626,2519256261099010,,25,1,
1100682,1925627,2519256271099010,,25,1,
1100682,1925624,2619256241099010,,26,1,
1100682,1925625,2619256251099010,,26,1,
1100682,1925626,2619256261099010,,26,1,
1100682,1925627,2619256271099010,,26,1,
1100682,1925624,2719256241099010,,27,1,
1100682,1925625,2719256251099010,,27,1,
1100682,1925626,2719256261099010,,27,1,
1100682,1925627,2719256271099010,,27,1,
1100682,1925624,2819256241099010,,28,1,
1100682,1925625,2819256251099010,,28,1,
1100682,1925626,2819256261099010,,28,1,
1100682,1925627,2819256271099010,,28,1,
1100682,1925624,2919256241099010,,29,1,
1100682,1925625,2919256251099010,,29,1,
1100682,1925626,2919256261099010,,29,1,
1100682,1925627,2919256271099010,,29,1,
1100682,1925624,3019256241099010,,30,1,
1100682,1925625,3019256251099010,,30,1,
1100682,1925626,3019256261099010,,30,1,
1100682,1925627,3019256271099010,,30,1,
1100682,1925624,3119256241099010,,31,1,
1100682,1925625,3119256251099010,,31,1,
1100682,1925626,3119256261099010,,31,1,
1100682,1925627,3119256271099010,,31,1,
1100682,1925624,319256241099010,,3,1,
1100682,1925625,319256251099010,,3,1,
1100682,1925626,319256261099010,,3,1,
1100682,1925627,319256271099010,,3,1,
1100682,1925624,3219256241099010,,32,1,
1100682,1925625,3219256251099010,,32,1,
1100682,1925626,3219256261099010,,32,1,
1100682,1925627,3219256271099010,,32,1,
1100682,1925624,3319256241099010,,33,1,
1100682,1925625,3319256251099010,,33,1,
1100682,1925626,3319256261099010,,33,1,
1100682,1925627,3319256271099010,,33,1,
1100682,1925624,3419256241099010,,34,1,
1100682,1925625,3419256251099010,,34,1,
1100682,1925626,3419256261099010,,34,1,
1100682,1925627,3419256271099010,,34,1,
1100682,1925624,3519256241099010,,35,1,
1100682,1925625,3519256251099010,,35,1,
1100682,1925626,3519256261099010,,35,1,
1100682,1925627,3519256271099010,,35,1,
1100682,1925624,3619256241099010,,36,1,
1100682,1925625,3619256251099010,,36,1,
1100682,1925626,3619256261099010,,36,1,
1100682,1925627,3619256271099010,,36,1,
1100682,1925624,3719256241099010,,37,1,
1100682,1925625,3719256251099010,,37,1,
1100682,1925626,3719256261099010,,37,1,
1100682,1925627,3719256271099010,,37,1,
1100682,1925624,3819256241099010,,38,1,
1100682,1925625,3819256251099010,,38,1,
1100682,1925626,3819256261099010,,38,1,
1100682,1925627,3819256271099010,,38,1,
1100682,1925624,3919256241099010,,39,1,
1100682,1925625,3919256251099010,,39,1,
1100682,1925626,3919256261099010,,39,1,
1100682,1925627,3919256271099010,,39,1,
1100682,1925624,4019256241099010,,40,1,
1100682,1925625,4019256251099010,,40,1,
1100682,1925626,4019256261099010,,40,1,
1100682,1925627,4019256271099010,,40,1,
1100682,1925624,4119256241099010,,41,1,
1100682,1925625,4119256251099010,,41,1,
1100682,1925626,4119256261099010,,41,1,
1100682,1925627,4119256271099010,,41,1,
1100682,1925624,419256241099010,,4,1,
1100682,1925625,419256251099010,,4,1,
1100682,1925626,419256261099010,,4,1,
1100682,1925627,419256271099010,,4,1,
1100682,1925624,4219256241099010,,42,1,
1100682,1925625,4219256251099010,,42,1,
1100682,1925626,4219256261099010,,42,1,
1100682,1925627,4219256271099010,,42,1,
1100682,1925624,4319256241099010,,43,1,
1100682,1925625,4319256251099010,,43,1,
1100682,1925626,4319256261099010,,43,1,
1100682,1925627,4319256271099010,,43,1,
1100682,1925624,4419256241099010,,44,1,
1100682,1925625,4419256251099010,,44,1,
1100682,1925626,4419256261099010,,44,1,
1100682,1925627,4419256271099010,,44,1,
1100682,1925624,4519256241099010,,45,1,
1100682,1925625,4519256251099010,,45,1,
1100682,1925626,4519256261099010,,45,1,
1100682,1925627,4519256271099010,,45,1,
1100682,1925624,4619256241099010,,46,1,
1100682,1925625,4619256251099010,,46,1,
1100682,1925626,4619256261099010,,46,1,
1100682,1925627,4619256271099010,,46,1,
1100682,1925624,4719256241099010,,47,1,
1100682,1925625,4719256251099010,,47,1,
1100682,1925626,4719256261099010,,47,1,
1100682,1925627,4719256271099010,,47,1,
1100682,1925624,4819256241099010,,48,1,
1100682,1925625,4819256251099010,,48,1,
1100682,1925626,4819256261099010,,48,1,
1100682,1925627,4819256271099010,,48,1,
1100682,1925624,4919256241099010,,49,1,
1100682,1925625,4919256251099010,,49,1,
1100682,1925626,4919256261099010,,49,1,
1100682,1925624,5019256241099010,,50,1,
1100682,1925625,5019256251099010,,50,1,
1100682,1925626,5019256261099010,,50,1,
1100682,1925624,5119256241099010,,51,1,
1100682,1925625,5119256251099010,,51,1,
1100682,1925624,519256241099010,,5,1,
1100682,1925625,519256251099010,,5,1,
1100682,1925626,519256261099010,,5,1,
1100682,1925627,519256271099010,,5,1,
1100682,1925624,5219256241099010,,52,1,
1100682,1925625,5219256251099010,,52,1,
1100682,1925624,5319256241099010,,53,1,
1100682,1925625,5319256251099010,,53,1,
1100682,1925624,5419256241099010,,54,1,
1100682,1925625,5419256251099010,,54,1,
1100682,1925624,5519256241099010,,55,1,
1100682,1925625,5519256251099010,,55,1,
1100682,1925624,5619256241099010,,56,1,
1100682,1925625,5619256251099010,,56,1,
1100682,1925624,5719256241099010,,57,1,
1100682,1925625,5719256251099010,,57,1,
1100682,1925624,5819256241099010,,58,1,
1100682,1925625,5819256251099010,,58,1,
1100682,1925624,5919256241099010,,59,1,
1100682,1925625,5919256251099010,,59,1,
1100682,1925624,6019256241099010,,60,1,
1100682,1925625,6019256251099010,,60,1,
1100682,1925624,6119256241099010,,61,1,
1100682,1925625,6119256251099010,,61,1,
1100682,1925624,619256241099010,,6,1,
1100682,1925625,619256251099010,,6,1,
1100682,1925626,619256261099010,,6,1,
1100682,1925627,619256271099010,,6,1,
1100682,1925624,719256241099010,,7,1,
1100682,1925625,719256251099010,,7,1,
1100682,1925626,719256261099010,,7,1,
1100682,1925627,719256271099010,,7,1,
1100682,1925624,819256241099010,,8,1,
1100682,1925625,819256251099010,,8,1,
1100682,1925626,819256261099010,,8,1,
1100682,1925627,819256271099010,,8,1,
1100682,1925624,919256241099010,,9,1,
1100682,1925625,919256251099010,,9,1,
1100682,1925626,919256261099010,,9,1,
1100682,1925627,919256271099010,,9,1,
877784,1925578,1019255780875551,,10,0,
877784,1925578,1119255780875551,,11,0,
877784,1925578,119255780875551,,1,0,
877784,1925579,119255790875551,,1,0,
877784,1925580,119255800875551,,1,0,
877784,1925578,1219255780875551,,12,0,
877784,1925578,1319255780875551,,13,0,
877784,1925578,1419255780875551,,14,0,
877784,1925578,1519255780875551,,15,0,
877784,1925578,1619255780875551,,16,0,
877784,1925578,1719255780875551,,17,0,
877784,1925578,1819255780875551,,18,0,
877784,1925578,1919255780875551,,19,0,
877784,1925578,2019255780875551,,20,0,
877784,1925578,2119255780875551,,21,0,
877784,1925578,219255780875551,,2,0,
877784,1925578,2219255780875551,,22,0,
877784,1925578,2319255780875551,,23,0,
877784,1925578,2419255780875551,,24,0,
877784,1925578,2519255780875551,,25,0,
877784,1925578,2619255780875551,,26,0,
877784,1925578,2719255780875551,,27,0,
877784,1925578,2819255780875551,,28,0,
877784,1925578,2919255780875551,,29,0,
877784,1925578,3019255780875551,,30,0,
877784,1925578,3119255780875551,,31,0,
877784,1925578,319255780875551,,3,0,
877784,1925578,3219255780875551,,32,0,
877784,1925578,3319255780875551,,33,0,
877784,1925578,3419255780875551,,34,0,
877784,1925578,3519255780875551,,35,0,
877784,1925578,3619255780875551,,36,0,
877784,1925578,3719255780875551,,37,0,
877784,1925578,3819255780875551,,38,0,
877784,1925578,3919255780875551,,39,0,
877784,1925578,4019255780875551,,40,0,
877784,1925578,4119255780875551,,41,0,
877784,1925578,419255780875551,,4,0,
877784,1925578,4219255780875551,,42,0,
877784,1925578,4319255780875551,,43,0,
877784,1925578,4419255780875551,,44,0,
877784,1925578,4519255780875551,,45,0,
877784,1925578,4619255780875551,,46,0,
877784,1925578,4719255780875551,,47,0,
877784,1925578,4819255780875551,,48,0,
877784,1925578,4919255780875551,,49,0,
877784,1925578,5019255780875551,,50,0,
877784,1925578,5119255780875551,,51,0,
877784,1925578,519255780875551,,5,0,
877784,1925578,5219255780875551,,52,0,
877784,1925578,5319255780875551,,53,0,
877784,1925578,619255780875551,,6,0,
877784,1925578,719255780875551,,7,0,
877784,1925578,819255780875551,,8,0,
877784,1925578,919255780875551,,9,0,
877784,1925579,1019255790875550,,10,0,
877784,1925580,1019255800875550,,10,0,
877784,1925581,1019255810875550,,10,0,
877784,1925582,1019255820875550,,10,0,
877784,1925579,1119255790875550,,11,0,
877784,1925580,1119255800875550,,11,0,
877784,1925581,1119255810875550,,11,0,
877784,1925582,1119255820875550,,11,0,
877784,1925578,119255780875550,,1,0,
877784,1925579,119255790875550,,1,0,
877784,1925580,119255800875550,,1,0,
877784,1925581,119255810875550,,1,0,
877784,1925582,119255820875550,,1,0,
877784,1925579,1219255790875550,,12,0,
877784,1925580,1219255800875550,,12,0,
877784,1925581,1219255810875550,,12,0,
877784,1925582,1219255820875550,,12,0,
877784,1925579,1319255790875550,,13,0,
877784,1925580,1319255800875550,,13,0,
877784,1925581,1319255810875550,,13,0,
877784,1925582,1319255820875550,,13,0,
877784,1925579,1419255790875550,,14,0,
877784,1925580,1419255800875550,,14,0,
877784,1925581,1419255810875550,,14,0,
877784,1925582,1419255820875550,,14,0,
877784,1925579,1519255790875550,,15,0,
877784,1925580,1519255800875550,,15,0,
877784,1925581,1519255810875550,,15,0,
877784,1925582,1519255820875550,,15,0,
877784,1925579,1619255790875550,,16,0,
877784,1925580,1619255800875550,,16,0,
877784,1925581,1619255810875550,,16,0,
877784,1925582,1619255820875550,,16,0,
877784,1925579,1719255790875550,,17,0,
877784,1925580,1719255800875550,,17,0,
877784,1925581,1719255810875550,,17,0,
877784,1925582,1719255820875550,,17,0,
877784,1925579,1819255790875550,,18,0,
877784,1925580,1819255800875550,,18,0,
877784,1925581,1819255810875550,,18,0,
877784,1925582,1819255820875550,,18,0,
877784,1925579,1919255790875550,,19,0,
877784,1925580,1919255800875550,,19,0,
877784,1925581,1919255810875550,,19,0,
877784,1925582,1919255820875550,,19,0,
877784,1925579,2019255790875550,,20,0,
877784,1925580,2019255800875550,,20,0,
877784,1925581,2019255810875550,,20,0,
877784,1925582,2019255820875550,,20,0,
877784,1925579,2119255790875550,,21,0,
877784,1925580,2119255800875550,,21,0,
877784,1925581,2119255810875550,,21,0,
877784,1925582,2119255820875550,,21,0,
877784,1925578,219255780875550,,2,0,
877784,1925579,219255790875550,,2,0,
877784,1925580,219255800875550,,2,0,
877784,1925581,219255810875550,,2,0,
877784,1925582,219255820875550,,2,0,
877784,1925579,2219255790875550,,22,0,
877784,1925580,2219255800875550,,22,0,
877784,1925581,2219255810875550,,22,0,
877784,1925582,2219255820875550,,22,0,
877784,1925579,2319255790875550,,23,0,
877784,1925580,2319255800875550,,23,0,
877784,1925581,2319255810875550,,23,0,
877784,1925582,2319255820875550,,23,0,
877784,1925579,2419255790875550,,24,0,
877784,1925580,2419255800875550,,24,0,
877784,1925581,2419255810875550,,24,0,
877784,1925582,2419255820875550,,24,0,
877784,1925579,2519255790875550,,25,0,
877784,1925580,2519255800875550,,25,0,
877784,1925581,2519255810875550,,25,0,
877784,1925582,2519255820875550,,25,0,
877784,1925579,2619255790875550,,26,0,
877784,1925580,2619255800875550,,26,0,
877784,1925581,2619255810875550,,26,0,
877784,1925582,2619255820875550,,26,0,
877784,1925579,2719255790875550,,27,0,
877784,1925580,2719255800875550,,27,0,
877784,1925581,2719255810875550,,27,0,
877784,1925582,2719255820875550,,27,0,
877784,1925579,2819255790875550,,28,0,
877784,1925580,2819255800875550,,28,0,
877784,1925581,2819255810875550,,28,0,
877784,1925582,2819255820875550,,28,0,
877784,1925579,2919255790875550,,29,0,
877784,1925580,2919255800875550,,29,0,
877784,1925581,2919255810875550,,29,0,
877784,1925582,2919255820875550,,29,0,
877784,1925579,3019255790875550,,30,0,
877784,1925580,3019255800875550,,30,0,
877784,1925581,3019255810875550,,30,0,
877784,1925582,3019255820875550,,30,0,
877784,1925579,3119255790875550,,31,0,
877784,1925580,3119255800875550,,31,0,
877784,1925581,3119255810875550,,31,0,
877784,1925582,3119255820875550,,31,0,
877784,1925578,319255780875550,,3,0,
877784,1925579,319255790875550,,3,0,
877784,1925580,319255800875550,,3,0,
877784,1925581,319255810875550,,3,0,
877784,1925582,319255820875550,,3,0,
877784,1925579,3219255790875550,,32,0,
877784,1925580,3219255800875550,,32,0,
877784,1925581,3219255810875550,,32,0,
877784,1925582,3219255820875550,,32,0,
877784,1925579,3319255790875550,,33,0,
877784,1925580,3319255800875550,,33,0,
877784,1925581,3319255810875550,,33,0,
877784,1925582,3319255820875550,,33,0,
877784,1925579,3419255790875550,,34,0,
877784,1925580,3419255800875550,,34,0,
877784,1925581,3419255810875550,,34,0,
877784,1925582,3419255820875550,,34,0,
877784,1925579,3519255790875550,,35,0,
877784,1925580,3519255800875550,,35,0,
877784,1925581,3519255810875550,,35,0,
877784,1925582,3519255820875550,,35,0,
877784,1925579,3619255790875550,,36,0,
877784,1925580,3619255800875550,,36,0,
877784,1925581,3619255810875550,,36,0,
877784,1925582,3619255820875550,,36,0,
877784,1925579,3719255790875550,,37,0,
877784,1925580,3719255800875550,,37,0,
877784,1925581,3719255810875550,,37,0,
877784,1925582,3719255820875550,,37,0,
877784,1925579,3819255790875550,,38,0,
877784,1925580,3819255800875550,,38,0,
877784,1925581,3819255810875550,,38,0,
877784,1925582,3819255820875550,,38,0,
877784,1925579,3919255790875550,,39,0,
877784,1925580,3919255800875550,,39,0,
877784,1925581,3919255810875550,,39,0,
877784,1925582,3919255820875550,,39,0,
877784,1925579,4019255790875550,,40,0,
877784,1925580,4019255800875550,,40,0,
877784,1925581,4019255810875550,,40,0,
877784,1925582,4019255820875550,,40,0,
877784,1925579,4119255790875550,,41,0,
877784,1925580,4119255800875550,,41,0,
877784,1925581,4119255810875550,,41,0,
877784,11925582,4119255820875550,,41,0,
877784,1925578,419255780875550,,4,0,
877784,1925579,419255790875550,,4,0,
877784,1925580,419255800875550,,4,0,
877784,1925581,419255810875550,,4,0,
877784,1925582,419255820875550,,4,0,
877784,1925579,4219255790875550,,42,0,
877784,1925580,4219255800875550,,42,0,
877784,1925581,4219255810875550,,42,0,
877784,11925582,4219255820875550,,42,0,
877784,1925579,4319255790875550,,43,0,
877784,1925580,4319255800875550,,43,0,
877784,1925581,4319255810875550,,43,0,
877784,1925579,4419255790875550,,44,0,
877784,1925580,4419255800875550,,44,0,
877784,1925581,4419255810875550,,44,0,
877784,1925579,4519255790875550,,45,0,
877784,1925580,4519255800875550,,45,0,
877784,1925581,4519255810875550,,45,0,
877784,1925579,4619255790875550,,46,0,
877784,1925580,4619255800875550,,46,0,
877784,1925581,4619255810875550,,46,0,
877784,1925579,4719255790875550,,47,0,
877784,1925580,4719255800875550,,47,0,
877784,1925581,4719255810875550,,47,0,
877784,1925579,4819255790875550,,48,0,
877784,1925580,4819255800875550,,48,0,
877784,11925581,4819255810875550,,48,0,
877784,1925579,4919255790875550,,49,0,
877784,1925580,4919255800875550,,49,0,
877784,11925581,4919255810875550,,49,0,
877784,1925579,5019255790875550,,50,0,
877784,1925580,5019255800875550,,50,0,
877784,1925579,5119255790875550,,51,0,
877784,1925580,5119255800875550,,51,0,
877784,1925578,519255780875550,,5,0,
877784,1925579,519255790875550,,5,0,
877784,1925580,519255800875550,,5,0,
877784,1925581,519255810875550,,5,0,
877784,1925582,519255820875550,,5,0,
877784,1925579,5219255790875550,,52,0,
877784,1925580,5219255800875550,,52,0,
877784,1925579,5319255790875550,,53,0,
877784,1925580,5319255800875550,,53,0,
877784,1925579,5419255790875550,,54,0,
877784,1925580,5419255800875550,,54,0,
877784,1925579,5519255790875550,,55,0,
877784,1925580,5519255800875550,,55,0,
877784,1925579,5619255790875550,,56,0,
877784,1925580,5619255800875550,,56,0,
877784,1925579,5719255790875550,,57,0,
877784,1925580,5719255800875550,,57,0,
877784,1925579,5819255790875550,,58,0,
877784,1925580,5819255800875550,,58,0,
877784,1925579,5919255790875550,,59,0,
877784,1925580,5919255800875550,,59,0,
877784,1925579,6019255790875550,,60,0,
877784,1925580,6019255800875550,,60,0,
877784,1925579,6119255790875550,,61,0,
877784,1925580,6119255800875550,,61,0,
877784,11925578,619255780875550,,6,0,
877784,1925579,619255790875550,,6,0,
877784,1925580,619255800875550,,6,0,
877784,1925581,619255810875550,,6,0,
877784,1925582,619255820875550,,6,0,
877784,1925579,6219255790875550,,62,0,
877784,1925580,6219255800875550,,62,0,
877784,1925579,6319255790875550,,63,0,
877784,1925580,6319255800875550,,63,0,
877784,1925579,6419255790875550,,64,0,
877784,1925580,6419255800875550,,64,0,
877784,1925579,6519255790875550,,65,0,
877784,1925580,6519255800875550,,65,0,
877784,1925579,6619255790875550,,66,0,
877784,1925580,6619255800875550,,66,0,
877784,1925579,6719255790875550,,67,0,
877784,1925580,6719255800875550,,67,0,
877784,1925579,6819255790875550,,68,0,
877784,1925580,6819255800875550,,68,0,
877784,1925579,6919255790875550,,69,0,
877784,1925580,6919255800875550,,69,0,
877784,1925579,7019255790875550,,70,0,
877784,1925580,7019255800875550,,70,0,
877784,1925579,7119255790875550,,71,0,
877784,11925580,7119255800875550,,71,0,
877784,11925578,719255780875550,,7,0,
877784,1925579,719255790875550,,7,0,
877784,1925580,719255800875550,,7,0,
877784,1925581,719255810875550,,7,0,
877784,1925582,719255820875550,,7,0,
877784,1925579,7219255790875550,,72,0,
877784,11925580,7219255800875550,,72,0,
877784,1925579,7319255790875550,,73,0,
877784,1925579,7419255790875550,,74,0,
877784,1925579,7519255790875550,,75,0,
877784,1925579,7619255790875550,,76,0,
877784,1925579,7719255790875550,,77,0,
877784,1925579,7819255790875550,,78,0,
877784,11925579,7919255790875550,,79,0,
877784,11925579,8019255790875550,,80,0,
877784,1925579,819255790875550,,8,0,
877784,1925580,819255800875550,,8,0,
877784,1925581,819255810875550,,8,0,
877784,1925582,819255820875550,,8,0,
877784,1925579,919255790875550,,9,0,
877784,1925580,919255800875550,,9,0,
877784,1925581,919255810875550,,9,0,
877784,1925582,919255820875550,,9,0,
877784,1925579,1019255790875552,,10,0,
877784,1925580,1019255800875552,,10,0,
877784,1925581,1019255810875552,,10,0,
877784,1925582,1019255820875552,,10,0,
877784,1925579,1119255790875552,,11,0,
877784,1925580,1119255800875552,,11,0,
877784,1925581,1119255810875552,,11,0,
877784,1925582,1119255820875552,,11,0,
877784,1925579,119255790875552,,1,0,
877784,1925580,119255800875552,,1,0,
877784,1925581,119255810875552,,1,0,
877784,1925582,119255820875552,,1,0,
877784,1925579,1219255790875552,,12,0,
877784,1925580,1219255800875552,,12,0,
877784,1925581,1219255810875552,,12,0,
877784,1925582,1219255820875552,,12,0,
877784,1925579,1319255790875552,,13,0,
877784,1925580,1319255800875552,,13,0,
877784,1925581,1319255810875552,,13,0,
877784,1925582,1319255820875552,,13,0,
877784,1925579,1419255790875552,,14,0,
877784,1925580,1419255800875552,,14,0,
877784,1925581,1419255810875552,,14,0,
877784,1925582,1419255820875552,,14,0,
877784,1925579,1519255790875552,,15,0,
877784,1925580,1519255800875552,,15,0,
877784,1925581,1519255810875552,,15,0,
877784,1925582,1519255820875552,,15,0,
877784,1925579,1619255790875552,,16,0,
877784,1925580,1619255800875552,,16,0,
877784,1925581,1619255810875552,,16,0,
877784,1925582,1619255820875552,,16,0,
877784,1925579,1719255790875552,,17,0,
877784,1925580,1719255800875552,,17,0,
877784,1925581,1719255810875552,,17,0,
877784,1925582,1719255820875552,,17,0,
877784,1925579,1819255790875552,,18,0,
877784,1925580,1819255800875552,,18,0,
877784,1925581,1819255810875552,,18,0,
877784,1925582,1819255820875552,,18,0,
877784,1925579,1919255790875552,,19,0,
877784,1925580,1919255800875552,,19,0,
877784,1925581,1919255810875552,,19,0,
877784,1925582,1919255820875552,,19,0,
877784,1925579,2019255790875552,,20,0,
877784,1925580,2019255800875552,,20,0,
877784,1925581,2019255810875552,,20,0,
877784,1925582,2019255820875552,,20,0,
877784,1925579,2119255790875552,,21,0,
877784,1925580,2119255800875552,,21,0,
877784,1925581,2119255810875552,,21,0,
877784,1925582,2119255820875552,,21,0,
877784,1925579,219255790875552,,2,0,
877784,1925580,219255800875552,,2,0,
877784,1925581,219255810875552,,2,0,
877784,1925582,219255820875552,,2,0,
877784,1925579,2219255790875552,,22,0,
877784,1925580,2219255800875552,,22,0,
877784,1925581,2219255810875552,,22,0,
877784,1925582,2219255820875552,,22,0,
877784,1925579,2319255790875552,,23,0,
877784,1925580,2319255800875552,,23,0,
877784,1925581,2319255810875552,,23,0,
877784,1925582,2319255820875552,,23,0,
877784,1925579,2419255790875552,,24,0,
877784,1925580,2419255800875552,,24,0,
877784,1925581,2419255810875552,,24,0,
877784,1925582,2419255820875552,,24,0,
877784,1925579,2519255790875552,,25,0,
877784,1925580,2519255800875552,,25,0,
877784,1925581,2519255810875552,,25,0,
877784,1925582,2519255820875552,,25,0,
877784,1925579,2619255790875552,,26,0,
877784,1925580,2619255800875552,,26,0,
877784,1925581,2619255810875552,,26,0,
877784,1925582,2619255820875552,,26,0,
877784,1925579,2719255790875552,,27,0,
877784,1925580,2719255800875552,,27,0,
877784,1925581,2719255810875552,,27,0,
877784,1925582,2719255820875552,,27,0,
877784,1925579,2819255790875552,,28,0,
877784,1925580,2819255800875552,,28,0,
877784,1925581,2819255810875552,,28,0,
877784,1925582,2819255820875552,,28,0,
877784,1925579,2919255790875552,,29,0,
877784,1925580,2919255800875552,,29,0,
877784,1925581,2919255810875552,,29,0,
877784,1925582,2919255820875552,,29,0,
877784,1925579,3019255790875552,,30,0,
877784,1925580,3019255800875552,,30,0,
877784,1925581,3019255810875552,,30,0,
877784,1925582,3019255820875552,,30,0,
877784,1925579,3119255790875552,,31,0,
877784,1925580,3119255800875552,,31,0,
877784,1925581,3119255810875552,,31,0,
877784,1925582,3119255820875552,,31,0,
877784,1925579,319255790875552,,3,0,
877784,1925580,319255800875552,,3,0,
877784,1925581,319255810875552,,3,0,
877784,1925582,319255820875552,,3,0,
877784,1925579,3219255790875552,,32,0,
877784,1925580,3219255800875552,,32,0,
877784,1925581,3219255810875552,,32,0,
877784,1925582,3219255820875552,,32,0,
877784,1925579,3319255790875552,,33,0,
877784,1925580,3319255800875552,,33,0,
877784,1925581,3319255810875552,,33,0,
877784,1925582,3319255820875552,,33,0,
877784,1925579,3419255790875552,,34,0,
877784,1925580,3419255800875552,,34,0,
877784,1925581,3419255810875552,,34,0,
877784,1925582,3419255820875552,,34,0,
877784,1925579,3519255790875552,,35,0,
877784,1925580,3519255800875552,,35,0,
877784,1925581,3519255810875552,,35,0,
877784,1925582,3519255820875552,,35,0,
877784,1925579,3619255790875552,,36,0,
877784,1925580,3619255800875552,,36,0,
877784,1925581,3619255810875552,,36,0,
877784,1925582,3619255820875552,,36,0,
877784,1925579,3719255790875552,,37,0,
877784,1925580,3719255800875552,,37,0,
877784,1925581,3719255810875552,,37,0,
877784,1925582,3719255820875552,,37,0,
877784,1925579,3819255790875552,,38,0,
877784,1925580,3819255800875552,,38,0,
877784,1925581,3819255810875552,,38,0,
877784,1925582,3819255820875552,,38,0,
877784,1925579,3919255790875552,,39,0,
877784,1925580,3919255800875552,,39,0,
877784,1925581,3919255810875552,,39,0,
877784,1925582,3919255820875552,,39,0,
877784,1925579,4019255790875552,,40,0,
877784,1925580,4019255800875552,,40,0,
877784,1925581,4019255810875552,,40,0,
877784,1925582,4019255820875552,,40,0,
877784,1925579,4119255790875552,,41,0,
877784,1925580,4119255800875552,,41,0,
877784,1925581,4119255810875552,,41,0,
877784,1925582,4119255820875552,,41,0,
877784,1925579,419255790875552,,4,0,
877784,1925580,419255800875552,,4,0,
877784,1925581,419255810875552,,4,0,
877784,1925582,419255820875552,,4,0,
877784,1925579,4219255790875552,,42,0,
877784,1925580,4219255800875552,,42,0,
877784,1925581,4219255810875552,,42,0,
877784,1925582,4219255820875552,,42,0,
877784,1925579,4319255790875552,,43,0,
877784,1925580,4319255800875552,,43,0,
877784,1925581,4319255810875552,,43,0,
877784,1925582,4319255820875552,,43,0,
877784,1925579,4419255790875552,,44,0,
877784,1925580,4419255800875552,,44,0,
877784,1925581,4419255810875552,,44,0,
877784,1925582,4419255820875552,,44,0,
877784,1925579,4519255790875552,,45,0,
877784,1925580,4519255800875552,,45,0,
877784,1925581,4519255810875552,,45,0,
877784,1925582,4519255820875552,,45,0,
877784,1925579,4619255790875552,,46,0,
877784,1925580,4619255800875552,,46,0,
877784,1925581,4619255810875552,,46,0,
877784,1925582,4619255820875552,,46,0,
877784,1925579,4719255790875552,,47,0,
877784,1925580,4719255800875552,,47,0,
877784,1925581,4719255810875552,,47,0,
877784,1925582,4719255820875552,,47,0,
877784,1925579,4819255790875552,,48,0,
877784,1925580,4819255800875552,,48,0,
877784,1925581,4819255810875552,,48,0,
877784,1925582,4819255820875552,,48,0,
877784,1925579,4919255790875552,,49,0,
877784,1925580,4919255800875552,,49,0,
877784,1925581,4919255810875552,,49,0,
877784,1925579,5019255790875552,,50,0,
877784,1925580,5019255800875552,,50,0,
877784,1925581,5019255810875552,,50,0,
877784,1925579,5119255790875552,,51,0,
877784,1925580,5119255800875552,,51,0,
877784,1925579,519255790875552,,5,0,
877784,1925580,519255800875552,,5,0,
877784,1925581,519255810875552,,5,0,
877784,1925582,519255820875552,,5,0,
877784,1925579,5219255790875552,,52,0,
877784,1925580,5219255800875552,,52,0,
877784,1925579,5319255790875552,,53,0,
877784,1925580,5319255800875552,,53,0,
877784,1925579,5419255790875552,,54,0,
877784,1925580,5419255800875552,,54,0,
877784,1925579,5519255790875552,,55,0,
877784,1925580,5519255800875552,,55,0,
877784,1925579,5619255790875552,,56,0,
877784,1925580,5619255800875552,,56,0,
877784,1925579,5719255790875552,,57,0,
877784,1925580,5719255800875552,,57,0,
877784,1925579,5819255790875552,,58,0,
877784,1925580,5819255800875552,,58,0,
877784,1925579,5919255790875552,,59,0,
877784,1925580,5919255800875552,,59,0,
877784,1925579,6019255790875552,,60,0,
877784,1925580,6019255800875552,,60,0,
877784,1925579,6119255790875552,,61,0,
877784,1925580,6119255800875552,,61,0,
877784,1925579,619255790875552,,6,0,
877784,1925580,619255800875552,,6,0,
877784,1925581,619255810875552,,6,0,
877784,1925582,619255820875552,,6,0,
877784,1925579,719255790875552,,7,0,
877784,1925580,719255800875552,,7,0,
877784,1925581,719255810875552,,7,0,
877784,1925582,719255820875552,,7,0,
877784,1925579,819255790875552,,8,0,
877784,1925580,819255800875552,,8,0,
877784,1925581,819255810875552,,8,0,
877784,1925582,819255820875552,,8,0,
877784,1925579,919255790875552,,9,0,
877784,1925580,919255800875552,,9,0,
877784,1925581,919255810875552,,9,0,
877784,1925582,919255820875552,,9,0,
877785,1925648,1019256481034247,,10,1,
877785,1925648,1119256481034247,,11,1,
877785,1925648,119256481034247,,1,1,
877785,1925649,119256491034247,,1,1,
877785,1925652,119256521034247,,1,1,
877785,1925648,1219256481034247,,12,1,
877785,1925648,1319256481034247,,13,1,
877785,1925648,1419256481034247,,14,1,
877785,1925648,1519256481034247,,15,1,
877785,1925648,1619256481034247,,16,1,
877785,1925648,1719256481034247,,17,1,
877785,1925648,1819256481034247,,18,1,
877785,1925648,1919256481034247,,19,1,
877785,1925648,2019256481034247,,20,1,
877785,1925648,2119256481034247,,21,1,
877785,1925648,219256481034247,,2,1,
877785,1925648,2219256481034247,,22,1,
877785,1925648,2319256481034247,,23,1,
877785,1925648,2419256481034247,,24,1,
877785,1925648,2519256481034247,,25,1,
877785,1925648,2619256481034247,,26,1,
877785,1925648,2719256481034247,,27,1,
877785,1925648,2819256481034247,,28,1,
877785,1925648,2919256481034247,,29,1,
877785,1925648,3019256481034247,,30,1,
877785,1925648,3119256481034247,,31,1,
877785,1925648,319256481034247,,3,1,
877785,1925648,3219256481034247,,32,1,
877785,1925648,3319256481034247,,33,1,
877785,1925648,3419256481034247,,34,1,
877785,1925648,3519256481034247,,35,1,
877785,1925648,3619256481034247,,36,1,
877785,1925648,3719256481034247,,37,1,
877785,1925648,3819256481034247,,38,1,
877785,1925648,3919256481034247,,39,1,
877785,1925648,4019256481034247,,40,1,
877785,1925648,4119256481034247,,41,1,
877785,1925648,419256481034247,,4,1,
877785,1925648,4219256481034247,,42,1,
877785,1925648,4319256481034247,,43,1,
877785,1925648,4419256481034247,,44,1,
877785,1925648,4519256481034247,,45,1,
877785,1925648,4619256481034247,,46,1,
877785,1925648,4719256481034247,,47,1,
877785,1925648,4819256481034247,,48,1,
877785,1925648,4919256481034247,,49,1,
877785,1925648,5019256481034247,,50,1,
877785,1925648,5119256481034247,,51,1,
877785,1925648,519256481034247,,5,1,
877785,1925648,5219256481034247,,52,1,
877785,1925648,5319256481034247,,53,1,
877785,1925648,619256481034247,,6,1,
877785,1925648,719256481034247,,7,1,
877785,1925648,819256481034247,,8,1,
877785,1925648,919256481034247,,9,1,
877786,1925661,1019256611034248,,10,1,
877786,1925663,1019256631034248,,10,1,
877786,1925664,1019256641034248,,10,1,
877786,1925665,1019256651034248,,10,1,
877786,1925661,1119256611034248,,11,1,
877786,1925663,1119256631034248,,11,1,
877786,1925664,1119256641034248,,11,1,
877786,1925665,1119256651034248,,11,1,
877786,1925660,119256601034248,,1,1,
877786,1925661,119256611034248,,1,1,
877786,1925663,119256631034248,,1,1,
877786,1925664,119256641034248,,1,1,
877786,1925665,119256651034248,,1,1,
877786,1925661,1219256611034248,,12,1,
877786,1925663,1219256631034248,,12,1,
877786,1925664,1219256641034248,,12,1,
877786,1925665,1219256651034248,,12,1,
877786,1925661,1319256611034248,,13,1,
877786,1925663,1319256631034248,,13,1,
877786,1925664,1319256641034248,,13,1,
877786,1925665,1319256651034248,,13,1,
877786,1925661,1419256611034248,,14,1,
877786,1925663,1419256631034248,,14,1,
877786,1925664,1419256641034248,,14,1,
877786,1925665,1419256651034248,,14,1,
877786,1925661,1519256611034248,,15,1,
877786,1925663,1519256631034248,,15,1,
877786,1925664,1519256641034248,,15,1,
877786,1925665,1519256651034248,,15,1,
877786,1925661,1619256611034248,,16,1,
877786,1925663,1619256631034248,,16,1,
877786,1925664,1619256641034248,,16,1,
877786,1925665,1619256651034248,,16,1,
877786,1925661,1719256611034248,,17,1,
877786,1925663,1719256631034248,,17,1,
877786,1925664,1719256641034248,,17,1,
877786,1925665,1719256651034248,,17,1,
877786,1925661,1819256611034248,,18,1,
877786,1925663,1819256631034248,,18,1,
877786,1925664,1819256641034248,,18,1,
877786,1925665,1819256651034248,,18,1,
877786,1925661,1919256611034248,,19,1,
877786,1925663,1919256631034248,,19,1,
877786,1925664,1919256641034248,,19,1,
877786,1925665,1919256651034248,,19,1,
877786,1925661,2019256611034248,,20,1,
877786,1925663,2019256631034248,,20,1,
877786,1925664,2019256641034248,,20,1,
877786,1925665,2019256651034248,,20,1,
877786,1925661,2119256611034248,,21,1,
877786,1925663,2119256631034248,,21,1,
877786,1925664,2119256641034248,,21,1,
877786,1925665,2119256651034248,,21,1,
877786,1925660,219256601034248,,2,1,
877786,1925661,219256611034248,,2,1,
877786,1925663,219256631034248,,2,1,
877786,1925664,219256641034248,,2,1,
877786,1925665,219256651034248,,2,1,
877786,1925661,2219256611034248,,22,1,
877786,1925663,2219256631034248,,22,1,
877786,1925664,2219256641034248,,22,1,
877786,1925665,2219256651034248,,22,1,
877786,1925661,2319256611034248,,23,1,
877786,1925663,2319256631034248,,23,1,
877786,1925664,2319256641034248,,23,1,
877786,1925665,2319256651034248,,23,1,
877786,1925661,2419256611034248,,24,1,
877786,1925663,2419256631034248,,24,1,
877786,1925664,2419256641034248,,24,1,
877786,1925665,2419256651034248,,24,1,
877786,1925661,2519256611034248,,25,1,
877786,1925663,2519256631034248,,25,1,
877786,1925664,2519256641034248,,25,1,
877786,1925665,2519256651034248,,25,1,
877786,1925661,2619256611034248,,26,1,
877786,1925663,2619256631034248,,26,1,
877786,1925664,2619256641034248,,26,1,
877786,1925665,2619256651034248,,26,1,
877786,1925661,2719256611034248,,27,1,
877786,1925663,2719256631034248,,27,1,
877786,1925664,2719256641034248,,27,1,
877786,1925665,2719256651034248,,27,1,
877786,1925661,2819256611034248,,28,1,
877786,1925663,2819256631034248,,28,1,
877786,1925664,2819256641034248,,28,1,
877786,1925665,2819256651034248,,28,1,
877786,1925661,2919256611034248,,29,1,
877786,1925663,2919256631034248,,29,1,
877786,1925664,2919256641034248,,29,1,
877786,1925665,2919256651034248,,29,1,
877786,1925661,3019256611034248,,30,1,
877786,1925663,3019256631034248,,30,1,
877786,1925664,3019256641034248,,30,1,
877786,1925665,3019256651034248,,30,1,
877786,1925661,3119256611034248,,31,1,
877786,1925663,3119256631034248,,31,1,
877786,1925664,3119256641034248,,31,1,
877786,1925665,3119256651034248,,31,1,
877786,1925660,319256601034248,,3,1,
877786,1925661,319256611034248,,3,1,
877786,1925663,319256631034248,,3,1,
877786,1925664,319256641034248,,3,1,
877786,1925665,319256651034248,,3,1,
877786,1925661,3219256611034248,,32,1,
877786,1925663,3219256631034248,,32,1,
877786,1925664,3219256641034248,,32,1,
877786,1925665,3219256651034248,,32,1,
877786,1925661,3319256611034248,,33,1,
877786,1925663,3319256631034248,,33,1,
877786,1925664,3319256641034248,,33,1,
877786,1925665,3319256651034248,,33,1,
877786,1925661,3419256611034248,,34,1,
877786,1925663,3419256631034248,,34,1,
877786,1925664,3419256641034248,,34,1,
877786,1925665,3419256651034248,,34,1,
877786,1925661,3519256611034248,,35,1,
877786,1925663,3519256631034248,,35,1,
877786,1925664,3519256641034248,,35,1,
877786,1925665,3519256651034248,,35,1,
877786,1925661,3619256611034248,,36,1,
877786,1925663,3619256631034248,,36,1,
877786,1925664,3619256641034248,,36,1,
877786,1925665,3619256651034248,,36,1,
877786,1925661,3719256611034248,,37,1,
877786,1925663,3719256631034248,,37,1,
877786,1925664,3719256641034248,,37,1,
877786,1925665,3719256651034248,,37,1,
877786,1925661,3819256611034248,,38,1,
877786,1925663,3819256631034248,,38,1,
877786,1925664,3819256641034248,,38,1,
877786,1925665,3819256651034248,,38,1,
877786,1925661,3919256611034248,,39,1,
877786,1925663,3919256631034248,,39,1,
877786,1925664,3919256641034248,,39,1,
877786,1925665,3919256651034248,,39,1,
877786,1925661,4019256611034248,,40,1,
877786,1925663,4019256631034248,,40,1,
877786,1925664,4019256641034248,,40,1,
877786,1925665,4019256651034248,,40,1,
877786,1925661,4119256611034248,,41,1,
877786,1925663,4119256631034248,,41,1,
877786,1925664,4119256641034248,,41,1,
877786,1925665,4119256651034248,,41,1,
877786,1925660,419256601034248,,4,1,
877786,1925661,419256611034248,,4,1,
877786,1925663,419256631034248,,4,1,
877786,1925664,419256641034248,,4,1,
877786,1925665,419256651034248,,4,1,
877786,1925661,4219256611034248,,42,1,
877786,1925663,4219256631034248,,42,1,
877786,1925664,4219256641034248,,42,1,
877786,11925665,4219256651034248,,42,1,
877786,1925661,4319256611034248,,43,1,
877786,1925663,4319256631034248,,43,1,
877786,1925664,4319256641034248,,43,1,
877786,1925661,4419256611034248,,44,1,
877786,1925663,4419256631034248,,44,1,
877786,1925664,4419256641034248,,44,1,
877786,1925661,4519256611034248,,45,1,
877786,1925663,4519256631034248,,45,1,
877786,1925664,4519256641034248,,45,1,
877786,1925661,4619256611034248,,46,1,
877786,1925663,4619256631034248,,46,1,
877786,1925664,4619256641034248,,46,1,
877786,1925661,4719256611034248,,47,1,
877786,1925663,4719256631034248,,47,1,
877786,1925664,4719256641034248,,47,1,
877786,1925661,4819256611034248,,48,1,
877786,1925663,4819256631034248,,48,1,
877786,1925664,4819256641034248,,48,1,
877786,1925661,4919256611034248,,49,1,
877786,1925663,4919256631034248,,49,1,
877786,11925664,4919256641034248,,49,1,
877786,1925661,5019256611034248,,50,1,
877786,1925663,5019256631034248,,50,1,
877786,1925661,5119256611034248,,51,1,
877786,1925663,5119256631034248,,51,1,
877786,1925660,519256601034248,,5,1,
877786,1925661,519256611034248,,5,1,
877786,1925663,519256631034248,,5,1,
877786,1925664,519256641034248,,5,1,
877786,1925665,519256651034248,,5,1,
877786,1925661,5219256611034248,,52,1,
877786,1925663,5219256631034248,,52,1,
877786,1925661,5319256611034248,,53,1,
877786,1925663,5319256631034248,,53,1,
877786,1925661,5419256611034248,,54,1,
877786,1925663,5419256631034248,,54,1,
877786,1925661,5519256611034248,,55,1,
877786,1925663,5519256631034248,,55,1,
877786,1925661,5619256611034248,,56,1,
877786,1925663,5619256631034248,,56,1,
877786,1925661,5719256611034248,,57,1,
877786,1925663,5719256631034248,,57,1,
877786,1925661,5819256611034248,,58,1,
877786,1925663,5819256631034248,,58,1,
877786,1925661,5919256611034248,,59,1,
877786,1925663,5919256631034248,,59,1,
877786,1925661,6019256611034248,,60,1,
877786,1925663,6019256631034248,,60,1,
877786,1925661,6119256611034248,,61,1,
877786,1925663,6119256631034248,,61,1,
877786,1925660,619256601034248,,6,1,
877786,1925661,619256611034248,,6,1,
877786,1925663,619256631034248,,6,1,
877786,1925664,619256641034248,,6,1,
877786,1925665,619256651034248,,6,1,
877786,1925661,6219256611034248,,62,1,
877786,1925663,6219256631034248,,62,1,
877786,1925661,6319256611034248,,63,1,
877786,1925663,6319256631034248,,63,1,
877786,1925661,6419256611034248,,64,1,
877786,1925663,6419256631034248,,64,1,
877786,1925661,6519256611034248,,65,1,
877786,1925663,6519256631034248,,65,1,
877786,1925661,6619256611034248,,66,1,
877786,1925663,6619256631034248,,66,1,
877786,1925661,6719256611034248,,67,1,
877786,1925663,6719256631034248,,67,1,
877786,1925661,6819256611034248,,68,1,
877786,1925663,6819256631034248,,68,1,
877786,1925661,6919256611034248,,69,1,
877786,1925663,6919256631034248,,69,1,
877786,1925661,7019256611034248,,70,1,
877786,1925663,7019256631034248,,70,1,
877786,1925661,7119256611034248,,71,1,
877786,1925663,7119256631034248,,71,1,
877786,11925660,719256601034248,,7,1,
877786,1925661,719256611034248,,7,1,
877786,1925663,719256631034248,,7,1,
877786,1925664,719256641034248,,7,1,
877786,1925665,719256651034248,,7,1,
877786,1925661,7219256611034248,,72,1,
877786,11925663,7219256631034248,,72,1,
877786,1925661,7319256611034248,,73,1,
877786,1925661,7419256611034248,,74,1,
877786,1925661,7519256611034248,,75,1,
877786,1925661,7619256611034248,,76,1,
877786,1925661,7719256611034248,,77,1,
877786,1925661,7819256611034248,,78,1,
877786,1925661,7919256611034248,,79,1,
877786,11925661,8019256611034248,,80,1,
877786,1925661,819256611034248,,8,1,
877786,1925663,819256631034248,,8,1,
877786,1925664,819256641034248,,8,1,
877786,1925665,819256651034248,,8,1,
877786,1925661,919256611034248,,9,1,
877786,1925663,919256631034248,,9,1,
877786,1925664,919256641034248,,9,1,
877786,1925665,919256651034248,,9,1,
