from_stop_id,to_stop_id,transfer_type,min_transfer_time
2034,4036980,2,283
4037004,5121373,2,79
4037004,5121374,2,13
4117663,4036941,2,67
4037004,5121372,2,8
4117656,4036936,2,11
4117656,4036935,2,11
2512,4037035,2,198
2221,4036985,2,200
2221,4036986,2,258
4117663,4036944,2,100
4117663,4036943,2,128
4036951,4035918,2,74
2076,4036979,2,246
4614715,4036935,2,21
4614715,4036936,2,21
2076,4036978,2,207
4035564,4036964,2,51
1672,4037041,2,209
2442,4036998,2,279
2442,4036999,2,232
4035564,4036965,2,50
4036987,5289159,2,20
3343335,4037018,2,194
4037295,4036999,2,48
4035555,4036973,2,79
4010678,4036975,2,81
4036981,1678,2,246
4037002,5289150,2,63
4473014,4037019,2,139
4036985,4036648,2,79
3747908,4036978,2,83
4037045,5289164,2,97
3747908,4036979,2,105
4037046,3764611,2,106
3740501,4036979,2,77
3812928,4036995,2,51
4009393,4037018,2,228
4036962,4035900,2,11
3812928,4036994,2,56
3740501,4036978,2,54
4996966,4036978,2,83
4996966,4036979,2,105
5657284,4036975,2,81
5657284,4036974,2,90
3688572,4036935,2,107
2428,4037029,2,228
3926196,4036995,2,43
3688572,4036936,2,107
3926196,4036994,2,17
3666561,4036979,2,101
3666561,4036978,2,70
1826,4037037,2,216
4889492,4036937,2,137
3664993,4036961,2,114
3664993,4036960,2,102
4472870,4036979,2,52
4037005,5121370,2,32
4473028,4037004,2,79
4036973,4035909,2,79
4472870,4036978,2,69
4036956,4705658,2,30
3812939,4037011,2,57
3731634,4036961,2,16
4037022,4473359,2,110
3664427,4036937,2,137
4037047,3764610,2,87
4036982,5289163,2,97
3731634,4036959,2,104
3731634,4036958,2,118
4037022,4473361,2,28
3813156,4037037,2,63
4037000,4045009,2,24
4726762,4037037,2,63
4037297,4037037,2,63
4117659,4036937,2,137
4036295,4036985,2,78
3893520,4037032,2,52
4037021,5074000,2,120
3813114,4037002,2,79
4037002,2366,2,671
4036986,1965,2,258
4036989,3893352,2,79
5018391,4036980,2,87
4036944,4035880,2,28
3687424,4037040,2,88
3813038,4037002,2,43
2174,4037032,2,189
4036986,5289160,2,20
4037046,2488,2,270
4037252,4037002,2,98
2466,4036993,2,260
4473042,4037026,2,120
4037002,1827,2,671
3343334,4037018,2,194
4037021,4473360,2,110
4037021,4473361,2,94
4473552,4037023,2,118
5018331,4036979,2,10
4614627,4036936,2,21
4614627,4036935,2,21
4473042,4037023,2,94
4473042,4037022,2,110
4037046,3764656,2,106
4037006,5289110,2,32
4037022,4473345,2,131
3807630,4036981,2,106
3765209,4036995,2,45
3708489,4036947,2,114
3765209,4036994,2,54
3887786,4037034,2,36
3343776,4037046,2,270
2382,4036968,2,221
2382,4036969,2,202
4036967,4035903,2,20
4036938,4035874,2,137
4036931,4036982,2,97
1845,4037040,2,196
4037026,5018486,2,143
2089,4036936,2,212
3813114,4037037,2,17
2089,4036935,2,212
4037047,3764655,2,87
3807605,4037022,2,110
5018390,4036981,2,106
3681789,4037024,2,87
3807605,4037023,2,94
3681789,4037025,2,87
3893522,4037014,2,47
1677,4037046,2,270
1826,4037001,2,288
3807605,4037026,2,120
1826,4037002,2,251
4036989,3442420,2,56
1826,4037000,2,280
3687412,4037003,2,27
1826,4037004,2,225
4037024,5018485,2,84
1826,4037003,2,254
3687412,4037004,2,61
4473551,4037023,2,121
2219,4036985,2,200
5091938,4037024,2,18
2219,4036986,2,258
1729,4036988,2,201
3812924,4036989,2,56
4037021,4473345,2,120
3813038,4037037,2,81
4036985,4016266,2,60
4036985,4016265,2,60
4037251,4037003,2,27
5091938,4037025,2,18
3807629,4036982,2,95
3664379,4036949,2,82
4037251,4037004,2,61
4889497,4036938,2,144
1750,4037029,2,228
4889497,4036937,2,63
4037037,3442432,2,87
4037037,3442433,2,70
4037037,3442434,2,91
4036985,1965,2,200
1781,4037007,2,208
1721,4036993,2,260
4036937,4035875,2,137
2546,4036977,2,214
2546,4036976,2,240
4036978,4035731,2,86
4036978,4035730,2,86
1824,4037000,2,280
4036979,4045034,2,88
3714134,4036944,2,67
1824,4037002,2,251
4036981,2488,2,246
3714134,4036943,2,45
1824,4037001,2,288
1824,4037004,2,225
3714134,4036941,2,141
1824,4037003,2,254
4035816,4036979,2,61
4035816,4036978,2,60
4036973,2296,2,205
3813113,4037003,2,79
4037786,4036985,2,16
4889496,4036937,2,75
4037786,4036986,2,81
4037040,3813067,2,45
4036993,4045013,2,90
4035559,4036977,2,41
4037001,5289107,2,24
3807582,4037038,2,91
2230,4037042,2,247
4036986,2036,2,258
4037000,2366,2,700
4036985,3764660,2,89
2365,4037037,2,216
2153,4037047,2,206
3731630,4036965,2,10
3807624,4036991,2,57
2526,4036996,2,238
4473148,4037003,2,79
4037025,4473291,2,84
3813039,4037037,2,37
4687334,4037023,2,48
4037025,4473290,2,10
4687334,4037022,2,77
4687334,4037021,2,72
3887785,4037010,2,54
3665021,4036964,2,10
2208,4036978,2,207
4037018,5074004,2,72
2208,4036979,2,246
4037003,4472994,2,27
4037003,4472993,2,27
3664389,4036936,2,49
4726957,4036981,2,58
3664389,4036935,2,49
4036985,3764661,2,23
3687470,4037042,2,20
3731638,4036957,2,30
4037022,5073999,2,28
4117655,4036935,2,39
4037001,1827,2,708
4117655,4036936,2,39
3747978,4036978,2,83
3747978,4036979,2,105
4036979,4044988,2,74
4037023,5018487,2,143
3687422,4036993,2,91
3714137,4036943,2,137
3664997,4036965,2,50
3807629,4037045,2,55
3714137,4036942,2,67
3731646,4036947,2,46
3664997,4036964,2,51
3714137,4036944,2,118
5121383,4037003,2,10
5121383,4037004,2,90
4036935,5150391,2,11
4036978,4045034,2,45
3747826,4036983,2,96
3731637,4036956,2,30
3926188,4037002,2,98
2230,4036987,2,268
4036959,4705577,2,135
4036959,4705575,2,22
4472614,4037025,2,84
4472614,4037024,2,84
4996993,4036978,2,99
4996993,4036979,2,22
3714136,4036944,2,100
3714136,4036943,2,128
3714136,4036941,2,67
4037042,5289097,2,20
3813039,4037002,2,98
3664393,4036937,2,75
3926246,4037037,2,63
4037019,5074002,2,139
4037024,4473363,2,84
4037024,4473362,2,10
5018333,4037047,2,87
1691,4037033,2,197
4009621,4036998,2,48
4036982,2051,2,278
4036935,5150390,2,101
3887812,4037037,2,81
3666724,4036979,2,101
3664996,4036965,2,125
3666724,4036978,2,70
3666621,4036979,2,97
3764458,4037011,2,57
3708539,4036947,2,114
3666621,4036978,2,49
3664996,4036964,2,116
4889458,4036935,2,49
4889458,4036936,2,49
1954,4036978,2,207
1954,4036979,2,246
2472,4037041,2,215
4037298,4037004,2,34
4037298,4037003,2,53
4036954,4035892,2,44
2327,4036974,2,270
4036995,3813062,2,92
2327,4036975,2,251
4036960,4035898,2,16
4037037,4472992,2,63
4036995,3813063,2,51
5151511,4037004,2,79
4036960,4035896,2,104
4036960,4035895,2,118
4036300,4037045,2,97
4036958,4009090,2,118
3687473,4037037,2,63
5151495,4037022,2,131
5151495,4037023,2,143
4036946,4035882,2,22
5151495,4037021,2,120
4037023,5074000,2,143
3812964,4036993,2,91
4037038,5289103,2,91
4726734,4036993,2,91
4036987,4651133,2,20
4009616,4037003,2,71
4009616,4037004,2,8
2487,4036981,2,246
1860,4036975,2,251
1860,4036974,2,270
3731639,4036954,2,44
2364,4037037,2,636
4037018,3813502,2,71
4037025,5018485,2,84
4037018,3813503,2,82
3807608,4037019,2,139
3731632,4036963,2,11
4037000,3442432,2,108
4037042,3764662,2,20
4996968,4036978,2,19
4036959,4035898,2,105
4036958,4705656,2,90
4036959,4035897,2,104
4036958,4705657,2,29
4036943,3798457,2,59
1861,4036974,2,270
1861,4036975,2,251
4036959,4035895,2,22
3708490,4036950,2,123
3747912,4036976,2,41
4036978,3764653,2,83
4036997,5289105,2,54
4036991,3893398,2,57
3926188,4037037,2,37
3731635,4036961,2,105
3731635,4036960,2,104
5151523,4037028,2,139
4036935,5150335,2,101
2363,4037000,2,280
2363,4037001,2,288
5121385,4037005,2,32
2363,4037004,2,225
3740502,4036979,2,97
3740502,4036978,2,49
4036995,5289104,2,28
2363,4037002,2,251
2363,4037003,2,254
4037018,4473356,2,72
4037029,3813506,2,93
1721,4037038,2,285
4037029,3813507,2,70
5018389,4036982,2,97
3764785,4037037,2,70
4036958,4009050,2,122
4036958,4009051,2,49
4036872,4037041,2,21
3731642,4036953,2,81
3731644,4036949,2,82
3731635,4036958,2,22
5151525,4037026,2,120
5151525,4037022,2,110
5151525,4037023,2,94
4037049,4035888,2,74
5091887,4037024,2,12
5091887,4037025,2,12
3887810,4037007,2,32
4037028,4473285,2,139
4036960,4705576,2,104
4037041,3764663,2,21
4037005,5122004,2,32
3343775,4036981,2,246
4036947,5150536,2,114
3731647,4036948,2,46
4117658,4036938,2,137
3664992,4036961,2,129
4614716,4036935,2,21
4614716,4036936,2,21
3664992,4036960,2,119
3807604,4037023,2,94
3926191,4036998,2,48
3807604,4037021,2,0
4037040,3748045,2,45
4036936,5150335,2,101
2365,4037000,2,280
1902,4036972,2,269
2365,4037001,2,288
2365,4037002,2,251
4009622,4036999,2,48
2365,4037003,2,254
2365,4037004,2,225
1902,4036973,2,205
4036994,3813063,2,56
4036994,3813062,2,104
4036949,4035887,2,82
3764456,4037033,2,108
4036958,4009089,2,90
4036985,3764615,2,89
3893521,4037032,2,36
4035549,4036967,2,20
4036985,3764617,2,79
3749760,4036973,2,79
4036985,3764616,2,23
3747827,4036983,2,62
2475,4037008,2,270
3664992,4036959,2,64
3664992,4036958,2,49
4889457,4036936,2,49
4036978,3764608,2,99
4037041,3764814,2,21
4036978,3764607,2,83
4037037,1827,2,636
4889457,4036935,2,49
5121381,4037003,2,50
5121381,4037004,2,31
4037026,4473359,2,120
3714139,4036940,2,81
3887779,4037000,2,24
4473150,4037002,2,98
3749886,4037010,2,57
4036986,4036648,2,42
4036936,4035919,2,60
3731643,4036951,2,74
4036970,4035908,2,58
4037001,2366,2,708
4036977,4035913,2,41
3708510,4036935,2,101
4016484,4036985,2,60
3665022,4036962,2,11
3708510,4036936,2,101
4037026,4473360,2,131
3807565,4036979,2,22
4037026,4473361,2,143
4036950,5150330,2,111
3731631,4036962,2,11
3807565,4036978,2,99
4036969,4035905,2,75
5151512,4037004,2,18
5151512,4037003,2,61
4009623,4036996,2,43
3731645,4036950,2,82
4009623,4036997,2,95
4035551,4036969,2,75
4036961,4705576,2,105
3764483,4037034,2,36
4036961,4705575,2,122
2550,4036935,2,212
2337,4037025,2,225
2550,4036936,2,212
2337,4037024,2,225
2466,4037038,2,285
4726708,4036995,2,92
4036994,4045012,2,28
4726708,4036994,2,104
4036960,4705575,2,118
4037023,4473287,2,94
4037023,4473288,2,28
4473011,4037023,2,28
5121384,4037006,2,32
5018386,4036985,2,79
4473011,4037021,2,110
5018386,4036986,2,42
4036944,4035879,2,100
3687241,4036985,2,106
4036944,4035878,2,118
4473011,4037026,2,131
4036983,1761,2,214
4035552,4036968,2,75
4035562,4036979,2,22
4035562,4036978,2,99
4473150,4037037,2,37
4010679,4036974,2,90
4036957,4705573,2,30
4010679,4036975,2,81
3708465,4036936,2,101
3708465,4036935,2,101
4036985,5289160,2,86
3887776,4036999,2,48
5138184,4036996,2,60
3731641,4036952,2,81
4036939,4035877,2,81
4035063,4036985,2,91
3764758,4037002,2,60
3687427,4036987,2,20
3926192,4036999,2,48
4036982,3764647,2,97
4036987,3764644,2,20
4889460,4036937,2,75
3708540,4036950,2,123
3926197,4036993,2,90
4036985,2155,2,200
4009392,4037018,2,245
5091945,4037024,2,11
3764784,4037002,2,43
5091945,4037025,2,11
4009222,4037025,2,18
1782,4037007,2,208
3812918,4036985,2,34
4009222,4037024,2,18
3812918,4036986,2,99
1764,4037045,2,203
3807606,4037023,2,143
3807606,4037022,2,131
3807606,4037021,2,120
4473631,4037024,2,105
4473631,4037025,2,105
3807567,4037047,2,87
4036996,4045011,2,54
5091944,4037023,2,118
3731652,4036942,2,111
3765249,4036993,2,75
3731652,4036941,2,47
4037003,2366,2,254
4036936,5150391,2,11
4009240,4037024,2,84
3926389,4036986,2,71
3813115,4037002,2,43
4036936,5150390,2,101
4009240,4037025,2,84
3926389,4036985,2,78
4036986,3442416,2,55
2364,4037002,2,671
4037018,5018491,2,72
2364,4037001,2,708
2364,4037000,2,700
4036972,1900,2,269
4036986,3442415,2,55
2364,4037004,2,222
4036980,3764649,2,87
2364,4037003,2,254
4037041,3764619,2,21
4036950,5150381,2,127
4036861,4036979,2,101
4036973,1900,2,205
4036950,5150380,2,111
3813115,4037037,2,81
4889494,4036935,2,49
3687413,4037002,2,63
5151509,4037006,2,32
4889494,4036936,2,49
4037022,4473289,2,28
2482,4036988,2,201
3714140,4036937,2,137
4037022,4473287,2,110
4037294,4036997,2,54
3731636,4036961,2,122
4036861,4036978,2,70
3731636,4036960,2,118
3666725,4036979,2,97
3765206,4037040,2,45
3764758,4037037,2,81
3666725,4036978,2,49
1632,4037035,2,198
1966,4036986,2,258
4036296,4036986,2,20
1966,4036985,2,200
4211806,4036978,2,86
4211806,4036979,2,53
4036964,4035902,2,10
4037019,4473422,2,139
3687088,4036985,2,106
4472628,4037025,2,84
4009241,4037024,2,81
4009241,4037025,2,81
4472628,4037024,2,84
3731636,4036959,2,22
4036296,4036985,2,86
3747909,4036978,2,40
3764784,4037037,2,81
3807564,4036979,2,105
1646,4036996,2,238
3807564,4036978,2,83
3664428,4036947,2,114
4726928,4037045,2,97
4037003,5122008,2,68
3749944,4037015,2,54
3343775,4037046,2,270
1746,4036966,2,216
1665,4037008,2,270
1746,4036967,2,228
4037003,5122006,2,38
4036961,4035896,2,105
4036961,4035897,2,16
4036961,4035895,2,122
4036870,4036985,2,95
3708501,4036950,2,111
4036978,4035916,2,60
5018338,4036985,2,78
4037041,4770186,2,21
4726761,4037037,2,81
3926189,4037000,2,24
4036957,4035893,2,30
4010680,4036975,2,37
4036947,4035885,2,46
3764457,4037011,2,51
4037003,5121374,2,88
4037003,5121372,2,71
5454894,4036986,2,36
4726723,4037011,2,57
5454894,4036985,2,95
1964,4036986,2,258
1964,4036985,2,200
3687420,4036994,2,28
4037023,4473420,2,143
3687414,4037000,2,24
4036955,4035891,2,44
4037045,3764612,2,97
4473147,4037037,2,63
4036948,4035884,2,46
4037003,5289149,2,79
2487,4037046,2,270
3731629,4036964,2,10
4037046,1678,2,270
4037021,5073999,2,94
4037292,4037038,2,91
2424,4036967,2,228
2424,4036966,2,216
3764711,4037002,2,60
4036994,5289154,2,28
4726761,4037002,2,43
3807568,4036981,2,56
4036985,4770182,2,23
3764710,4037037,2,91
3926185,4037006,2,32
4117660,4036940,2,81
3687419,4036997,2,54
4036972,4035910,2,79
4036987,3764844,2,20
3687242,4036986,2,36
3687242,4036985,2,95
4473027,4037003,2,50
4473027,4037004,2,31
4036971,4035907,2,58
3716885,4036988,2,51
4036979,3764653,2,105
4037004,3764966,2,31
4037025,5073998,2,81
3714142,4036935,2,60
4726763,4037004,2,79
4035550,4036966,2,20
3714142,4036936,2,60
4036985,4036767,2,106
3926187,4037004,2,79
4036985,4036768,2,79
4009394,4037028,2,39
3666562,4036978,2,49
3664380,4036949,2,68
4037039,3813065,2,56
3666562,4036979,2,97
5018396,4037045,2,97
4037000,5289151,2,24
3687425,4037040,2,68
4009231,4037025,2,103
4037038,3748041,2,96
4037038,3748042,2,96
3687087,4036985,2,95
4009620,4037001,2,24
3687087,4036986,2,36
2501,4037033,2,197
4036968,4035906,2,75
3764511,4036985,2,95
3764511,4036986,2,36
4037021,5018486,2,94
4037021,5018487,2,120
4037003,3764966,2,50
4009231,4037024,2,103
2034,4037047,2,206
3664380,4036950,2,41
4016428,4036987,2,20
4036993,3813064,2,91
1677,4036981,2,246
4036996,5289153,2,54
4036976,4035914,2,41
5468178,4036970,2,58
3681864,4037024,2,87
3681864,4037025,2,87
4037021,4473420,2,120
4472871,4036978,2,69
4472871,4036979,2,52
3666620,4036978,2,70
3666620,4036979,2,101
4889493,4036936,2,49
4889493,4036935,2,49
4036935,3689919,2,107
4016480,4037042,2,20
4037045,3764657,2,97
4614626,4036935,2,21
4614626,4036936,2,21
4009255,4037025,2,18
4009255,4037024,2,18
4036979,3740294,2,61
5091943,4037023,2,121
4009395,4037028,2,40
3926186,4037004,2,44
3926186,4037003,2,38
4036935,3689920,2,42
3731650,4036943,2,28
4009618,4037002,2,63
3731650,4036942,2,100
3731650,4036941,2,118
4036979,3764607,2,105
4036982,2100,2,278
4117664,4036943,2,120
4117664,4036944,2,121
4036979,3764608,2,22
1867,4037039,2,235
4036928,4036987,2,20
3687415,4037001,2,24
3764711,4037037,2,81
4036935,4035919,2,60
4036961,4009090,2,16
4117664,4036942,2,139
4117664,4036941,2,87
4036866,4037045,2,97
4036299,4036982,2,97
3747875,4037044,2,71
3687469,4036985,2,78
4036935,5150490,2,11
4036953,4035889,2,81
1765,4037045,2,203
4439623,4036987,2,20
4037042,3764618,2,20
4036936,3689919,2,107
3664994,4036959,2,105
2050,4036982,2,278
3664994,4036958,2,122
3813112,4037003,2,79
2125,4036979,2,246
4037042,3764813,2,20
3765430,4036995,2,94
4036986,2155,2,258
2125,4036978,2,207
1166835,4036986,2,258
1166835,4036985,2,200
4037025,4473362,2,10
4037025,4473363,2,84
4036936,3689920,2,42
4036998,4045010,2,48
4036962,4009049,2,11
3807583,4036993,2,90
3731649,4036946,2,22
3926194,4036997,2,54
4996994,4036979,2,105
3749761,4036972,2,79
4036986,5289096,2,95
4996994,4036978,2,83
5151497,4037019,2,139
3664994,4036960,2,16
1901,4036972,2,269
1901,4036973,2,205
4035814,4036976,2,41
4035065,4037041,2,21
3687428,4036985,2,106
4016481,4037041,2,21
4036988,3893353,2,51
4473553,4037025,2,105
4473012,4037022,2,131
4473012,4037021,2,120
2312,4037040,2,196
3926200,4036991,2,57
4473012,4037023,2,143
3812975,4037000,2,108
4473553,4037024,2,105
4726737,4036989,2,56
4036947,5150443,2,114
4211807,4036978,2,86
4211807,4036979,2,53
3893425,4036996,2,53
4037021,4473289,2,94
3343776,4036981,2,246
4009617,4037003,2,71
4009617,4037004,2,8
4037022,5018487,2,131
4037022,5018486,2,28
3893425,4036997,2,34
2482,4037041,2,209
4035554,4036970,2,58
2099,4036982,2,278
3747913,4036977,2,41
4037022,4473420,2,131
4037021,4473288,2,110
5121382,4037003,2,50
3887780,4037002,2,60
5121382,4037004,2,31
4036956,4705574,2,30
1975,4037042,2,247
5018392,4036979,2,87
5018392,4036978,2,34
2363,4037037,2,216
3714141,4036938,2,137
3731678,4037049,2,74
4036966,4035904,2,20
4036964,4009048,2,10
2374,4037045,2,203
4037004,5289109,2,79
3812975,4037037,2,87
5018334,4037046,2,106
3887778,4037001,2,24
1731,4036999,2,232
3764510,4036985,2,106
1731,4036998,2,279
1984,4037032,2,189
3687416,4036998,2,48
1772,4036969,2,202
1772,4036968,2,221
4037006,5122005,2,32
4037005,5289148,2,32
3926184,4037005,2,32
4009619,4037000,2,24
4036983,2439,2,214
5468179,4036971,2,58
4037026,5073999,2,143
4036959,4009090,2,104
5138043,4036996,2,60
5018385,4036987,2,20
3807585,4036994,2,104
3926198,4037038,2,91
3812919,4036985,2,34
3812919,4036986,2,99
4117661,4036939,2,81
3807585,4036995,2,92
3748031,4036978,2,40
4037005,3764965,2,32
4009232,4037026,2,143
4036998,5289152,2,48
4036972,2296,2,269
4036959,4705657,2,12
4726711,4036991,2,57
4036959,4705656,2,108
4889530,4036937,2,137
3664394,4036937,2,63
3664394,4036938,2,144
1953,4036978,2,207
1953,4036979,2,246
4036959,4009089,2,108
4889461,4036938,2,144
1975,4036987,2,268
4889461,4036937,2,63
3887780,4037037,2,81
2533,4037040,2,196
4009232,4037021,2,94
4009232,4037022,2,28
4036932,4036981,2,106
4473026,4037006,2,32
4036993,3748041,2,88
4036993,3748042,2,88
4036933,4036980,2,87
4036965,4035901,2,10
4037004,5122008,2,14
4037004,5122006,2,44
4117665,4036941,2,122
4037004,5122007,2,79
4036958,4035897,2,118
4036958,4035896,2,22
4035556,4036972,2,79
4036958,4035898,2,122
4036999,5289106,2,48
4036936,5150490,2,11
4037004,2366,2,222
5018335,4037045,2,97
2297,4036972,2,269
4036978,4044988,2,70
4726709,4036993,2,90
3731633,4036960,2,16
4036936,5150489,2,101
2297,4036973,2,205
4036978,3740294,2,60
4037000,1827,2,700
4035553,4036971,2,58
3926387,4036985,2,106
4037296,4037001,2,24
3765250,4037039,2,56
4473025,4037005,2,32
4036865,4037046,2,106
3764748,4037037,2,70
3687471,4036988,2,55
3813116,4037037,2,68
3731633,4036958,2,122
3749887,4037011,2,44
3731633,4036959,2,105
4036986,3764661,2,77
4037018,4473284,2,72
3442569,4037023,2,86
3442569,4037021,2,75
3442569,4037022,2,115
3688571,4036936,2,107
3688571,4036935,2,107
4037003,1827,2,254
4035064,4036985,2,91
4473029,4037004,2,18
4036959,4009050,2,105
4473029,4037003,2,61
4036959,4009051,2,64
4037024,5073998,2,81
4036961,4705657,2,110
4037002,3764967,2,98
4037006,5121371,2,32
3764757,4037037,2,91
1891,4036964,2,193
4036871,4037042,2,20
1891,4036965,2,202
4036981,3764648,2,106
3716884,4036989,2,66
4473554,4037024,2,84
4473554,4037025,2,84
2391,4037007,2,208
4036942,4035881,2,100
4036942,4035880,2,128
4036986,2220,2,258
2334,4037039,2,235
4036958,4705576,2,22
2209,4036978,2,207
4036936,5150454,2,101
2209,4036979,2,246
4473630,4037023,2,121
4036956,4035894,2,30
4009624,4036996,2,60
4036979,4035916,2,61
4036985,2220,2,200
4037000,3764994,2,108
4037019,4473347,2,139
4036958,4705578,2,133
4036958,4705577,2,114
3887812,4037002,2,43
4117662,4036942,2,67
4037004,1827,2,222
4117662,4036944,2,118
4117662,4036943,2,137
4037002,4045008,2,98
5151508,4037005,2,32
3807602,4037028,2,139
3708456,4036950,2,111
3764747,4037002,2,43
3764448,4037036,2,99
4036935,5150454,2,101
4614756,4036935,2,21
4614756,4036936,2,21
3687411,4037004,2,61
3664991,4036958,2,90
3664991,4036959,2,108
3807584,4036995,2,51
3687411,4037003,2,27
3807584,4036994,2,56
4037024,4473290,2,10
4037042,4770185,2,20
5018330,4036979,2,87
5018395,4037046,2,106
3687421,4036995,2,28
4037024,4473291,2,84
5018330,4036978,2,34
4036987,4036821,2,20
3687417,4036999,2,48
4036986,4016325,2,63
3687418,4036996,2,54
4036935,5150489,2,101
4036963,4035899,2,11
5138185,4036997,2,95
5138185,4036996,2,43
3664390,4036935,2,9
3747825,4037044,2,93
3664390,4036936,2,9
3765249,4037038,2,103
4473010,4037021,2,94
4473010,4037022,2,28
3666673,4036978,2,49
3666673,4036979,2,97
4036942,4035878,2,67
4037028,4473357,2,139
4473010,4037026,2,143
4037037,4045006,2,63
4037037,4045008,2,37
4037022,5074000,2,131
3666672,4036978,2,70
4036864,4037047,2,87
3666672,4036979,2,101
5018394,4037047,2,87
2085,4036977,2,214
3893424,4036996,2,42
3893424,4036997,2,36
2085,4036976,2,240
4037003,4045007,2,79
4036965,4009092,2,10
1825,4037002,2,671
4036993,5289155,2,91
1825,4037003,2,254
1825,4037004,2,222
3764747,4037037,2,81
4036943,4035881,2,28
4473040,4037028,2,139
4009233,4037021,2,120
2472,4036988,2,201
4009233,4037022,2,131
4009233,4037023,2,143
4739203,4036991,2,57
4035815,4036978,2,60
5018399,4036985,2,78
4036985,4459253,2,60
4036985,4459252,2,106
4035815,4036979,2,61
4037037,2366,2,636
4037002,4472995,2,63
3926190,4037001,2,24
4037037,5289108,2,63
4036987,4770180,2,20
4009667,4037037,2,63
4037023,4473360,2,28
3731648,4036945,2,22
4036950,5150479,2,111
4036943,4035878,2,137
4036943,4035879,2,128
3887777,4036998,2,48
4036940,4035876,2,81
4036978,5018140,2,86
4037016,3811272,2,68
4036978,5018141,2,70
4036961,4009051,2,129
4036986,4036768,2,42
1824,4037037,2,216
4036985,2036,2,200
2392,4037007,2,208
3812976,4037037,2,68
5151510,4037004,2,31
4036950,5150449,2,111
4036985,4037196,2,60
4036950,4035886,2,82
4036979,4035730,2,53
4036979,4035731,2,53
2411,4036994,2,221
4036963,4009091,2,11
3812929,4036995,2,92
5151510,4037003,2,50
3812929,4036994,2,104
2411,4036995,2,197
1653,4037040,2,196
4037039,3748043,2,56
1825,4037037,2,636
1729,4037041,2,215
3442570,4037023,2,48
3442570,4037022,2,77
3442570,4037021,2,72
4035813,4036977,2,41
4036960,4705657,2,110
4009223,4037024,2,92
4009223,4037025,2,92
4036986,4770182,2,77
4035535,4036935,2,60
5657322,4036973,2,63
4035535,4036936,2,60
4036945,4035883,2,22
4036935,3798449,2,108
4687335,4037023,2,86
4035560,4036976,2,41
4687335,4037022,2,115
4687335,4037021,2,75
3747911,4037048,2,36
4036935,3798450,2,108
4037019,5018489,2,139
1733,4036994,2,221
3708466,4036936,2,11
3708466,4036935,2,11
2375,4037045,2,203
1733,4036995,2,197
3812938,4037011,2,51
1870,4037024,2,225
4036986,4037197,2,81
1870,4037025,2,225
4037037,3764967,2,37
5151526,4037022,2,57
5151526,4037021,2,105
4036985,4037198,2,106
4036985,4037197,2,16
1672,4036988,2,201
3714135,4036941,2,125
3714135,4036943,2,103
2328,4036974,2,270
3714138,4036939,2,81
2328,4036975,2,251
5151526,4037023,2,75
4036936,3798449,2,108
5151526,4037026,2,74
3714135,4036944,2,115
4016483,4036985,2,60
1166834,4036985,2,200
3807631,4036980,2,87
3749877,4037029,2,47
1166834,4036986,2,258
4473149,4037003,2,79
3926195,4036994,2,28
4036944,3798457,2,83
4036936,3798450,2,108
2153,4036980,2,283
4036960,4009051,2,119
4036960,4009050,2,16
3716938,4036991,2,57
5091946,4037025,2,81
5091946,4037024,2,81
3765429,4036995,2,45
4037023,4473359,2,94
3765429,4036994,2,54
4036952,4035890,2,81
4037004,4472993,2,61
2298,4036973,2,205
4037004,4472994,2,61
4036941,4035881,2,118
3926193,4036996,2,54
2298,4036972,2,269
3731651,4036941,2,137
4036950,5150480,2,127
4036941,4035880,2,137
3731651,4036944,2,28
3731651,4036942,2,128
3749884,4037034,2,33
4036986,3764617,2,42
4036986,3764616,2,77
3666772,4036978,2,70
3666772,4036979,2,101
4036941,4035879,2,67
4036979,5018141,2,74
4009272,4037025,2,28
4037252,4037037,2,37
4009272,4037024,2,28
4037026,4473287,2,120
4037026,4473289,2,143
4037026,4473288,2,131
3731653,4036941,2,64
4036979,5018140,2,53
3731653,4036942,2,131
2287,4036965,2,202
3708511,4036935,2,11
4037037,3764995,2,70
2287,4036964,2,193
4037037,3764994,2,87
3708511,4036936,2,11
4037041,3893354,2,21
1825,4037000,2,700
3813116,4037002,2,58
4036869,4036986,2,77
1825,4037001,2,708
4726733,4036994,2,104
4726733,4036995,2,92
3731640,4036955,2,44
3812976,4037002,2,58
4037023,4473345,2,143
4037293,4036995,2,28
4036869,4036985,2,23
