route_id,service_id,trip_id,trip_headsign,trip_short_name,direction_id,shape_id
1030315,1936843,10019368431303111,,100,0,
1030315,1936848,10019368481303111,,100,0,
1030315,2001993,10020019931303111,,100,0,
1030315,2001996,10020019961303111,,100,0,
1030315,1936843,10119368431303111,,101,0,
1030315,1936848,10119368481303111,,101,0,
1030315,2001993,10120019931303111,,101,0,
1030315,2001996,10120019961303111,,101,0,
1030315,1936843,1019368431303111,,10,0,
1030315,1936845,1019368451303111,,10,0,
1030315,1936848,1019368481303111,,10,0,
1030315,2001992,1020019921303111,,10,0,
1030315,2001993,1020019931303111,,10,0,
1030315,2001994,1020019941303111,,10,0,
1030315,2001995,1020019951303111,,10,0,
1030315,2001996,1020019961303111,,10,0,
1030315,1936843,10219368431303111,,102,0,
1030315,1936848,10219368481303111,,102,0,
1030315,2001993,10220019931303111,,102,0,
1030315,2001996,10220019961303111,,102,0,
1030315,1936843,10319368431303111,,103,0,
1030315,1936848,10319368481303111,,103,0,
1030315,2001993,10320019931303111,,103,0,
1030315,2001996,10320019961303111,,103,0,
1030315,1936843,10419368431303111,,104,0,
1030315,1936848,10419368481303111,,104,0,
1030315,2001993,10420019931303111,,104,0,
1030315,2001996,10420019961303111,,104,0,
1030315,1936843,10519368431303111,,105,0,
1030315,1936848,10519368481303111,,105,0,
1030315,2001993,10520019931303111,,105,0,
1030315,2001996,10520019961303111,,105,0,
1030315,1936843,10619368431303111,,106,0,
1030315,1936848,10619368481303111,,106,0,
1030315,2001993,10620019931303111,,106,0,
1030315,2001996,10620019961303111,,106,0,
1030315,1936843,10719368431303111,,107,0,
1030315,1936848,10719368481303111,,107,0,
1030315,2001993,10720019931303111,,107,0,
1030315,2001996,10720019961303111,,107,0,
1030315,1936843,10819368431303111,,108,0,
1030315,1936848,10819368481303111,,108,0,
1030315,2001993,10820019931303111,,108,0,
1030315,2001996,10820019961303111,,108,0,
1030315,1936843,10919368431303111,,109,0,
1030315,1936848,10919368481303111,,109,0,
1030315,2001993,10920019931303111,,109,0,
1030315,2001996,10920019961303111,,109,0,
1030315,1936843,11019368431303111,,110,0,
1030315,1936848,11019368481303111,,110,0,
1030315,2001993,11020019931303111,,110,0,
1030315,2001996,11020019961303111,,110,0,
1030315,1936843,11119368431303111,,111,0,
1030315,1936848,11119368481303111,,111,0,
1030315,2001993,11120019931303111,,111,0,
1030315,2001996,11120019961303111,,111,0,
1030315,1936843,1119368431303111,,11,0,
1030315,1936845,1119368451303111,,11,0,
1030315,1936848,1119368481303111,,11,0,
1030315,2001992,1120019921303111,,11,0,
1030315,2001993,1120019931303111,,11,0,
1030315,2001994,1120019941303111,,11,0,
1030315,2001995,1120019951303111,,11,0,
1030315,2001996,1120019961303111,,11,0,
1030315,1936843,11219368431303111,,112,0,
1030315,1936848,11219368481303111,,112,0,
1030315,2001993,11220019931303111,,112,0,
1030315,2001996,11220019961303111,,112,0,
1030315,1936843,11319368431303111,,113,0,
1030315,1936848,11319368481303111,,113,0,
1030315,2001993,11320019931303111,,113,0,
1030315,2001996,11320019961303111,,113,0,
1030315,1936843,11419368431303111,,114,0,
1030315,1936848,11419368481303111,,114,0,
1030315,2001993,11420019931303111,,114,0,
1030315,2001996,11420019961303111,,114,0,
1030315,1936843,11519368431303111,,115,0,
1030315,1936848,11519368481303111,,115,0,
1030315,2001993,11520019931303111,,115,0,
1030315,2001996,11520019961303111,,115,0,
1030315,1936843,11619368431303111,,116,0,
1030315,1936848,11619368481303111,,116,0,
1030315,2001993,11620019931303111,,116,0,
1030315,2001996,11620019961303111,,116,0,
1030315,1936843,11719368431303111,,117,0,
1030315,1936848,11719368481303111,,117,0,
1030315,2001993,11720019931303111,,117,0,
1030315,2001996,11720019961303111,,117,0,
1030315,1936843,11819368431303111,,118,0,
1030315,1936848,11819368481303111,,118,0,
1030315,2001993,11820019931303111,,118,0,
1030315,2001996,11820019961303111,,118,0,
1030315,1936843,11919368431303111,,119,0,
1030315,1936848,11919368481303111,,119,0,
1030315,2001993,11920019931303111,,119,0,
1030315,2001996,11920019961303111,,119,0,
1030315,1936843,119368431303111,,1,0,
1030315,1936845,119368451303111,,1,0,
1030315,1936848,119368481303111,,1,0,
1030315,2001992,120019921303111,,1,0,
1030315,2001993,120019931303111,,1,0,
1030315,2001994,120019941303111,,1,0,
1030315,2001995,120019951303111,,1,0,
1030315,2001996,120019961303111,,1,0,
1030315,1936843,12019368431303111,,120,0,
1030315,1936848,12019368481303111,,120,0,
1030315,2001993,12020019931303111,,120,0,
1030315,2001996,12020019961303111,,120,0,
1030315,1936843,12119368431303111,,121,0,
1030315,1936848,12119368481303111,,121,0,
1030315,2001993,12120019931303111,,121,0,
1030315,2001996,12120019961303111,,121,0,
1030315,1936843,1219368431303111,,12,0,
1030315,1936845,1219368451303111,,12,0,
1030315,1936848,1219368481303111,,12,0,
1030315,2001992,1220019921303111,,12,0,
1030315,2001993,1220019931303111,,12,0,
1030315,2001994,1220019941303111,,12,0,
1030315,2001995,1220019951303111,,12,0,
1030315,2001996,1220019961303111,,12,0,
1030315,1936843,12219368431303111,,122,0,
1030315,1936848,12219368481303111,,122,0,
1030315,2001993,12220019931303111,,122,0,
1030315,2001996,12220019961303111,,122,0,
1030315,1936843,12319368431303111,,123,0,
1030315,1936848,12319368481303111,,123,0,
1030315,2001993,12320019931303111,,123,0,
1030315,2001996,12320019961303111,,123,0,
1030315,1936843,12419368431303111,,124,0,
1030315,1936848,12419368481303111,,124,0,
1030315,2001993,12420019931303111,,124,0,
1030315,2001996,12420019961303111,,124,0,
1030315,1936843,12519368431303111,,125,0,
1030315,1936848,12519368481303111,,125,0,
1030315,2001993,12520019931303111,,125,0,
1030315,2001996,12520019961303111,,125,0,
1030315,1936843,12619368431303111,,126,0,
1030315,1936848,12619368481303111,,126,0,
1030315,2001993,12620019931303111,,126,0,
1030315,2001996,12620019961303111,,126,0,
1030315,1936843,12719368431303111,,127,0,
1030315,1936848,12719368481303111,,127,0,
1030315,2001993,12720019931303111,,127,0,
1030315,2001996,12720019961303111,,127,0,
1030315,1936843,12819368431303111,,128,0,
1030315,1936848,12819368481303111,,128,0,
1030315,2001993,12820019931303111,,128,0,
1030315,2001996,12820019961303111,,128,0,
1030315,1936843,12919368431303111,,129,0,
1030315,1936848,12919368481303111,,129,0,
1030315,2001993,12920019931303111,,129,0,
1030315,2001996,12920019961303111,,129,0,
1030315,1936843,13019368431303111,,130,0,
1030315,1936848,13019368481303111,,130,0,
1030315,2001993,13020019931303111,,130,0,
1030315,2001996,13020019961303111,,130,0,
1030315,1936843,13119368431303111,,131,0,
1030315,1936848,13119368481303111,,131,0,
1030315,2001993,13120019931303111,,131,0,
1030315,2001996,13120019961303111,,131,0,
1030315,1936843,1319368431303111,,13,0,
1030315,1936845,1319368451303111,,13,0,
1030315,1936848,1319368481303111,,13,0,
1030315,2001992,1320019921303111,,13,0,
1030315,2001993,1320019931303111,,13,0,
1030315,2001994,1320019941303111,,13,0,
1030315,2001995,1320019951303111,,13,0,
1030315,2001996,1320019961303111,,13,0,
1030315,1936843,13219368431303111,,132,0,
1030315,1936848,13219368481303111,,132,0,
1030315,2001993,13220019931303111,,132,0,
1030315,2001996,13220019961303111,,132,0,
1030315,1936843,13319368431303111,,133,0,
1030315,1936848,13319368481303111,,133,0,
1030315,2001993,13320019931303111,,133,0,
1030315,2001996,13320019961303111,,133,0,
1030315,1936843,13419368431303111,,134,0,
1030315,1936848,13419368481303111,,134,0,
1030315,2001993,13420019931303111,,134,0,
1030315,2001996,13420019961303111,,134,0,
1030315,1936843,13519368431303111,,135,0,
1030315,1936848,13519368481303111,,135,0,
1030315,2001993,13520019931303111,,135,0,
1030315,2001996,13520019961303111,,135,0,
1030315,1936843,13619368431303111,,136,0,
1030315,1936848,13619368481303111,,136,0,
1030315,2001993,13620019931303111,,136,0,
1030315,2001996,13620019961303111,,136,0,
1030315,1936843,13719368431303111,,137,0,
1030315,1936848,13719368481303111,,137,0,
1030315,2001993,13720019931303111,,137,0,
1030315,2001996,13720019961303111,,137,0,
1030315,1936843,13819368431303111,,138,0,
1030315,1936848,13819368481303111,,138,0,
1030315,2001993,13820019931303111,,138,0,
1030315,2001996,13820019961303111,,138,0,
1030315,1936843,13919368431303111,,139,0,
1030315,1936848,13919368481303111,,139,0,
1030315,2001993,13920019931303111,,139,0,
1030315,2001996,13920019961303111,,139,0,
1030315,1936843,14019368431303111,,140,0,
1030315,1936848,14019368481303111,,140,0,
1030315,2001993,14020019931303111,,140,0,
1030315,2001996,14020019961303111,,140,0,
1030315,1936843,14119368431303111,,141,0,
1030315,1936848,14119368481303111,,141,0,
1030315,2001993,14120019931303111,,141,0,
1030315,2001996,14120019961303111,,141,0,
1030315,1936843,1419368431303111,,14,0,
1030315,1936845,1419368451303111,,14,0,
1030315,1936848,1419368481303111,,14,0,
1030315,2001992,1420019921303111,,14,0,
1030315,2001993,1420019931303111,,14,0,
1030315,2001994,1420019941303111,,14,0,
1030315,2001995,1420019951303111,,14,0,
1030315,2001996,1420019961303111,,14,0,
1030315,1936843,14219368431303111,,142,0,
1030315,1936848,14219368481303111,,142,0,
1030315,2001993,14220019931303111,,142,0,
1030315,2001996,14220019961303111,,142,0,
1030315,1936843,14319368431303111,,143,0,
1030315,1936848,14319368481303111,,143,0,
1030315,2001993,14320019931303111,,143,0,
1030315,2001996,14320019961303111,,143,0,
1030315,1936843,14419368431303111,,144,0,
1030315,1936848,14419368481303111,,144,0,
1030315,2001993,14420019931303111,,144,0,
1030315,2001996,14420019961303111,,144,0,
1030315,1936843,14519368431303111,,145,0,
1030315,1936848,14519368481303111,,145,0,
1030315,2001993,14520019931303111,,145,0,
1030315,2001996,14520019961303111,,145,0,
1030315,1936843,14619368431303111,,146,0,
1030315,1936848,14619368481303111,,146,0,
1030315,2001993,14620019931303111,,146,0,
1030315,2001996,14620019961303111,,146,0,
1030315,11936843,14719368431303111,,147,0,
1030315,11936848,14719368481303111,,147,0,
1030315,2001993,14720019931303111,,147,0,
1030315,2001996,14720019961303111,,147,0,
1030315,11936843,14819368431303111,,148,0,
1030315,11936848,14819368481303111,,148,0,
1030315,2001993,14820019931303111,,148,0,
1030315,2001996,14820019961303111,,148,0,
1030315,11936848,14919368481303111,,149,0,
1030315,2001993,14920019931303111,,149,0,
1030315,2001996,14920019961303111,,149,0,
1030315,11936848,15019368481303111,,150,0,
1030315,2001993,15020019931303111,,150,0,
1030315,2001996,15020019961303111,,150,0,
1030315,2001993,15120019931303111,,151,0,
1030315,2001996,15120019961303111,,151,0,
1030315,1936843,1519368431303111,,15,0,
1030315,1936845,1519368451303111,,15,0,
1030315,1936848,1519368481303111,,15,0,
1030315,2001992,1520019921303111,,15,0,
1030315,2001993,1520019931303111,,15,0,
1030315,2001994,1520019941303111,,15,0,
1030315,2001995,1520019951303111,,15,0,
1030315,2001996,1520019961303111,,15,0,
1030315,2001993,15220019931303111,,152,0,
1030315,2001996,15220019961303111,,152,0,
1030315,2001993,15320019931303111,,153,0,
1030315,2001996,15320019961303111,,153,0,
1030315,2001993,15420019931303111,,154,0,
1030315,2001996,15420019961303111,,154,0,
1030315,2001993,15520019931303111,,155,0,
1030315,2001996,15520019961303111,,155,0,
1030315,2001993,15620019931303111,,156,0,
1030315,2001996,15620019961303111,,156,0,
1030315,2001993,15720019931303111,,157,0,
1030315,2001996,15720019961303111,,157,0,
1030315,2001993,15820019931303111,,158,0,
1030315,2001996,15820019961303111,,158,0,
1030315,2001993,15920019931303111,,159,0,
1030315,2001996,15920019961303111,,159,0,
1030315,2001993,16020019931303111,,160,0,
1030315,2001996,16020019961303111,,160,0,
1030315,12001993,16120019931303111,,161,0,
1030315,12001996,16120019961303111,,161,0,
1030315,1936843,1619368431303111,,16,0,
1030315,1936845,1619368451303111,,16,0,
1030315,1936848,1619368481303111,,16,0,
1030315,2001992,1620019921303111,,16,0,
1030315,2001993,1620019931303111,,16,0,
1030315,2001994,1620019941303111,,16,0,
1030315,2001995,1620019951303111,,16,0,
1030315,2001996,1620019961303111,,16,0,
1030315,12001993,16220019931303111,,162,0,
1030315,12001996,16220019961303111,,162,0,
1030315,12001996,16320019961303111,,163,0,
1030315,12001996,16420019961303111,,164,0,
1030315,1936843,1719368431303111,,17,0,
1030315,1936845,1719368451303111,,17,0,
1030315,1936848,1719368481303111,,17,0,
1030315,2001992,1720019921303111,,17,0,
1030315,2001993,1720019931303111,,17,0,
1030315,2001994,1720019941303111,,17,0,
1030315,2001995,1720019951303111,,17,0,
1030315,2001996,1720019961303111,,17,0,
1030315,1936843,1819368431303111,,18,0,
1030315,1936845,1819368451303111,,18,0,
1030315,1936848,1819368481303111,,18,0,
1030315,2001992,1820019921303111,,18,0,
1030315,2001993,1820019931303111,,18,0,
1030315,2001994,1820019941303111,,18,0,
1030315,2001995,1820019951303111,,18,0,
1030315,2001996,1820019961303111,,18,0,
1030315,1936843,1919368431303111,,19,0,
1030315,1936845,1919368451303111,,19,0,
1030315,1936848,1919368481303111,,19,0,
1030315,2001992,1920019921303111,,19,0,
1030315,2001993,1920019931303111,,19,0,
1030315,2001994,1920019941303111,,19,0,
1030315,2001995,1920019951303111,,19,0,
1030315,2001996,1920019961303111,,19,0,
1030315,1936843,2019368431303111,,20,0,
1030315,1936845,2019368451303111,,20,0,
1030315,1936848,2019368481303111,,20,0,
1030315,2001992,2020019921303111,,20,0,
1030315,2001993,2020019931303111,,20,0,
1030315,2001994,2020019941303111,,20,0,
1030315,2001995,2020019951303111,,20,0,
1030315,2001996,2020019961303111,,20,0,
1030315,1936843,2119368431303111,,21,0,
1030315,1936845,2119368451303111,,21,0,
1030315,1936848,2119368481303111,,21,0,
1030315,2001992,2120019921303111,,21,0,
1030315,2001993,2120019931303111,,21,0,
1030315,2001994,2120019941303111,,21,0,
1030315,2001995,2120019951303111,,21,0,
1030315,2001996,2120019961303111,,21,0,
1030315,1936843,219368431303111,,2,0,
1030315,1936845,219368451303111,,2,0,
1030315,1936848,219368481303111,,2,0,
1030315,2001992,220019921303111,,2,0,
1030315,2001993,220019931303111,,2,0,
1030315,2001994,220019941303111,,2,0,
1030315,2001995,220019951303111,,2,0,
1030315,2001996,220019961303111,,2,0,
1030315,1936843,2219368431303111,,22,0,
1030315,1936845,2219368451303111,,22,0,
1030315,1936848,2219368481303111,,22,0,
1030315,2001992,2220019921303111,,22,0,
1030315,2001993,2220019931303111,,22,0,
1030315,2001994,2220019941303111,,22,0,
1030315,2001995,2220019951303111,,22,0,
1030315,2001996,2220019961303111,,22,0,
1030315,1936843,2319368431303111,,23,0,
1030315,1936845,2319368451303111,,23,0,
1030315,1936848,2319368481303111,,23,0,
1030315,2001992,2320019921303111,,23,0,
1030315,2001993,2320019931303111,,23,0,
1030315,2001994,2320019941303111,,23,0,
1030315,2001995,2320019951303111,,23,0,
1030315,2001996,2320019961303111,,23,0,
1030315,1936843,2419368431303111,,24,0,
1030315,1936845,2419368451303111,,24,0,
1030315,1936848,2419368481303111,,24,0,
1030315,2001992,2420019921303111,,24,0,
1030315,2001993,2420019931303111,,24,0,
1030315,2001994,2420019941303111,,24,0,
1030315,2001995,2420019951303111,,24,0,
1030315,2001996,2420019961303111,,24,0,
1030315,1936843,2519368431303111,,25,0,
1030315,1936845,2519368451303111,,25,0,
1030315,1936848,2519368481303111,,25,0,
1030315,2001992,2520019921303111,,25,0,
1030315,2001993,2520019931303111,,25,0,
1030315,2001994,2520019941303111,,25,0,
1030315,2001995,2520019951303111,,25,0,
1030315,2001996,2520019961303111,,25,0,
1030315,1936843,2619368431303111,,26,0,
1030315,1936845,2619368451303111,,26,0,
1030315,1936848,2619368481303111,,26,0,
1030315,2001992,2620019921303111,,26,0,
1030315,2001993,2620019931303111,,26,0,
1030315,2001994,2620019941303111,,26,0,
1030315,2001995,2620019951303111,,26,0,
1030315,2001996,2620019961303111,,26,0,
1030315,1936843,2719368431303111,,27,0,
1030315,1936845,2719368451303111,,27,0,
1030315,1936848,2719368481303111,,27,0,
1030315,2001992,2720019921303111,,27,0,
1030315,2001993,2720019931303111,,27,0,
1030315,2001994,2720019941303111,,27,0,
1030315,2001995,2720019951303111,,27,0,
1030315,2001996,2720019961303111,,27,0,
1030315,1936843,2819368431303111,,28,0,
1030315,1936845,2819368451303111,,28,0,
1030315,1936848,2819368481303111,,28,0,
1030315,2001992,2820019921303111,,28,0,
1030315,2001993,2820019931303111,,28,0,
1030315,2001994,2820019941303111,,28,0,
1030315,2001995,2820019951303111,,28,0,
1030315,2001996,2820019961303111,,28,0,
1030315,1936843,2919368431303111,,29,0,
1030315,1936845,2919368451303111,,29,0,
1030315,1936848,2919368481303111,,29,0,
1030315,2001992,2920019921303111,,29,0,
1030315,2001993,2920019931303111,,29,0,
1030315,2001994,2920019941303111,,29,0,
1030315,2001995,2920019951303111,,29,0,
1030315,2001996,2920019961303111,,29,0,
1030315,1936843,3019368431303111,,30,0,
1030315,1936845,3019368451303111,,30,0,
1030315,1936848,3019368481303111,,30,0,
1030315,2001992,3020019921303111,,30,0,
1030315,2001993,3020019931303111,,30,0,
1030315,2001994,3020019941303111,,30,0,
1030315,2001995,3020019951303111,,30,0,
1030315,2001996,3020019961303111,,30,0,
1030315,1936843,3119368431303111,,31,0,
1030315,1936845,3119368451303111,,31,0,
1030315,1936848,3119368481303111,,31,0,
1030315,2001992,3120019921303111,,31,0,
1030315,2001993,3120019931303111,,31,0,
1030315,2001994,3120019941303111,,31,0,
1030315,2001995,3120019951303111,,31,0,
1030315,2001996,3120019961303111,,31,0,
1030315,1936843,319368431303111,,3,0,
1030315,1936845,319368451303111,,3,0,
1030315,1936848,319368481303111,,3,0,
1030315,2001992,320019921303111,,3,0,
1030315,2001993,320019931303111,,3,0,
1030315,2001994,320019941303111,,3,0,
1030315,2001995,320019951303111,,3,0,
1030315,2001996,320019961303111,,3,0,
1030315,1936843,3219368431303111,,32,0,
1030315,1936845,3219368451303111,,32,0,
1030315,1936848,3219368481303111,,32,0,
1030315,2001992,3220019921303111,,32,0,
1030315,2001993,3220019931303111,,32,0,
1030315,2001994,3220019941303111,,32,0,
1030315,2001995,3220019951303111,,32,0,
1030315,2001996,3220019961303111,,32,0,
1030315,1936843,3319368431303111,,33,0,
1030315,1936845,3319368451303111,,33,0,
1030315,1936848,3319368481303111,,33,0,
1030315,2001992,3320019921303111,,33,0,
1030315,2001993,3320019931303111,,33,0,
1030315,2001994,3320019941303111,,33,0,
1030315,2001995,3320019951303111,,33,0,
1030315,2001996,3320019961303111,,33,0,
1030315,1936843,3419368431303111,,34,0,
1030315,1936845,3419368451303111,,34,0,
1030315,1936848,3419368481303111,,34,0,
1030315,2001992,3420019921303111,,34,0,
1030315,2001993,3420019931303111,,34,0,
1030315,2001994,3420019941303111,,34,0,
1030315,2001995,3420019951303111,,34,0,
1030315,2001996,3420019961303111,,34,0,
1030315,1936843,3519368431303111,,35,0,
1030315,1936845,3519368451303111,,35,0,
1030315,1936848,3519368481303111,,35,0,
1030315,2001992,3520019921303111,,35,0,
1030315,2001993,3520019931303111,,35,0,
1030315,2001994,3520019941303111,,35,0,
1030315,2001995,3520019951303111,,35,0,
1030315,2001996,3520019961303111,,35,0,
1030315,1936843,3619368431303111,,36,0,
1030315,1936845,3619368451303111,,36,0,
1030315,1936848,3619368481303111,,36,0,
1030315,2001992,3620019921303111,,36,0,
1030315,2001993,3620019931303111,,36,0,
1030315,2001994,3620019941303111,,36,0,
1030315,2001995,3620019951303111,,36,0,
1030315,2001996,3620019961303111,,36,0,
1030315,1936843,3719368431303111,,37,0,
1030315,1936845,3719368451303111,,37,0,
1030315,1936848,3719368481303111,,37,0,
1030315,2001992,3720019921303111,,37,0,
1030315,2001993,3720019931303111,,37,0,
1030315,2001994,3720019941303111,,37,0,
1030315,2001995,3720019951303111,,37,0,
1030315,2001996,3720019961303111,,37,0,
1030315,1936843,3819368431303111,,38,0,
1030315,1936845,3819368451303111,,38,0,
1030315,1936848,3819368481303111,,38,0,
1030315,2001992,3820019921303111,,38,0,
1030315,2001993,3820019931303111,,38,0,
1030315,2001994,3820019941303111,,38,0,
1030315,2001995,3820019951303111,,38,0,
1030315,2001996,3820019961303111,,38,0,
1030315,1936843,3919368431303111,,39,0,
1030315,1936845,3919368451303111,,39,0,
1030315,1936848,3919368481303111,,39,0,
1030315,2001992,3920019921303111,,39,0,
1030315,2001993,3920019931303111,,39,0,
1030315,2001994,3920019941303111,,39,0,
1030315,2001995,3920019951303111,,39,0,
1030315,2001996,3920019961303111,,39,0,
1030315,1936843,4019368431303111,,40,0,
1030315,1936845,4019368451303111,,40,0,
1030315,1936848,4019368481303111,,40,0,
1030315,2001992,4020019921303111,,40,0,
1030315,2001993,4020019931303111,,40,0,
1030315,2001994,4020019941303111,,40,0,
1030315,2001995,4020019951303111,,40,0,
1030315,2001996,4020019961303111,,40,0,
1030315,1936843,4119368431303111,,41,0,
1030315,1936845,4119368451303111,,41,0,
1030315,1936848,4119368481303111,,41,0,
1030315,2001992,4120019921303111,,41,0,
1030315,2001993,4120019931303111,,41,0,
1030315,2001994,4120019941303111,,41,0,
1030315,2001995,4120019951303111,,41,0,
1030315,2001996,4120019961303111,,41,0,
1030315,1936843,419368431303111,,4,0,
1030315,1936845,419368451303111,,4,0,
1030315,1936848,419368481303111,,4,0,
1030315,2001992,420019921303111,,4,0,
1030315,2001993,420019931303111,,4,0,
1030315,2001994,420019941303111,,4,0,
1030315,2001995,420019951303111,,4,0,
1030315,2001996,420019961303111,,4,0,
1030315,1936843,4219368431303111,,42,0,
1030315,1936845,4219368451303111,,42,0,
1030315,1936848,4219368481303111,,42,0,
1030315,2001992,4220019921303111,,42,0,
1030315,2001993,4220019931303111,,42,0,
1030315,2001994,4220019941303111,,42,0,
1030315,2001995,4220019951303111,,42,0,
1030315,2001996,4220019961303111,,42,0,
1030315,1936843,4319368431303111,,43,0,
1030315,1936845,4319368451303111,,43,0,
1030315,1936848,4319368481303111,,43,0,
1030315,2001992,4320019921303111,,43,0,
1030315,2001993,4320019931303111,,43,0,
1030315,2001994,4320019941303111,,43,0,
1030315,2001995,4320019951303111,,43,0,
1030315,2001996,4320019961303111,,43,0,
1030315,1936843,4419368431303111,,44,0,
1030315,1936845,4419368451303111,,44,0,
1030315,1936848,4419368481303111,,44,0,
1030315,2001992,4420019921303111,,44,0,
1030315,2001993,4420019931303111,,44,0,
1030315,2001994,4420019941303111,,44,0,
1030315,2001995,4420019951303111,,44,0,
1030315,2001996,4420019961303111,,44,0,
1030315,1936843,4519368431303111,,45,0,
1030315,1936845,4519368451303111,,45,0,
1030315,1936848,4519368481303111,,45,0,
1030315,2001992,4520019921303111,,45,0,
1030315,2001993,4520019931303111,,45,0,
1030315,2001994,4520019941303111,,45,0,
1030315,2001995,4520019951303111,,45,0,
1030315,2001996,4520019961303111,,45,0,
1030315,1936843,4619368431303111,,46,0,
1030315,1936845,4619368451303111,,46,0,
1030315,1936848,4619368481303111,,46,0,
1030315,2001992,4620019921303111,,46,0,
1030315,2001993,4620019931303111,,46,0,
1030315,2001994,4620019941303111,,46,0,
1030315,12001995,4620019951303111,,46,0,
1030315,2001996,4620019961303111,,46,0,
1030315,1936843,4719368431303111,,47,0,
1030315,1936845,4719368451303111,,47,0,
1030315,1936848,4719368481303111,,47,0,
1030315,2001992,4720019921303111,,47,0,
1030315,2001993,4720019931303111,,47,0,
1030315,2001994,4720019941303111,,47,0,
1030315,12001995,4720019951303111,,47,0,
1030315,2001996,4720019961303111,,47,0,
1030315,1936843,4819368431303111,,48,0,
1030315,1936845,4819368451303111,,48,0,
1030315,1936848,4819368481303111,,48,0,
1030315,2001992,4820019921303111,,48,0,
1030315,2001993,4820019931303111,,48,0,
1030315,2001994,4820019941303111,,48,0,
1030315,12001995,4820019951303111,,48,0,
1030315,2001996,4820019961303111,,48,0,
1030315,1936843,4919368431303111,,49,0,
1030315,1936845,4919368451303111,,49,0,
1030315,1936848,4919368481303111,,49,0,
1030315,2001992,4920019921303111,,49,0,
1030315,2001993,4920019931303111,,49,0,
1030315,2001994,4920019941303111,,49,0,
1030315,12001995,4920019951303111,,49,0,
1030315,2001996,4920019961303111,,49,0,
1030315,1936843,5019368431303111,,50,0,
1030315,1936845,5019368451303111,,50,0,
1030315,1936848,5019368481303111,,50,0,
1030315,2001992,5020019921303111,,50,0,
1030315,2001993,5020019931303111,,50,0,
1030315,2001994,5020019941303111,,50,0,
1030315,2001996,5020019961303111,,50,0,
1030315,1936843,5119368431303111,,51,0,
1030315,1936845,5119368451303111,,51,0,
1030315,1936848,5119368481303111,,51,0,
1030315,2001992,5120019921303111,,51,0,
1030315,2001993,5120019931303111,,51,0,
1030315,2001994,5120019941303111,,51,0,
1030315,2001996,5120019961303111,,51,0,
1030315,1936843,519368431303111,,5,0,
1030315,1936845,519368451303111,,5,0,
1030315,1936848,519368481303111,,5,0,
1030315,2001992,520019921303111,,5,0,
1030315,2001993,520019931303111,,5,0,
1030315,2001994,520019941303111,,5,0,
1030315,2001995,520019951303111,,5,0,
1030315,2001996,520019961303111,,5,0,
1030315,1936843,5219368431303111,,52,0,
1030315,1936845,5219368451303111,,52,0,
1030315,1936848,5219368481303111,,52,0,
1030315,2001992,5220019921303111,,52,0,
1030315,2001993,5220019931303111,,52,0,
1030315,2001994,5220019941303111,,52,0,
1030315,2001996,5220019961303111,,52,0,
1030315,1936843,5319368431303111,,53,0,
1030315,1936845,5319368451303111,,53,0,
1030315,1936848,5319368481303111,,53,0,
1030315,2001992,5320019921303111,,53,0,
1030315,2001993,5320019931303111,,53,0,
1030315,2001994,5320019941303111,,53,0,
1030315,2001996,5320019961303111,,53,0,
1030315,1936843,5419368431303111,,54,0,
1030315,1936845,5419368451303111,,54,0,
1030315,1936848,5419368481303111,,54,0,
1030315,2001992,5420019921303111,,54,0,
1030315,2001993,5420019931303111,,54,0,
1030315,2001994,5420019941303111,,54,0,
1030315,2001996,5420019961303111,,54,0,
1030315,1936843,5519368431303111,,55,0,
1030315,1936845,5519368451303111,,55,0,
1030315,1936848,5519368481303111,,55,0,
1030315,2001992,5520019921303111,,55,0,
1030315,2001993,5520019931303111,,55,0,
1030315,2001994,5520019941303111,,55,0,
1030315,2001996,5520019961303111,,55,0,
1030315,1936843,5619368431303111,,56,0,
1030315,1936845,5619368451303111,,56,0,
1030315,1936848,5619368481303111,,56,0,
1030315,2001992,5620019921303111,,56,0,
1030315,2001993,5620019931303111,,56,0,
1030315,2001994,5620019941303111,,56,0,
1030315,2001996,5620019961303111,,56,0,
1030315,1936843,5719368431303111,,57,0,
1030315,1936845,5719368451303111,,57,0,
1030315,1936848,5719368481303111,,57,0,
1030315,2001992,5720019921303111,,57,0,
1030315,2001993,5720019931303111,,57,0,
1030315,2001994,5720019941303111,,57,0,
1030315,2001996,5720019961303111,,57,0,
1030315,1936843,5819368431303111,,58,0,
1030315,1936845,5819368451303111,,58,0,
1030315,1936848,5819368481303111,,58,0,
1030315,2001992,5820019921303111,,58,0,
1030315,2001993,5820019931303111,,58,0,
1030315,2001994,5820019941303111,,58,0,
1030315,2001996,5820019961303111,,58,0,
1030315,1936843,5919368431303111,,59,0,
1030315,1936845,5919368451303111,,59,0,
1030315,1936848,5919368481303111,,59,0,
1030315,2001992,5920019921303111,,59,0,
1030315,2001993,5920019931303111,,59,0,
1030315,2001994,5920019941303111,,59,0,
1030315,2001996,5920019961303111,,59,0,
1030315,1936843,6019368431303111,,60,0,
1030315,1936845,6019368451303111,,60,0,
1030315,1936848,6019368481303111,,60,0,
1030315,2001992,6020019921303111,,60,0,
1030315,2001993,6020019931303111,,60,0,
1030315,2001994,6020019941303111,,60,0,
1030315,2001996,6020019961303111,,60,0,
1030315,1936843,6119368431303111,,61,0,
1030315,1936845,6119368451303111,,61,0,
1030315,1936848,6119368481303111,,61,0,
1030315,2001992,6120019921303111,,61,0,
1030315,2001993,6120019931303111,,61,0,
1030315,2001994,6120019941303111,,61,0,
1030315,2001996,6120019961303111,,61,0,
1030315,1936843,619368431303111,,6,0,
1030315,1936845,619368451303111,,6,0,
1030315,1936848,619368481303111,,6,0,
1030315,2001992,620019921303111,,6,0,
1030315,2001993,620019931303111,,6,0,
1030315,2001994,620019941303111,,6,0,
1030315,2001995,620019951303111,,6,0,
1030315,2001996,620019961303111,,6,0,
1030315,1936843,6219368431303111,,62,0,
1030315,1936845,6219368451303111,,62,0,
1030315,1936848,6219368481303111,,62,0,
1030315,2001992,6220019921303111,,62,0,
1030315,2001993,6220019931303111,,62,0,
1030315,2001994,6220019941303111,,62,0,
1030315,2001996,6220019961303111,,62,0,
1030315,1936843,6319368431303111,,63,0,
1030315,1936845,6319368451303111,,63,0,
1030315,1936848,6319368481303111,,63,0,
1030315,2001992,6320019921303111,,63,0,
1030315,2001993,6320019931303111,,63,0,
1030315,2001994,6320019941303111,,63,0,
1030315,2001996,6320019961303111,,63,0,
1030315,1936843,6419368431303111,,64,0,
1030315,1936845,6419368451303111,,64,0,
1030315,1936848,6419368481303111,,64,0,
1030315,2001992,6420019921303111,,64,0,
1030315,2001993,6420019931303111,,64,0,
1030315,2001994,6420019941303111,,64,0,
1030315,2001996,6420019961303111,,64,0,
1030315,1936843,6519368431303111,,65,0,
1030315,1936845,6519368451303111,,65,0,
1030315,1936848,6519368481303111,,65,0,
1030315,2001992,6520019921303111,,65,0,
1030315,2001993,6520019931303111,,65,0,
1030315,2001994,6520019941303111,,65,0,
1030315,2001996,6520019961303111,,65,0,
1030315,1936843,6619368431303111,,66,0,
1030315,1936845,6619368451303111,,66,0,
1030315,1936848,6619368481303111,,66,0,
1030315,2001992,6620019921303111,,66,0,
1030315,2001993,6620019931303111,,66,0,
1030315,2001994,6620019941303111,,66,0,
1030315,2001996,6620019961303111,,66,0,
1030315,1936843,6719368431303111,,67,0,
1030315,11936845,6719368451303111,,67,0,
1030315,1936848,6719368481303111,,67,0,
1030315,2001992,6720019921303111,,67,0,
1030315,2001993,6720019931303111,,67,0,
1030315,2001994,6720019941303111,,67,0,
1030315,2001996,6720019961303111,,67,0,
1030315,1936843,6819368431303111,,68,0,
1030315,11936845,6819368451303111,,68,0,
1030315,1936848,6819368481303111,,68,0,
1030315,2001992,6820019921303111,,68,0,
1030315,2001993,6820019931303111,,68,0,
1030315,2001994,6820019941303111,,68,0,
1030315,2001996,6820019961303111,,68,0,
1030315,1936843,6919368431303111,,69,0,
1030315,1936848,6919368481303111,,69,0,
1030315,2001992,6920019921303111,,69,0,
1030315,2001993,6920019931303111,,69,0,
1030315,2001994,6920019941303111,,69,0,
1030315,2001996,6920019961303111,,69,0,
1030315,1936843,7019368431303111,,70,0,
1030315,1936848,7019368481303111,,70,0,
1030315,2001992,7020019921303111,,70,0,
1030315,2001993,7020019931303111,,70,0,
1030315,12001994,7020019941303111,,70,0,
1030315,2001996,7020019961303111,,70,0,
1030315,1936843,7119368431303111,,71,0,
1030315,1936848,7119368481303111,,71,0,
1030315,12001992,7120019921303111,,71,0,
1030315,2001993,7120019931303111,,71,0,
1030315,12001994,7120019941303111,,71,0,
1030315,2001996,7120019961303111,,71,0,
1030315,1936843,719368431303111,,7,0,
1030315,1936845,719368451303111,,7,0,
1030315,1936848,719368481303111,,7,0,
1030315,2001992,720019921303111,,7,0,
1030315,2001993,720019931303111,,7,0,
1030315,2001994,720019941303111,,7,0,
1030315,2001995,720019951303111,,7,0,
1030315,2001996,720019961303111,,7,0,
1030315,1936843,7219368431303111,,72,0,
1030315,1936848,7219368481303111,,72,0,
1030315,12001992,7220019921303111,,72,0,
1030315,2001993,7220019931303111,,72,0,
1030315,2001996,7220019961303111,,72,0,
1030315,1936843,7319368431303111,,73,0,
1030315,1936848,7319368481303111,,73,0,
1030315,2001993,7320019931303111,,73,0,
1030315,2001996,7320019961303111,,73,0,
1030315,1936843,7419368431303111,,74,0,
1030315,1936848,7419368481303111,,74,0,
1030315,2001993,7420019931303111,,74,0,
1030315,2001996,7420019961303111,,74,0,
1030315,1936843,7519368431303111,,75,0,
1030315,1936848,7519368481303111,,75,0,
1030315,2001993,7520019931303111,,75,0,
1030315,2001996,7520019961303111,,75,0,
1030315,1936843,7619368431303111,,76,0,
1030315,1936848,7619368481303111,,76,0,
1030315,2001993,7620019931303111,,76,0,
1030315,2001996,7620019961303111,,76,0,
1030315,1936843,7719368431303111,,77,0,
1030315,1936848,7719368481303111,,77,0,
1030315,2001993,7720019931303111,,77,0,
1030315,2001996,7720019961303111,,77,0,
1030315,1936843,7819368431303111,,78,0,
1030315,1936848,7819368481303111,,78,0,
1030315,2001993,7820019931303111,,78,0,
1030315,2001996,7820019961303111,,78,0,
1030315,1936843,7919368431303111,,79,0,
1030315,1936848,7919368481303111,,79,0,
1030315,2001993,7920019931303111,,79,0,
1030315,2001996,7920019961303111,,79,0,
1030315,1936843,8019368431303111,,80,0,
1030315,1936848,8019368481303111,,80,0,
1030315,2001993,8020019931303111,,80,0,
1030315,2001996,8020019961303111,,80,0,
1030315,1936843,8119368431303111,,81,0,
1030315,1936848,8119368481303111,,81,0,
1030315,2001993,8120019931303111,,81,0,
1030315,2001996,8120019961303111,,81,0,
1030315,1936843,819368431303111,,8,0,
1030315,1936845,819368451303111,,8,0,
1030315,1936848,819368481303111,,8,0,
1030315,2001992,820019921303111,,8,0,
1030315,2001993,820019931303111,,8,0,
1030315,2001994,820019941303111,,8,0,
1030315,2001995,820019951303111,,8,0,
1030315,2001996,820019961303111,,8,0,
1030315,1936843,8219368431303111,,82,0,
1030315,1936848,8219368481303111,,82,0,
1030315,2001993,8220019931303111,,82,0,
1030315,2001996,8220019961303111,,82,0,
1030315,1936843,8319368431303111,,83,0,
1030315,1936848,8319368481303111,,83,0,
1030315,2001993,8320019931303111,,83,0,
1030315,2001996,8320019961303111,,83,0,
1030315,1936843,8419368431303111,,84,0,
1030315,1936848,8419368481303111,,84,0,
1030315,2001993,8420019931303111,,84,0,
1030315,2001996,8420019961303111,,84,0,
1030315,1936843,8519368431303111,,85,0,
1030315,1936848,8519368481303111,,85,0,
1030315,2001993,8520019931303111,,85,0,
1030315,2001996,8520019961303111,,85,0,
1030315,1936843,8619368431303111,,86,0,
1030315,1936848,8619368481303111,,86,0,
1030315,2001993,8620019931303111,,86,0,
1030315,2001996,8620019961303111,,86,0,
1030315,1936843,8719368431303111,,87,0,
1030315,1936848,8719368481303111,,87,0,
1030315,2001993,8720019931303111,,87,0,
1030315,2001996,8720019961303111,,87,0,
1030315,1936843,8819368431303111,,88,0,
1030315,1936848,8819368481303111,,88,0,
1030315,2001993,8820019931303111,,88,0,
1030315,2001996,8820019961303111,,88,0,
1030315,1936843,8919368431303111,,89,0,
1030315,1936848,8919368481303111,,89,0,
1030315,2001993,8920019931303111,,89,0,
1030315,2001996,8920019961303111,,89,0,
1030315,1936843,9019368431303111,,90,0,
1030315,1936848,9019368481303111,,90,0,
1030315,2001993,9020019931303111,,90,0,
1030315,2001996,9020019961303111,,90,0,
1030315,1936843,9119368431303111,,91,0,
1030315,1936848,9119368481303111,,91,0,
1030315,2001993,9120019931303111,,91,0,
1030315,2001996,9120019961303111,,91,0,
1030315,1936843,919368431303111,,9,0,
1030315,1936845,919368451303111,,9,0,
1030315,1936848,919368481303111,,9,0,
1030315,2001992,920019921303111,,9,0,
1030315,2001993,920019931303111,,9,0,
1030315,2001994,920019941303111,,9,0,
1030315,2001995,920019951303111,,9,0,
1030315,2001996,920019961303111,,9,0,
1030315,1936843,9219368431303111,,92,0,
1030315,1936848,9219368481303111,,92,0,
1030315,2001993,9220019931303111,,92,0,
1030315,2001996,9220019961303111,,92,0,
1030315,1936843,9319368431303111,,93,0,
1030315,1936848,9319368481303111,,93,0,
1030315,2001993,9320019931303111,,93,0,
1030315,2001996,9320019961303111,,93,0,
1030315,1936843,9419368431303111,,94,0,
1030315,1936848,9419368481303111,,94,0,
1030315,2001993,9420019931303111,,94,0,
1030315,2001996,9420019961303111,,94,0,
1030315,1936843,9519368431303111,,95,0,
1030315,1936848,9519368481303111,,95,0,
1030315,2001993,9520019931303111,,95,0,
1030315,2001996,9520019961303111,,95,0,
1030315,1936843,9619368431303111,,96,0,
1030315,1936848,9619368481303111,,96,0,
1030315,2001993,9620019931303111,,96,0,
1030315,2001996,9620019961303111,,96,0,
1030315,1936843,9719368431303111,,97,0,
1030315,1936848,9719368481303111,,97,0,
1030315,2001993,9720019931303111,,97,0,
1030315,2001996,9720019961303111,,97,0,
1030315,1936843,9819368431303111,,98,0,
1030315,1936848,9819368481303111,,98,0,
1030315,2001993,9820019931303111,,98,0,
1030315,2001996,9820019961303111,,98,0,
1030315,1936843,9919368431303111,,99,0,
1030315,1936848,9919368481303111,,99,0,
1030315,2001993,9920019931303111,,99,0,
1030315,2001996,9920019961303111,,99,0,
1030315,1936843,1019368431030149,,10,0,
1030315,1936845,1019368451030149,,10,0,
1030315,2001993,1020019931030149,,10,0,
1030315,2001994,1020019941030149,,10,0,
1030315,2001996,1020019961030149,,10,0,
1030315,1936843,1119368431030149,,11,0,
1030315,1936845,1119368451030149,,11,0,
1030315,2001993,1120019931030149,,11,0,
1030315,2001994,1120019941030149,,11,0,
1030315,2001996,1120019961030149,,11,0,
1030315,1936843,119368431030149,,1,0,
1030315,1936845,119368451030149,,1,0,
1030315,1936848,119368481030149,,1,0,
1030315,2001992,120019921030149,,1,0,
1030315,2001993,120019931030149,,1,0,
1030315,2001994,120019941030149,,1,0,
1030315,2001995,120019951030149,,1,0,
1030315,2001996,120019961030149,,1,0,
1030315,1936843,1219368431030149,,12,0,
1030315,2001993,1220019931030149,,12,0,
1030315,2001994,1220019941030149,,12,0,
1030315,2001996,1220019961030149,,12,0,
1030315,2001993,1320019931030149,,13,0,
1030315,2001994,1320019941030149,,13,0,
1030315,2001993,1420019931030149,,14,0,
1030315,2001994,1420019941030149,,14,0,
1030315,2001993,1520019931030149,,15,0,
1030315,2001993,1620019931030149,,16,0,
1030315,2001993,1720019931030149,,17,0,
1030315,2001993,1820019931030149,,18,0,
1030315,1936843,219368431030149,,2,0,
1030315,1936845,219368451030149,,2,0,
1030315,1936848,219368481030149,,2,0,
1030315,2001992,220019921030149,,2,0,
1030315,2001993,220019931030149,,2,0,
1030315,2001994,220019941030149,,2,0,
1030315,2001995,220019951030149,,2,0,
1030315,2001996,220019961030149,,2,0,
1030315,1936843,319368431030149,,3,0,
1030315,1936845,319368451030149,,3,0,
1030315,1936848,319368481030149,,3,0,
1030315,2001992,320019921030149,,3,0,
1030315,2001993,320019931030149,,3,0,
1030315,2001994,320019941030149,,3,0,
1030315,2001995,320019951030149,,3,0,
1030315,2001996,320019961030149,,3,0,
1030315,1936843,419368431030149,,4,0,
1030315,1936845,419368451030149,,4,0,
1030315,1936848,419368481030149,,4,0,
1030315,2001992,420019921030149,,4,0,
1030315,2001993,420019931030149,,4,0,
1030315,2001994,420019941030149,,4,0,
1030315,2001995,420019951030149,,4,0,
1030315,2001996,420019961030149,,4,0,
1030315,1936843,519368431030149,,5,0,
1030315,1936845,519368451030149,,5,0,
1030315,1936848,519368481030149,,5,0,
1030315,2001992,520019921030149,,5,0,
1030315,2001993,520019931030149,,5,0,
1030315,2001994,520019941030149,,5,0,
1030315,2001995,520019951030149,,5,0,
1030315,2001996,520019961030149,,5,0,
1030315,1936843,619368431030149,,6,0,
1030315,1936845,619368451030149,,6,0,
1030315,1936848,619368481030149,,6,0,
1030315,2001992,620019921030149,,6,0,
1030315,2001993,620019931030149,,6,0,
1030315,2001994,620019941030149,,6,0,
1030315,2001995,620019951030149,,6,0,
1030315,2001996,620019961030149,,6,0,
1030315,1936843,719368431030149,,7,0,
1030315,1936845,719368451030149,,7,0,
1030315,1936848,719368481030149,,7,0,
1030315,2001992,720019921030149,,7,0,
1030315,2001993,720019931030149,,7,0,
1030315,2001994,720019941030149,,7,0,
1030315,2001995,720019951030149,,7,0,
1030315,2001996,720019961030149,,7,0,
1030315,1936843,819368431030149,,8,0,
1030315,1936845,819368451030149,,8,0,
1030315,1936848,819368481030149,,8,0,
1030315,2001992,820019921030149,,8,0,
1030315,2001993,820019931030149,,8,0,
1030315,2001994,820019941030149,,8,0,
1030315,2001995,820019951030149,,8,0,
1030315,2001996,820019961030149,,8,0,
1030315,1936843,919368431030149,,9,0,
1030315,1936845,919368451030149,,9,0,
1030315,1936848,919368481030149,,9,0,
1030315,2001993,920019931030149,,9,0,
1030315,2001994,920019941030149,,9,0,
1030315,2001996,920019961030149,,9,0,
1030315,1936843,119368431030152,,1,0,
1030315,1936845,119368451030152,,1,0,
1030315,1936848,119368481030152,,1,0,
1030315,2001993,120019931030152,,1,0,
1030315,2001994,120019941030152,,1,0,
1030315,2001996,120019961030152,,1,0,
1030315,1936843,219368431030152,,2,0,
1030315,1936845,219368451030152,,2,0,
1030315,1936848,219368481030152,,2,0,
1030315,2001993,220019931030152,,2,0,
1030315,2001994,220019941030152,,2,0,
1030315,2001996,220019961030152,,2,0,
1030315,1936843,119368431303110,,1,0,
1030315,1936845,119368451303110,,1,0,
1030315,1936848,119368481303110,,1,0,
1030315,2001992,120019921303110,,1,0,
1030315,2001993,120019931303110,,1,0,
1030315,2001994,120019941303110,,1,0,
1030315,2001995,120019951303110,,1,0,
1030315,2001996,120019961303110,,1,0,
1030315,1936843,219368431303110,,2,0,
1030315,1936845,219368451303110,,2,0,
1030315,1936848,219368481303110,,2,0,
1030315,2001992,220019921303110,,2,0,
1030315,2001993,220019931303110,,2,0,
1030315,2001994,220019941303110,,2,0,
1030315,2001995,220019951303110,,2,0,
1030315,2001996,220019961303110,,2,0,
1030315,1936843,319368431303110,,3,0,
1030315,1936845,319368451303110,,3,0,
1030315,1936848,319368481303110,,3,0,
1030315,2001992,320019921303110,,3,0,
1030315,2001993,320019931303110,,3,0,
1030315,2001994,320019941303110,,3,0,
1030315,2001995,320019951303110,,3,0,
1030315,2001996,320019961303110,,3,0,
1030315,1936843,419368431303110,,4,0,
1030315,1936845,419368451303110,,4,0,
1030315,1936848,419368481303110,,4,0,
1030315,2001992,420019921303110,,4,0,
1030315,2001993,420019931303110,,4,0,
1030315,2001994,420019941303110,,4,0,
1030315,12001995,420019951303110,,4,0,
1030315,2001996,420019961303110,,4,0,
1030315,11936843,519368431303110,,5,0,
1030315,1936845,519368451303110,,5,0,
1030315,11936848,519368481303110,,5,0,
1030315,2001992,520019921303110,,5,0,
1030315,12001993,520019931303110,,5,0,
1030315,2001994,520019941303110,,5,0,
1030315,12001996,520019961303110,,5,0,
1030315,1936845,619368451303110,,6,0,
1030315,12001992,620019921303110,,6,0,
1030315,12001994,620019941303110,,6,0,
1030315,11936845,719368451303110,,7,0,
1030315,2001992,120019921030151,,1,0,
1030316,1936850,1019368501303112,,10,0,
1030316,2001997,1020019971303112,,10,0,
1030316,2001998,1020019981303112,,10,0,
1030316,1936850,1119368501303112,,11,0,
1030316,2001997,1120019971303112,,11,0,
1030316,2001998,1120019981303112,,11,0,
1030316,1936850,119368501303112,,1,0,
1030316,2001997,120019971303112,,1,0,
1030316,2001998,120019981303112,,1,0,
1030316,1936850,1219368501303112,,12,0,
1030316,2001997,1220019971303112,,12,0,
1030316,2001998,1220019981303112,,12,0,
1030316,1936850,1319368501303112,,13,0,
1030316,2001997,1320019971303112,,13,0,
1030316,2001998,1320019981303112,,13,0,
1030316,1936850,1419368501303112,,14,0,
1030316,2001997,1420019971303112,,14,0,
1030316,2001998,1420019981303112,,14,0,
1030316,1936850,1519368501303112,,15,0,
1030316,2001997,1520019971303112,,15,0,
1030316,2001998,1520019981303112,,15,0,
1030316,1936850,1619368501303112,,16,0,
1030316,2001997,1620019971303112,,16,0,
1030316,2001998,1620019981303112,,16,0,
1030316,1936850,1719368501303112,,17,0,
1030316,2001997,1720019971303112,,17,0,
1030316,2001998,1720019981303112,,17,0,
1030316,1936850,1819368501303112,,18,0,
1030316,2001997,1820019971303112,,18,0,
1030316,2001998,1820019981303112,,18,0,
1030316,1936850,1919368501303112,,19,0,
1030316,2001997,1920019971303112,,19,0,
1030316,2001998,1920019981303112,,19,0,
1030316,1936850,2019368501303112,,20,0,
1030316,2001997,2020019971303112,,20,0,
1030316,2001998,2020019981303112,,20,0,
1030316,1936850,2119368501303112,,21,0,
1030316,2001997,2120019971303112,,21,0,
1030316,2001998,2120019981303112,,21,0,
1030316,1936850,219368501303112,,2,0,
1030316,2001997,220019971303112,,2,0,
1030316,2001998,220019981303112,,2,0,
1030316,1936850,2219368501303112,,22,0,
1030316,2001997,2220019971303112,,22,0,
1030316,2001998,2220019981303112,,22,0,
1030316,1936850,2319368501303112,,23,0,
1030316,2001997,2320019971303112,,23,0,
1030316,2001998,2320019981303112,,23,0,
1030316,1936850,2419368501303112,,24,0,
1030316,2001997,2420019971303112,,24,0,
1030316,2001998,2420019981303112,,24,0,
1030316,1936850,2519368501303112,,25,0,
1030316,2001997,2520019971303112,,25,0,
1030316,2001998,2520019981303112,,25,0,
1030316,1936850,2619368501303112,,26,0,
1030316,2001997,2620019971303112,,26,0,
1030316,2001998,2620019981303112,,26,0,
1030316,1936850,2719368501303112,,27,0,
1030316,2001997,2720019971303112,,27,0,
1030316,2001998,2720019981303112,,27,0,
1030316,1936850,2819368501303112,,28,0,
1030316,2001997,2820019971303112,,28,0,
1030316,2001998,2820019981303112,,28,0,
1030316,1936850,2919368501303112,,29,0,
1030316,2001997,2920019971303112,,29,0,
1030316,2001998,2920019981303112,,29,0,
1030316,1936850,3019368501303112,,30,0,
1030316,2001997,3020019971303112,,30,0,
1030316,2001998,3020019981303112,,30,0,
1030316,1936850,3119368501303112,,31,0,
1030316,2001997,3120019971303112,,31,0,
1030316,2001998,3120019981303112,,31,0,
1030316,1936850,319368501303112,,3,0,
1030316,2001997,320019971303112,,3,0,
1030316,2001998,320019981303112,,3,0,
1030316,1936850,3219368501303112,,32,0,
1030316,2001997,3220019971303112,,32,0,
1030316,2001998,3220019981303112,,32,0,
1030316,1936850,3319368501303112,,33,0,
1030316,2001997,3320019971303112,,33,0,
1030316,2001998,3320019981303112,,33,0,
1030316,1936850,3419368501303112,,34,0,
1030316,2001997,3420019971303112,,34,0,
1030316,2001998,3420019981303112,,34,0,
1030316,1936850,3519368501303112,,35,0,
1030316,2001997,3520019971303112,,35,0,
1030316,2001998,3520019981303112,,35,0,
1030316,1936850,3619368501303112,,36,0,
1030316,2001997,3620019971303112,,36,0,
1030316,2001998,3620019981303112,,36,0,
1030316,1936850,3719368501303112,,37,0,
1030316,2001997,3720019971303112,,37,0,
1030316,2001998,3720019981303112,,37,0,
1030316,1936850,3819368501303112,,38,0,
1030316,2001997,3820019971303112,,38,0,
1030316,2001998,3820019981303112,,38,0,
1030316,1936850,3919368501303112,,39,0,
1030316,2001997,3920019971303112,,39,0,
1030316,2001998,3920019981303112,,39,0,
1030316,1936850,4019368501303112,,40,0,
1030316,2001997,4020019971303112,,40,0,
1030316,2001998,4020019981303112,,40,0,
1030316,1936850,4119368501303112,,41,0,
1030316,2001997,4120019971303112,,41,0,
1030316,2001998,4120019981303112,,41,0,
1030316,1936850,419368501303112,,4,0,
1030316,2001997,420019971303112,,4,0,
1030316,2001998,420019981303112,,4,0,
1030316,1936850,4219368501303112,,42,0,
1030316,2001997,4220019971303112,,42,0,
1030316,2001998,4220019981303112,,42,0,
1030316,1936850,4319368501303112,,43,0,
1030316,2001997,4320019971303112,,43,0,
1030316,2001998,4320019981303112,,43,0,
1030316,1936850,4419368501303112,,44,0,
1030316,2001997,4420019971303112,,44,0,
1030316,2001998,4420019981303112,,44,0,
1030316,1936850,4519368501303112,,45,0,
1030316,2001997,4520019971303112,,45,0,
1030316,2001998,4520019981303112,,45,0,
1030316,1936850,4619368501303112,,46,0,
1030316,2001997,4620019971303112,,46,0,
1030316,2001998,4620019981303112,,46,0,
1030316,1936850,4719368501303112,,47,0,
1030316,2001997,4720019971303112,,47,0,
1030316,2001998,4720019981303112,,47,0,
1030316,1936850,4819368501303112,,48,0,
1030316,2001997,4820019971303112,,48,0,
1030316,2001998,4820019981303112,,48,0,
1030316,1936850,4919368501303112,,49,0,
1030316,2001997,4920019971303112,,49,0,
1030316,2001998,4920019981303112,,49,0,
1030316,1936850,5019368501303112,,50,0,
1030316,2001997,5020019971303112,,50,0,
1030316,2001998,5020019981303112,,50,0,
1030316,1936850,5119368501303112,,51,0,
1030316,2001997,5120019971303112,,51,0,
1030316,2001998,5120019981303112,,51,0,
1030316,1936850,519368501303112,,5,0,
1030316,2001997,520019971303112,,5,0,
1030316,2001998,520019981303112,,5,0,
1030316,1936850,5219368501303112,,52,0,
1030316,2001997,5220019971303112,,52,0,
1030316,2001998,5220019981303112,,52,0,
1030316,1936850,5319368501303112,,53,0,
1030316,2001997,5320019971303112,,53,0,
1030316,2001998,5320019981303112,,53,0,
1030316,1936850,5419368501303112,,54,0,
1030316,2001997,5420019971303112,,54,0,
1030316,2001998,5420019981303112,,54,0,
1030316,1936850,5519368501303112,,55,0,
1030316,2001997,5520019971303112,,55,0,
1030316,2001998,5520019981303112,,55,0,
1030316,1936850,5619368501303112,,56,0,
1030316,2001997,5620019971303112,,56,0,
1030316,2001998,5620019981303112,,56,0,
1030316,1936850,5719368501303112,,57,0,
1030316,2001997,5720019971303112,,57,0,
1030316,2001998,5720019981303112,,57,0,
1030316,1936850,5819368501303112,,58,0,
1030316,2001997,5820019971303112,,58,0,
1030316,2001998,5820019981303112,,58,0,
1030316,1936850,5919368501303112,,59,0,
1030316,2001997,5920019971303112,,59,0,
1030316,2001998,5920019981303112,,59,0,
1030316,1936850,6019368501303112,,60,0,
1030316,2001997,6020019971303112,,60,0,
1030316,2001998,6020019981303112,,60,0,
1030316,1936850,6119368501303112,,61,0,
1030316,2001997,6120019971303112,,61,0,
1030316,2001998,6120019981303112,,61,0,
1030316,1936850,619368501303112,,6,0,
1030316,2001997,620019971303112,,6,0,
1030316,2001998,620019981303112,,6,0,
1030316,1936850,6219368501303112,,62,0,
1030316,2001997,6220019971303112,,62,0,
1030316,2001998,6220019981303112,,62,0,
1030316,1936850,6319368501303112,,63,0,
1030316,2001997,6320019971303112,,63,0,
1030316,2001998,6320019981303112,,63,0,
1030316,1936850,6419368501303112,,64,0,
1030316,2001997,6420019971303112,,64,0,
1030316,1936850,6519368501303112,,65,0,
1030316,2001997,6520019971303112,,65,0,
1030316,1936850,6619368501303112,,66,0,
1030316,2001997,6620019971303112,,66,0,
1030316,1936850,6719368501303112,,67,0,
1030316,2001997,6720019971303112,,67,0,
1030316,1936850,6819368501303112,,68,0,
1030316,2001997,6820019971303112,,68,0,
1030316,1936850,6919368501303112,,69,0,
1030316,2001997,6920019971303112,,69,0,
1030316,1936850,7019368501303112,,70,0,
1030316,2001997,7020019971303112,,70,0,
1030316,1936850,7119368501303112,,71,0,
1030316,2001997,7120019971303112,,71,0,
1030316,1936850,719368501303112,,7,0,
1030316,2001997,720019971303112,,7,0,
1030316,2001998,720019981303112,,7,0,
1030316,1936850,7219368501303112,,72,0,
1030316,2001997,7220019971303112,,72,0,
1030316,1936850,7319368501303112,,73,0,
1030316,2001997,7320019971303112,,73,0,
1030316,1936850,7419368501303112,,74,0,
1030316,2001997,7420019971303112,,74,0,
1030316,1936850,7519368501303112,,75,0,
1030316,2001997,7520019971303112,,75,0,
1030316,1936850,7619368501303112,,76,0,
1030316,2001997,7620019971303112,,76,0,
1030316,1936850,7719368501303112,,77,0,
1030316,2001997,7720019971303112,,77,0,
1030316,1936850,7819368501303112,,78,0,
1030316,2001997,7820019971303112,,78,0,
1030316,1936850,7919368501303112,,79,0,
1030316,2001997,7920019971303112,,79,0,
1030316,1936850,8019368501303112,,80,0,
1030316,2001997,8020019971303112,,80,0,
1030316,1936850,8119368501303112,,81,0,
1030316,2001997,8120019971303112,,81,0,
1030316,1936850,819368501303112,,8,0,
1030316,2001997,820019971303112,,8,0,
1030316,2001998,820019981303112,,8,0,
1030316,1936850,8219368501303112,,82,0,
1030316,2001997,8220019971303112,,82,0,
1030316,1936850,8319368501303112,,83,0,
1030316,2001997,8320019971303112,,83,0,
1030316,1936850,8419368501303112,,84,0,
1030316,2001997,8420019971303112,,84,0,
1030316,1936850,8519368501303112,,85,0,
1030316,2001997,8520019971303112,,85,0,
1030316,2001997,8620019971303112,,86,0,
1030316,2001997,8720019971303112,,87,0,
1030316,2001997,8820019971303112,,88,0,
1030316,2001997,8920019971303112,,89,0,
1030316,2001997,9020019971303112,,90,0,
1030316,2001997,9120019971303112,,91,0,
1030316,1936850,919368501303112,,9,0,
1030316,2001997,920019971303112,,9,0,
1030316,2001998,920019981303112,,9,0,
1030316,2001997,9220019971303112,,92,0,
1030316,2001997,9320019971303112,,93,0,
1030316,2001997,9420019971303112,,94,0,
1030316,2001997,9520019971303112,,95,0,
1030317,1936854,10019368541030156,,100,1,
1030317,1936856,10019368561030156,,100,1,
1030317,1936859,10019368591030156,,100,1,
1030317,2002000,10020020001030156,,100,1,
1030317,2002001,10020020011030156,,100,1,
1030317,2002002,10020020021030156,,100,1,
1030317,2002003,10020020031030156,,100,1,
1030317,1936854,10119368541030156,,101,1,
1030317,1936856,10119368561030156,,101,1,
1030317,1936859,10119368591030156,,101,1,
1030317,2002000,10120020001030156,,101,1,
1030317,2002001,10120020011030156,,101,1,
1030317,2002002,10120020021030156,,101,1,
1030317,2002003,10120020031030156,,101,1,
1030317,1936854,1019368541030156,,10,1,
1030317,1936856,1019368561030156,,10,1,
1030317,1936859,1019368591030156,,10,1,
1030317,2001999,1020019991030156,,10,1,
1030317,2002000,1020020001030156,,10,1,
1030317,2002001,1020020011030156,,10,1,
1030317,2002002,1020020021030156,,10,1,
1030317,2002003,1020020031030156,,10,1,
1030317,1936854,10219368541030156,,102,1,
1030317,1936856,10219368561030156,,102,1,
1030317,1936859,10219368591030156,,102,1,
1030317,2002000,10220020001030156,,102,1,
1030317,2002001,10220020011030156,,102,1,
1030317,2002002,10220020021030156,,102,1,
1030317,2002003,10220020031030156,,102,1,
1030317,1936854,10319368541030156,,103,1,
1030317,1936856,10319368561030156,,103,1,
1030317,1936859,10319368591030156,,103,1,
1030317,2002000,10320020001030156,,103,1,
1030317,2002001,10320020011030156,,103,1,
1030317,2002002,10320020021030156,,103,1,
1030317,2002003,10320020031030156,,103,1,
1030317,1936854,10419368541030156,,104,1,
1030317,1936856,10419368561030156,,104,1,
1030317,1936859,10419368591030156,,104,1,
1030317,2002000,10420020001030156,,104,1,
1030317,2002001,10420020011030156,,104,1,
1030317,2002002,10420020021030156,,104,1,
1030317,2002003,10420020031030156,,104,1,
1030317,1936854,10519368541030156,,105,1,
1030317,1936856,10519368561030156,,105,1,
1030317,1936859,10519368591030156,,105,1,
1030317,2002000,10520020001030156,,105,1,
1030317,2002001,10520020011030156,,105,1,
1030317,2002002,10520020021030156,,105,1,
1030317,2002003,10520020031030156,,105,1,
1030317,1936854,10619368541030156,,106,1,
1030317,1936856,10619368561030156,,106,1,
1030317,1936859,10619368591030156,,106,1,
1030317,2002000,10620020001030156,,106,1,
1030317,2002001,10620020011030156,,106,1,
1030317,2002002,10620020021030156,,106,1,
1030317,2002003,10620020031030156,,106,1,
1030317,1936854,10719368541030156,,107,1,
1030317,1936856,10719368561030156,,107,1,
1030317,1936859,10719368591030156,,107,1,
1030317,2002000,10720020001030156,,107,1,
1030317,2002001,10720020011030156,,107,1,
1030317,2002002,10720020021030156,,107,1,
1030317,2002003,10720020031030156,,107,1,
1030317,1936854,10819368541030156,,108,1,
1030317,1936856,10819368561030156,,108,1,
1030317,1936859,10819368591030156,,108,1,
1030317,2002000,10820020001030156,,108,1,
1030317,2002001,10820020011030156,,108,1,
1030317,2002002,10820020021030156,,108,1,
1030317,2002003,10820020031030156,,108,1,
1030317,1936854,10919368541030156,,109,1,
1030317,1936856,10919368561030156,,109,1,
1030317,1936859,10919368591030156,,109,1,
1030317,2002000,10920020001030156,,109,1,
1030317,2002001,10920020011030156,,109,1,
1030317,12002002,10920020021030156,,109,1,
1030317,2002003,10920020031030156,,109,1,
1030317,1936854,11019368541030156,,110,1,
1030317,1936856,11019368561030156,,110,1,
1030317,1936859,11019368591030156,,110,1,
1030317,2002000,11020020001030156,,110,1,
1030317,2002001,11020020011030156,,110,1,
1030317,12002002,11020020021030156,,110,1,
1030317,2002003,11020020031030156,,110,1,
1030317,1936854,11119368541030156,,111,1,
1030317,1936856,11119368561030156,,111,1,
1030317,1936859,11119368591030156,,111,1,
1030317,2002000,11120020001030156,,111,1,
1030317,2002001,11120020011030156,,111,1,
1030317,12002002,11120020021030156,,111,1,
1030317,2002003,11120020031030156,,111,1,
1030317,1936854,1119368541030156,,11,1,
1030317,1936856,1119368561030156,,11,1,
1030317,1936859,1119368591030156,,11,1,
1030317,2001999,1120019991030156,,11,1,
1030317,2002000,1120020001030156,,11,1,
1030317,2002001,1120020011030156,,11,1,
1030317,2002002,1120020021030156,,11,1,
1030317,2002003,1120020031030156,,11,1,
1030317,1936854,11219368541030156,,112,1,
1030317,1936856,11219368561030156,,112,1,
1030317,1936859,11219368591030156,,112,1,
1030317,2002000,11220020001030156,,112,1,
1030317,2002001,11220020011030156,,112,1,
1030317,12002002,11220020021030156,,112,1,
1030317,2002003,11220020031030156,,112,1,
1030317,1936854,11319368541030156,,113,1,
1030317,1936856,11319368561030156,,113,1,
1030317,1936859,11319368591030156,,113,1,
1030317,2002000,11320020001030156,,113,1,
1030317,2002001,11320020011030156,,113,1,
1030317,2002003,11320020031030156,,113,1,
1030317,1936854,11419368541030156,,114,1,
1030317,1936856,11419368561030156,,114,1,
1030317,1936859,11419368591030156,,114,1,
1030317,2002000,11420020001030156,,114,1,
1030317,2002001,11420020011030156,,114,1,
1030317,2002003,11420020031030156,,114,1,
1030317,1936854,11519368541030156,,115,1,
1030317,1936856,11519368561030156,,115,1,
1030317,1936859,11519368591030156,,115,1,
1030317,2002000,11520020001030156,,115,1,
1030317,2002001,11520020011030156,,115,1,
1030317,2002003,11520020031030156,,115,1,
1030317,1936854,11619368541030156,,116,1,
1030317,1936856,11619368561030156,,116,1,
1030317,1936859,11619368591030156,,116,1,
1030317,2002000,11620020001030156,,116,1,
1030317,2002001,11620020011030156,,116,1,
1030317,2002003,11620020031030156,,116,1,
1030317,1936854,11719368541030156,,117,1,
1030317,1936856,11719368561030156,,117,1,
1030317,1936859,11719368591030156,,117,1,
1030317,2002000,11720020001030156,,117,1,
1030317,2002001,11720020011030156,,117,1,
1030317,2002003,11720020031030156,,117,1,
1030317,1936854,11819368541030156,,118,1,
1030317,1936856,11819368561030156,,118,1,
1030317,1936859,11819368591030156,,118,1,
1030317,2002000,11820020001030156,,118,1,
1030317,2002001,11820020011030156,,118,1,
1030317,2002003,11820020031030156,,118,1,
1030317,1936854,11919368541030156,,119,1,
1030317,1936856,11919368561030156,,119,1,
1030317,1936859,11919368591030156,,119,1,
1030317,2002000,11920020001030156,,119,1,
1030317,2002001,11920020011030156,,119,1,
1030317,2002003,11920020031030156,,119,1,
1030317,1936854,119368541030156,,1,1,
1030317,1936856,119368561030156,,1,1,
1030317,1936859,119368591030156,,1,1,
1030317,2001999,120019991030156,,1,1,
1030317,2002000,120020001030156,,1,1,
1030317,2002001,120020011030156,,1,1,
1030317,2002002,120020021030156,,1,1,
1030317,2002003,120020031030156,,1,1,
1030317,1936854,12019368541030156,,120,1,
1030317,1936856,12019368561030156,,120,1,
1030317,1936859,12019368591030156,,120,1,
1030317,2002000,12020020001030156,,120,1,
1030317,2002001,12020020011030156,,120,1,
1030317,2002003,12020020031030156,,120,1,
1030317,1936854,12119368541030156,,121,1,
1030317,1936856,12119368561030156,,121,1,
1030317,1936859,12119368591030156,,121,1,
1030317,2002000,12120020001030156,,121,1,
1030317,2002001,12120020011030156,,121,1,
1030317,2002003,12120020031030156,,121,1,
1030317,1936854,1219368541030156,,12,1,
1030317,1936856,1219368561030156,,12,1,
1030317,1936859,1219368591030156,,12,1,
1030317,2001999,1220019991030156,,12,1,
1030317,2002000,1220020001030156,,12,1,
1030317,2002001,1220020011030156,,12,1,
1030317,2002002,1220020021030156,,12,1,
1030317,2002003,1220020031030156,,12,1,
1030317,1936854,12219368541030156,,122,1,
1030317,1936856,12219368561030156,,122,1,
1030317,1936859,12219368591030156,,122,1,
1030317,2002000,12220020001030156,,122,1,
1030317,2002001,12220020011030156,,122,1,
1030317,2002003,12220020031030156,,122,1,
1030317,1936854,12319368541030156,,123,1,
1030317,1936856,12319368561030156,,123,1,
1030317,1936859,12319368591030156,,123,1,
1030317,2002000,12320020001030156,,123,1,
1030317,2002001,12320020011030156,,123,1,
1030317,2002003,12320020031030156,,123,1,
1030317,1936854,12419368541030156,,124,1,
1030317,1936856,12419368561030156,,124,1,
1030317,1936859,12419368591030156,,124,1,
1030317,2002000,12420020001030156,,124,1,
1030317,2002001,12420020011030156,,124,1,
1030317,2002003,12420020031030156,,124,1,
1030317,1936854,12519368541030156,,125,1,
1030317,1936856,12519368561030156,,125,1,
1030317,1936859,12519368591030156,,125,1,
1030317,2002000,12520020001030156,,125,1,
1030317,2002001,12520020011030156,,125,1,
1030317,2002003,12520020031030156,,125,1,
1030317,1936854,12619368541030156,,126,1,
1030317,1936856,12619368561030156,,126,1,
1030317,1936859,12619368591030156,,126,1,
1030317,2002000,12620020001030156,,126,1,
1030317,2002001,12620020011030156,,126,1,
1030317,2002003,12620020031030156,,126,1,
1030317,1936854,12719368541030156,,127,1,
1030317,1936856,12719368561030156,,127,1,
1030317,1936859,12719368591030156,,127,1,
1030317,2002000,12720020001030156,,127,1,
1030317,2002001,12720020011030156,,127,1,
1030317,2002003,12720020031030156,,127,1,
1030317,1936854,12819368541030156,,128,1,
1030317,1936856,12819368561030156,,128,1,
1030317,1936859,12819368591030156,,128,1,
1030317,2002000,12820020001030156,,128,1,
1030317,2002001,12820020011030156,,128,1,
1030317,2002003,12820020031030156,,128,1,
1030317,1936854,12919368541030156,,129,1,
1030317,1936856,12919368561030156,,129,1,
1030317,1936859,12919368591030156,,129,1,
1030317,2002000,12920020001030156,,129,1,
1030317,2002001,12920020011030156,,129,1,
1030317,2002003,12920020031030156,,129,1,
1030317,1936854,13019368541030156,,130,1,
1030317,1936856,13019368561030156,,130,1,
1030317,1936859,13019368591030156,,130,1,
1030317,2002000,13020020001030156,,130,1,
1030317,2002001,13020020011030156,,130,1,
1030317,2002003,13020020031030156,,130,1,
1030317,1936854,13119368541030156,,131,1,
1030317,1936856,13119368561030156,,131,1,
1030317,1936859,13119368591030156,,131,1,
1030317,2002000,13120020001030156,,131,1,
1030317,2002001,13120020011030156,,131,1,
1030317,2002003,13120020031030156,,131,1,
1030317,1936854,1319368541030156,,13,1,
1030317,1936856,1319368561030156,,13,1,
1030317,1936859,1319368591030156,,13,1,
1030317,2001999,1320019991030156,,13,1,
1030317,2002000,1320020001030156,,13,1,
1030317,2002001,1320020011030156,,13,1,
1030317,2002002,1320020021030156,,13,1,
1030317,2002003,1320020031030156,,13,1,
1030317,1936854,13219368541030156,,132,1,
1030317,1936856,13219368561030156,,132,1,
1030317,1936859,13219368591030156,,132,1,
1030317,2002000,13220020001030156,,132,1,
1030317,2002001,13220020011030156,,132,1,
1030317,2002003,13220020031030156,,132,1,
1030317,1936854,13319368541030156,,133,1,
1030317,1936856,13319368561030156,,133,1,
1030317,1936859,13319368591030156,,133,1,
1030317,2002000,13320020001030156,,133,1,
1030317,2002001,13320020011030156,,133,1,
1030317,2002003,13320020031030156,,133,1,
1030317,1936854,13419368541030156,,134,1,
1030317,1936856,13419368561030156,,134,1,
1030317,1936859,13419368591030156,,134,1,
1030317,2002000,13420020001030156,,134,1,
1030317,2002001,13420020011030156,,134,1,
1030317,2002003,13420020031030156,,134,1,
1030317,1936854,13519368541030156,,135,1,
1030317,1936856,13519368561030156,,135,1,
1030317,1936859,13519368591030156,,135,1,
1030317,2002000,13520020001030156,,135,1,
1030317,2002001,13520020011030156,,135,1,
1030317,2002003,13520020031030156,,135,1,
1030317,1936854,13619368541030156,,136,1,
1030317,1936856,13619368561030156,,136,1,
1030317,1936859,13619368591030156,,136,1,
1030317,2002000,13620020001030156,,136,1,
1030317,2002001,13620020011030156,,136,1,
1030317,2002003,13620020031030156,,136,1,
1030317,1936854,13719368541030156,,137,1,
1030317,1936856,13719368561030156,,137,1,
1030317,1936859,13719368591030156,,137,1,
1030317,2002000,13720020001030156,,137,1,
1030317,2002001,13720020011030156,,137,1,
1030317,2002003,13720020031030156,,137,1,
1030317,1936854,13819368541030156,,138,1,
1030317,1936856,13819368561030156,,138,1,
1030317,1936859,13819368591030156,,138,1,
1030317,2002000,13820020001030156,,138,1,
1030317,2002001,13820020011030156,,138,1,
1030317,2002003,13820020031030156,,138,1,
1030317,1936854,13919368541030156,,139,1,
1030317,1936856,13919368561030156,,139,1,
1030317,1936859,13919368591030156,,139,1,
1030317,2002000,13920020001030156,,139,1,
1030317,2002001,13920020011030156,,139,1,
1030317,2002003,13920020031030156,,139,1,
1030317,1936854,14019368541030156,,140,1,
1030317,1936856,14019368561030156,,140,1,
1030317,1936859,14019368591030156,,140,1,
1030317,2002000,14020020001030156,,140,1,
1030317,2002001,14020020011030156,,140,1,
1030317,2002003,14020020031030156,,140,1,
1030317,1936854,14119368541030156,,141,1,
1030317,1936856,14119368561030156,,141,1,
1030317,1936859,14119368591030156,,141,1,
1030317,2002000,14120020001030156,,141,1,
1030317,2002001,14120020011030156,,141,1,
1030317,2002003,14120020031030156,,141,1,
1030317,1936854,1419368541030156,,14,1,
1030317,1936856,1419368561030156,,14,1,
1030317,1936859,1419368591030156,,14,1,
1030317,2001999,1420019991030156,,14,1,
1030317,2002000,1420020001030156,,14,1,
1030317,2002001,1420020011030156,,14,1,
1030317,2002002,1420020021030156,,14,1,
1030317,2002003,1420020031030156,,14,1,
1030317,11936854,14219368541030156,,142,1,
1030317,1936856,14219368561030156,,142,1,
1030317,11936859,14219368591030156,,142,1,
1030317,2002000,14220020001030156,,142,1,
1030317,2002001,14220020011030156,,142,1,
1030317,2002003,14220020031030156,,142,1,
1030317,11936854,14319368541030156,,143,1,
1030317,1936856,14319368561030156,,143,1,
1030317,11936859,14319368591030156,,143,1,
1030317,2002000,14320020001030156,,143,1,
1030317,2002001,14320020011030156,,143,1,
1030317,2002003,14320020031030156,,143,1,
1030317,1936856,14419368561030156,,144,1,
1030317,11936859,14419368591030156,,144,1,
1030317,2002000,14420020001030156,,144,1,
1030317,2002001,14420020011030156,,144,1,
1030317,2002003,14420020031030156,,144,1,
1030317,1936856,14519368561030156,,145,1,
1030317,11936859,14519368591030156,,145,1,
1030317,2002000,14520020001030156,,145,1,
1030317,2002001,14520020011030156,,145,1,
1030317,2002003,14520020031030156,,145,1,
1030317,1936856,14619368561030156,,146,1,
1030317,2002000,14620020001030156,,146,1,
1030317,2002001,14620020011030156,,146,1,
1030317,2002003,14620020031030156,,146,1,
1030317,1936856,14719368561030156,,147,1,
1030317,2002000,14720020001030156,,147,1,
1030317,2002001,14720020011030156,,147,1,
1030317,2002003,14720020031030156,,147,1,
1030317,1936856,14819368561030156,,148,1,
1030317,2002000,14820020001030156,,148,1,
1030317,2002001,14820020011030156,,148,1,
1030317,2002003,14820020031030156,,148,1,
1030317,11936856,14919368561030156,,149,1,
1030317,2002000,14920020001030156,,149,1,
1030317,2002001,14920020011030156,,149,1,
1030317,2002003,14920020031030156,,149,1,
1030317,11936856,15019368561030156,,150,1,
1030317,2002000,15020020001030156,,150,1,
1030317,2002001,15020020011030156,,150,1,
1030317,2002003,15020020031030156,,150,1,
1030317,2002000,15120020001030156,,151,1,
1030317,2002001,15120020011030156,,151,1,
1030317,2002003,15120020031030156,,151,1,
1030317,1936854,1519368541030156,,15,1,
1030317,1936856,1519368561030156,,15,1,
1030317,1936859,1519368591030156,,15,1,
1030317,2001999,1520019991030156,,15,1,
1030317,2002000,1520020001030156,,15,1,
1030317,2002001,1520020011030156,,15,1,
1030317,2002002,1520020021030156,,15,1,
1030317,2002003,1520020031030156,,15,1,
1030317,2002000,15220020001030156,,152,1,
1030317,2002001,15220020011030156,,152,1,
1030317,2002003,15220020031030156,,152,1,
1030317,2002000,15320020001030156,,153,1,
1030317,2002001,15320020011030156,,153,1,
1030317,2002003,15320020031030156,,153,1,
1030317,2002000,15420020001030156,,154,1,
1030317,2002001,15420020011030156,,154,1,
1030317,2002003,15420020031030156,,154,1,
1030317,2002000,15520020001030156,,155,1,
1030317,2002001,15520020011030156,,155,1,
1030317,2002003,15520020031030156,,155,1,
1030317,12002000,15620020001030156,,156,1,
1030317,2002001,15620020011030156,,156,1,
1030317,12002003,15620020031030156,,156,1,
1030317,12002000,15720020001030156,,157,1,
1030317,2002001,15720020011030156,,157,1,
1030317,12002003,15720020031030156,,157,1,
1030317,2002001,15820020011030156,,158,1,
1030317,12002003,15820020031030156,,158,1,
1030317,2002001,15920020011030156,,159,1,
1030317,12002003,15920020031030156,,159,1,
1030317,2002001,16020020011030156,,160,1,
1030317,2002001,16120020011030156,,161,1,
1030317,1936854,1619368541030156,,16,1,
1030317,1936856,1619368561030156,,16,1,
1030317,1936859,1619368591030156,,16,1,
1030317,2001999,1620019991030156,,16,1,
1030317,2002000,1620020001030156,,16,1,
1030317,2002001,1620020011030156,,16,1,
1030317,2002002,1620020021030156,,16,1,
1030317,2002003,1620020031030156,,16,1,
1030317,12002001,16220020011030156,,162,1,
1030317,12002001,16320020011030156,,163,1,
1030317,1936854,1719368541030156,,17,1,
1030317,1936856,1719368561030156,,17,1,
1030317,1936859,1719368591030156,,17,1,
1030317,2001999,1720019991030156,,17,1,
1030317,2002000,1720020001030156,,17,1,
1030317,2002001,1720020011030156,,17,1,
1030317,2002002,1720020021030156,,17,1,
1030317,2002003,1720020031030156,,17,1,
1030317,1936854,1819368541030156,,18,1,
1030317,1936856,1819368561030156,,18,1,
1030317,1936859,1819368591030156,,18,1,
1030317,2001999,1820019991030156,,18,1,
1030317,2002000,1820020001030156,,18,1,
1030317,2002001,1820020011030156,,18,1,
1030317,2002002,1820020021030156,,18,1,
1030317,2002003,1820020031030156,,18,1,
1030317,1936854,1919368541030156,,19,1,
1030317,1936856,1919368561030156,,19,1,
1030317,1936859,1919368591030156,,19,1,
1030317,2001999,1920019991030156,,19,1,
1030317,2002000,1920020001030156,,19,1,
1030317,2002001,1920020011030156,,19,1,
1030317,2002002,1920020021030156,,19,1,
1030317,2002003,1920020031030156,,19,1,
1030317,1936854,2019368541030156,,20,1,
1030317,1936856,2019368561030156,,20,1,
1030317,1936859,2019368591030156,,20,1,
1030317,2001999,2020019991030156,,20,1,
1030317,2002000,2020020001030156,,20,1,
1030317,2002001,2020020011030156,,20,1,
1030317,2002002,2020020021030156,,20,1,
1030317,2002003,2020020031030156,,20,1,
1030317,1936854,2119368541030156,,21,1,
1030317,1936856,2119368561030156,,21,1,
1030317,1936859,2119368591030156,,21,1,
1030317,2001999,2120019991030156,,21,1,
1030317,2002000,2120020001030156,,21,1,
1030317,2002001,2120020011030156,,21,1,
1030317,2002002,2120020021030156,,21,1,
1030317,2002003,2120020031030156,,21,1,
1030317,1936854,219368541030156,,2,1,
1030317,1936856,219368561030156,,2,1,
1030317,1936859,219368591030156,,2,1,
1030317,2001999,220019991030156,,2,1,
1030317,2002000,220020001030156,,2,1,
1030317,2002001,220020011030156,,2,1,
1030317,2002002,220020021030156,,2,1,
1030317,2002003,220020031030156,,2,1,
1030317,1936854,2219368541030156,,22,1,
1030317,1936856,2219368561030156,,22,1,
1030317,1936859,2219368591030156,,22,1,
1030317,2001999,2220019991030156,,22,1,
1030317,2002000,2220020001030156,,22,1,
1030317,2002001,2220020011030156,,22,1,
1030317,2002002,2220020021030156,,22,1,
1030317,2002003,2220020031030156,,22,1,
1030317,1936854,2319368541030156,,23,1,
1030317,1936856,2319368561030156,,23,1,
1030317,1936859,2319368591030156,,23,1,
1030317,2001999,2320019991030156,,23,1,
1030317,2002000,2320020001030156,,23,1,
1030317,2002001,2320020011030156,,23,1,
1030317,2002002,2320020021030156,,23,1,
1030317,2002003,2320020031030156,,23,1,
1030317,1936854,2419368541030156,,24,1,
1030317,1936856,2419368561030156,,24,1,
1030317,1936859,2419368591030156,,24,1,
1030317,2001999,2420019991030156,,24,1,
1030317,2002000,2420020001030156,,24,1,
1030317,2002001,2420020011030156,,24,1,
1030317,2002002,2420020021030156,,24,1,
1030317,2002003,2420020031030156,,24,1,
1030317,1936854,2519368541030156,,25,1,
1030317,1936856,2519368561030156,,25,1,
1030317,1936859,2519368591030156,,25,1,
1030317,2001999,2520019991030156,,25,1,
1030317,2002000,2520020001030156,,25,1,
1030317,2002001,2520020011030156,,25,1,
1030317,2002002,2520020021030156,,25,1,
1030317,2002003,2520020031030156,,25,1,
1030317,1936854,2619368541030156,,26,1,
1030317,1936856,2619368561030156,,26,1,
1030317,1936859,2619368591030156,,26,1,
1030317,2001999,2620019991030156,,26,1,
1030317,2002000,2620020001030156,,26,1,
1030317,2002001,2620020011030156,,26,1,
1030317,2002002,2620020021030156,,26,1,
1030317,2002003,2620020031030156,,26,1,
1030317,1936854,2719368541030156,,27,1,
1030317,1936856,2719368561030156,,27,1,
1030317,1936859,2719368591030156,,27,1,
1030317,2001999,2720019991030156,,27,1,
1030317,2002000,2720020001030156,,27,1,
1030317,2002001,2720020011030156,,27,1,
1030317,2002002,2720020021030156,,27,1,
1030317,2002003,2720020031030156,,27,1,
1030317,1936854,2819368541030156,,28,1,
1030317,1936856,2819368561030156,,28,1,
1030317,1936859,2819368591030156,,28,1,
1030317,2001999,2820019991030156,,28,1,
1030317,2002000,2820020001030156,,28,1,
1030317,2002001,2820020011030156,,28,1,
1030317,2002002,2820020021030156,,28,1,
1030317,2002003,2820020031030156,,28,1,
1030317,1936854,2919368541030156,,29,1,
1030317,1936856,2919368561030156,,29,1,
1030317,1936859,2919368591030156,,29,1,
1030317,2001999,2920019991030156,,29,1,
1030317,2002000,2920020001030156,,29,1,
1030317,2002001,2920020011030156,,29,1,
1030317,2002002,2920020021030156,,29,1,
1030317,2002003,2920020031030156,,29,1,
1030317,1936854,3019368541030156,,30,1,
1030317,1936856,3019368561030156,,30,1,
1030317,1936859,3019368591030156,,30,1,
1030317,2001999,3020019991030156,,30,1,
1030317,2002000,3020020001030156,,30,1,
1030317,2002001,3020020011030156,,30,1,
1030317,2002002,3020020021030156,,30,1,
1030317,2002003,3020020031030156,,30,1,
1030317,1936854,3119368541030156,,31,1,
1030317,1936856,3119368561030156,,31,1,
1030317,1936859,3119368591030156,,31,1,
1030317,2001999,3120019991030156,,31,1,
1030317,2002000,3120020001030156,,31,1,
1030317,2002001,3120020011030156,,31,1,
1030317,2002002,3120020021030156,,31,1,
1030317,2002003,3120020031030156,,31,1,
1030317,1936854,319368541030156,,3,1,
1030317,1936856,319368561030156,,3,1,
1030317,1936859,319368591030156,,3,1,
1030317,2001999,320019991030156,,3,1,
1030317,2002000,320020001030156,,3,1,
1030317,2002001,320020011030156,,3,1,
1030317,2002002,320020021030156,,3,1,
1030317,2002003,320020031030156,,3,1,
1030317,1936854,3219368541030156,,32,1,
1030317,1936856,3219368561030156,,32,1,
1030317,1936859,3219368591030156,,32,1,
1030317,2001999,3220019991030156,,32,1,
1030317,2002000,3220020001030156,,32,1,
1030317,2002001,3220020011030156,,32,1,
1030317,2002002,3220020021030156,,32,1,
1030317,2002003,3220020031030156,,32,1,
1030317,1936854,3319368541030156,,33,1,
1030317,1936856,3319368561030156,,33,1,
1030317,1936859,3319368591030156,,33,1,
1030317,2001999,3320019991030156,,33,1,
1030317,2002000,3320020001030156,,33,1,
1030317,2002001,3320020011030156,,33,1,
1030317,2002002,3320020021030156,,33,1,
1030317,2002003,3320020031030156,,33,1,
1030317,1936854,3419368541030156,,34,1,
1030317,1936856,3419368561030156,,34,1,
1030317,1936859,3419368591030156,,34,1,
1030317,2001999,3420019991030156,,34,1,
1030317,2002000,3420020001030156,,34,1,
1030317,2002001,3420020011030156,,34,1,
1030317,2002002,3420020021030156,,34,1,
1030317,2002003,3420020031030156,,34,1,
1030317,1936854,3519368541030156,,35,1,
1030317,1936856,3519368561030156,,35,1,
1030317,1936859,3519368591030156,,35,1,
1030317,2001999,3520019991030156,,35,1,
1030317,2002000,3520020001030156,,35,1,
1030317,2002001,3520020011030156,,35,1,
1030317,2002002,3520020021030156,,35,1,
1030317,2002003,3520020031030156,,35,1,
1030317,1936854,3619368541030156,,36,1,
1030317,1936856,3619368561030156,,36,1,
1030317,1936859,3619368591030156,,36,1,
1030317,2001999,3620019991030156,,36,1,
1030317,2002000,3620020001030156,,36,1,
1030317,2002001,3620020011030156,,36,1,
1030317,2002002,3620020021030156,,36,1,
1030317,2002003,3620020031030156,,36,1,
1030317,1936854,3719368541030156,,37,1,
1030317,1936856,3719368561030156,,37,1,
1030317,1936859,3719368591030156,,37,1,
1030317,2001999,3720019991030156,,37,1,
1030317,2002000,3720020001030156,,37,1,
1030317,2002001,3720020011030156,,37,1,
1030317,2002002,3720020021030156,,37,1,
1030317,2002003,3720020031030156,,37,1,
1030317,1936854,3819368541030156,,38,1,
1030317,1936856,3819368561030156,,38,1,
1030317,1936859,3819368591030156,,38,1,
1030317,2001999,3820019991030156,,38,1,
1030317,2002000,3820020001030156,,38,1,
1030317,2002001,3820020011030156,,38,1,
1030317,2002002,3820020021030156,,38,1,
1030317,2002003,3820020031030156,,38,1,
1030317,1936854,3919368541030156,,39,1,
1030317,1936856,3919368561030156,,39,1,
1030317,1936859,3919368591030156,,39,1,
1030317,2001999,3920019991030156,,39,1,
1030317,2002000,3920020001030156,,39,1,
1030317,2002001,3920020011030156,,39,1,
1030317,2002002,3920020021030156,,39,1,
1030317,2002003,3920020031030156,,39,1,
1030317,1936854,4019368541030156,,40,1,
1030317,1936856,4019368561030156,,40,1,
1030317,1936859,4019368591030156,,40,1,
1030317,2001999,4020019991030156,,40,1,
1030317,2002000,4020020001030156,,40,1,
1030317,2002001,4020020011030156,,40,1,
1030317,2002002,4020020021030156,,40,1,
1030317,2002003,4020020031030156,,40,1,
1030317,1936854,4119368541030156,,41,1,
1030317,1936856,4119368561030156,,41,1,
1030317,1936859,4119368591030156,,41,1,
1030317,2001999,4120019991030156,,41,1,
1030317,2002000,4120020001030156,,41,1,
1030317,2002001,4120020011030156,,41,1,
1030317,2002002,4120020021030156,,41,1,
1030317,2002003,4120020031030156,,41,1,
1030317,1936854,419368541030156,,4,1,
1030317,1936856,419368561030156,,4,1,
1030317,1936859,419368591030156,,4,1,
1030317,2001999,420019991030156,,4,1,
1030317,2002000,420020001030156,,4,1,
1030317,2002001,420020011030156,,4,1,
1030317,2002002,420020021030156,,4,1,
1030317,2002003,420020031030156,,4,1,
1030317,1936854,4219368541030156,,42,1,
1030317,1936856,4219368561030156,,42,1,
1030317,1936859,4219368591030156,,42,1,
1030317,2001999,4220019991030156,,42,1,
1030317,2002000,4220020001030156,,42,1,
1030317,2002001,4220020011030156,,42,1,
1030317,2002002,4220020021030156,,42,1,
1030317,2002003,4220020031030156,,42,1,
1030317,1936854,4319368541030156,,43,1,
1030317,1936856,4319368561030156,,43,1,
1030317,1936859,4319368591030156,,43,1,
1030317,2001999,4320019991030156,,43,1,
1030317,2002000,4320020001030156,,43,1,
1030317,2002001,4320020011030156,,43,1,
1030317,2002002,4320020021030156,,43,1,
1030317,2002003,4320020031030156,,43,1,
1030317,1936854,4419368541030156,,44,1,
1030317,1936856,4419368561030156,,44,1,
1030317,1936859,4419368591030156,,44,1,
1030317,2001999,4420019991030156,,44,1,
1030317,2002000,4420020001030156,,44,1,
1030317,2002001,4420020011030156,,44,1,
1030317,2002002,4420020021030156,,44,1,
1030317,2002003,4420020031030156,,44,1,
1030317,1936854,4519368541030156,,45,1,
1030317,1936856,4519368561030156,,45,1,
1030317,1936859,4519368591030156,,45,1,
1030317,2001999,4520019991030156,,45,1,
1030317,2002000,4520020001030156,,45,1,
1030317,2002001,4520020011030156,,45,1,
1030317,2002002,4520020021030156,,45,1,
1030317,2002003,4520020031030156,,45,1,
1030317,1936854,4619368541030156,,46,1,
1030317,1936856,4619368561030156,,46,1,
1030317,1936859,4619368591030156,,46,1,
1030317,2001999,4620019991030156,,46,1,
1030317,2002000,4620020001030156,,46,1,
1030317,2002001,4620020011030156,,46,1,
1030317,2002002,4620020021030156,,46,1,
1030317,2002003,4620020031030156,,46,1,
1030317,1936854,4719368541030156,,47,1,
1030317,1936856,4719368561030156,,47,1,
1030317,1936859,4719368591030156,,47,1,
1030317,2001999,4720019991030156,,47,1,
1030317,2002000,4720020001030156,,47,1,
1030317,2002001,4720020011030156,,47,1,
1030317,2002002,4720020021030156,,47,1,
1030317,2002003,4720020031030156,,47,1,
1030317,1936854,4819368541030156,,48,1,
1030317,1936856,4819368561030156,,48,1,
1030317,1936859,4819368591030156,,48,1,
1030317,2001999,4820019991030156,,48,1,
1030317,2002000,4820020001030156,,48,1,
1030317,2002001,4820020011030156,,48,1,
1030317,2002002,4820020021030156,,48,1,
1030317,2002003,4820020031030156,,48,1,
1030317,1936854,4919368541030156,,49,1,
1030317,1936856,4919368561030156,,49,1,
1030317,1936859,4919368591030156,,49,1,
1030317,2001999,4920019991030156,,49,1,
1030317,2002000,4920020001030156,,49,1,
1030317,2002001,4920020011030156,,49,1,
1030317,2002002,4920020021030156,,49,1,
1030317,2002003,4920020031030156,,49,1,
1030317,1936854,5019368541030156,,50,1,
1030317,1936856,5019368561030156,,50,1,
1030317,1936859,5019368591030156,,50,1,
1030317,2001999,5020019991030156,,50,1,
1030317,2002000,5020020001030156,,50,1,
1030317,2002001,5020020011030156,,50,1,
1030317,2002002,5020020021030156,,50,1,
1030317,2002003,5020020031030156,,50,1,
1030317,1936854,5119368541030156,,51,1,
1030317,1936856,5119368561030156,,51,1,
1030317,1936859,5119368591030156,,51,1,
1030317,2001999,5120019991030156,,51,1,
1030317,2002000,5120020001030156,,51,1,
1030317,2002001,5120020011030156,,51,1,
1030317,2002002,5120020021030156,,51,1,
1030317,2002003,5120020031030156,,51,1,
1030317,1936854,519368541030156,,5,1,
1030317,1936856,519368561030156,,5,1,
1030317,1936859,519368591030156,,5,1,
1030317,2001999,520019991030156,,5,1,
1030317,2002000,520020001030156,,5,1,
1030317,2002001,520020011030156,,5,1,
1030317,2002002,520020021030156,,5,1,
1030317,2002003,520020031030156,,5,1,
1030317,1936854,5219368541030156,,52,1,
1030317,1936856,5219368561030156,,52,1,
1030317,1936859,5219368591030156,,52,1,
1030317,2001999,5220019991030156,,52,1,
1030317,2002000,5220020001030156,,52,1,
1030317,2002001,5220020011030156,,52,1,
1030317,2002002,5220020021030156,,52,1,
1030317,2002003,5220020031030156,,52,1,
1030317,1936854,5319368541030156,,53,1,
1030317,1936856,5319368561030156,,53,1,
1030317,1936859,5319368591030156,,53,1,
1030317,2001999,5320019991030156,,53,1,
1030317,2002000,5320020001030156,,53,1,
1030317,2002001,5320020011030156,,53,1,
1030317,2002002,5320020021030156,,53,1,
1030317,2002003,5320020031030156,,53,1,
1030317,1936854,5419368541030156,,54,1,
1030317,1936856,5419368561030156,,54,1,
1030317,1936859,5419368591030156,,54,1,
1030317,2001999,5420019991030156,,54,1,
1030317,2002000,5420020001030156,,54,1,
1030317,2002001,5420020011030156,,54,1,
1030317,2002002,5420020021030156,,54,1,
1030317,2002003,5420020031030156,,54,1,
1030317,1936854,5519368541030156,,55,1,
1030317,1936856,5519368561030156,,55,1,
1030317,1936859,5519368591030156,,55,1,
1030317,2001999,5520019991030156,,55,1,
1030317,2002000,5520020001030156,,55,1,
1030317,2002001,5520020011030156,,55,1,
1030317,2002002,5520020021030156,,55,1,
1030317,2002003,5520020031030156,,55,1,
1030317,1936854,5619368541030156,,56,1,
1030317,1936856,5619368561030156,,56,1,
1030317,1936859,5619368591030156,,56,1,
1030317,2001999,5620019991030156,,56,1,
1030317,2002000,5620020001030156,,56,1,
1030317,2002001,5620020011030156,,56,1,
1030317,2002002,5620020021030156,,56,1,
1030317,2002003,5620020031030156,,56,1,
1030317,1936854,5719368541030156,,57,1,
1030317,1936856,5719368561030156,,57,1,
1030317,1936859,5719368591030156,,57,1,
1030317,2001999,5720019991030156,,57,1,
1030317,2002000,5720020001030156,,57,1,
1030317,2002001,5720020011030156,,57,1,
1030317,2002002,5720020021030156,,57,1,
1030317,2002003,5720020031030156,,57,1,
1030317,1936854,5819368541030156,,58,1,
1030317,1936856,5819368561030156,,58,1,
1030317,1936859,5819368591030156,,58,1,
1030317,2001999,5820019991030156,,58,1,
1030317,2002000,5820020001030156,,58,1,
1030317,2002001,5820020011030156,,58,1,
1030317,2002002,5820020021030156,,58,1,
1030317,2002003,5820020031030156,,58,1,
1030317,1936854,5919368541030156,,59,1,
1030317,1936856,5919368561030156,,59,1,
1030317,1936859,5919368591030156,,59,1,
1030317,2001999,5920019991030156,,59,1,
1030317,2002000,5920020001030156,,59,1,
1030317,2002001,5920020011030156,,59,1,
1030317,2002002,5920020021030156,,59,1,
1030317,2002003,5920020031030156,,59,1,
1030317,1936854,6019368541030156,,60,1,
1030317,1936856,6019368561030156,,60,1,
1030317,1936859,6019368591030156,,60,1,
1030317,2001999,6020019991030156,,60,1,
1030317,2002000,6020020001030156,,60,1,
1030317,2002001,6020020011030156,,60,1,
1030317,2002002,6020020021030156,,60,1,
1030317,2002003,6020020031030156,,60,1,
1030317,1936854,6119368541030156,,61,1,
1030317,1936856,6119368561030156,,61,1,
1030317,1936859,6119368591030156,,61,1,
1030317,2001999,6120019991030156,,61,1,
1030317,2002000,6120020001030156,,61,1,
1030317,2002001,6120020011030156,,61,1,
1030317,2002002,6120020021030156,,61,1,
1030317,2002003,6120020031030156,,61,1,
1030317,1936854,619368541030156,,6,1,
1030317,1936856,619368561030156,,6,1,
1030317,1936859,619368591030156,,6,1,
1030317,2001999,620019991030156,,6,1,
1030317,2002000,620020001030156,,6,1,
1030317,2002001,620020011030156,,6,1,
1030317,2002002,620020021030156,,6,1,
1030317,2002003,620020031030156,,6,1,
1030317,1936854,6219368541030156,,62,1,
1030317,1936856,6219368561030156,,62,1,
1030317,1936859,6219368591030156,,62,1,
1030317,2001999,6220019991030156,,62,1,
1030317,2002000,6220020001030156,,62,1,
1030317,2002001,6220020011030156,,62,1,
1030317,2002002,6220020021030156,,62,1,
1030317,2002003,6220020031030156,,62,1,
1030317,1936854,6319368541030156,,63,1,
1030317,1936856,6319368561030156,,63,1,
1030317,1936859,6319368591030156,,63,1,
1030317,2001999,6320019991030156,,63,1,
1030317,2002000,6320020001030156,,63,1,
1030317,2002001,6320020011030156,,63,1,
1030317,2002002,6320020021030156,,63,1,
1030317,2002003,6320020031030156,,63,1,
1030317,1936854,6419368541030156,,64,1,
1030317,1936856,6419368561030156,,64,1,
1030317,1936859,6419368591030156,,64,1,
1030317,2001999,6420019991030156,,64,1,
1030317,2002000,6420020001030156,,64,1,
1030317,2002001,6420020011030156,,64,1,
1030317,2002002,6420020021030156,,64,1,
1030317,2002003,6420020031030156,,64,1,
1030317,1936854,6519368541030156,,65,1,
1030317,1936856,6519368561030156,,65,1,
1030317,1936859,6519368591030156,,65,1,
1030317,2001999,6520019991030156,,65,1,
1030317,2002000,6520020001030156,,65,1,
1030317,2002001,6520020011030156,,65,1,
1030317,2002002,6520020021030156,,65,1,
1030317,2002003,6520020031030156,,65,1,
1030317,1936854,6619368541030156,,66,1,
1030317,1936856,6619368561030156,,66,1,
1030317,1936859,6619368591030156,,66,1,
1030317,2001999,6620019991030156,,66,1,
1030317,2002000,6620020001030156,,66,1,
1030317,2002001,6620020011030156,,66,1,
1030317,2002002,6620020021030156,,66,1,
1030317,2002003,6620020031030156,,66,1,
1030317,1936854,6719368541030156,,67,1,
1030317,1936856,6719368561030156,,67,1,
1030317,1936859,6719368591030156,,67,1,
1030317,2001999,6720019991030156,,67,1,
1030317,2002000,6720020001030156,,67,1,
1030317,2002001,6720020011030156,,67,1,
1030317,2002002,6720020021030156,,67,1,
1030317,2002003,6720020031030156,,67,1,
1030317,1936854,6819368541030156,,68,1,
1030317,1936856,6819368561030156,,68,1,
1030317,1936859,6819368591030156,,68,1,
1030317,2001999,6820019991030156,,68,1,
1030317,2002000,6820020001030156,,68,1,
1030317,2002001,6820020011030156,,68,1,
1030317,2002002,6820020021030156,,68,1,
1030317,2002003,6820020031030156,,68,1,
1030317,1936854,6919368541030156,,69,1,
1030317,1936856,6919368561030156,,69,1,
1030317,1936859,6919368591030156,,69,1,
1030317,2001999,6920019991030156,,69,1,
1030317,2002000,6920020001030156,,69,1,
1030317,2002001,6920020011030156,,69,1,
1030317,2002002,6920020021030156,,69,1,
1030317,2002003,6920020031030156,,69,1,
1030317,1936854,7019368541030156,,70,1,
1030317,1936856,7019368561030156,,70,1,
1030317,1936859,7019368591030156,,70,1,
1030317,2001999,7020019991030156,,70,1,
1030317,2002000,7020020001030156,,70,1,
1030317,2002001,7020020011030156,,70,1,
1030317,2002002,7020020021030156,,70,1,
1030317,2002003,7020020031030156,,70,1,
1030317,1936854,7119368541030156,,71,1,
1030317,1936856,7119368561030156,,71,1,
1030317,1936859,7119368591030156,,71,1,
1030317,12001999,7120019991030156,,71,1,
1030317,2002000,7120020001030156,,71,1,
1030317,2002001,7120020011030156,,71,1,
1030317,2002002,7120020021030156,,71,1,
1030317,2002003,7120020031030156,,71,1,
1030317,1936854,719368541030156,,7,1,
1030317,1936856,719368561030156,,7,1,
1030317,1936859,719368591030156,,7,1,
1030317,2001999,720019991030156,,7,1,
1030317,2002000,720020001030156,,7,1,
1030317,2002001,720020011030156,,7,1,
1030317,2002002,720020021030156,,7,1,
1030317,2002003,720020031030156,,7,1,
1030317,1936854,7219368541030156,,72,1,
1030317,1936856,7219368561030156,,72,1,
1030317,1936859,7219368591030156,,72,1,
1030317,12001999,7220019991030156,,72,1,
1030317,2002000,7220020001030156,,72,1,
1030317,2002001,7220020011030156,,72,1,
1030317,2002002,7220020021030156,,72,1,
1030317,2002003,7220020031030156,,72,1,
1030317,1936854,7319368541030156,,73,1,
1030317,1936856,7319368561030156,,73,1,
1030317,1936859,7319368591030156,,73,1,
1030317,2002000,7320020001030156,,73,1,
1030317,2002001,7320020011030156,,73,1,
1030317,2002002,7320020021030156,,73,1,
1030317,2002003,7320020031030156,,73,1,
1030317,1936854,7419368541030156,,74,1,
1030317,1936856,7419368561030156,,74,1,
1030317,1936859,7419368591030156,,74,1,
1030317,2002000,7420020001030156,,74,1,
1030317,2002001,7420020011030156,,74,1,
1030317,2002002,7420020021030156,,74,1,
1030317,2002003,7420020031030156,,74,1,
1030317,1936854,7519368541030156,,75,1,
1030317,1936856,7519368561030156,,75,1,
1030317,1936859,7519368591030156,,75,1,
1030317,2002000,7520020001030156,,75,1,
1030317,2002001,7520020011030156,,75,1,
1030317,2002002,7520020021030156,,75,1,
1030317,2002003,7520020031030156,,75,1,
1030317,1936854,7619368541030156,,76,1,
1030317,1936856,7619368561030156,,76,1,
1030317,1936859,7619368591030156,,76,1,
1030317,2002000,7620020001030156,,76,1,
1030317,2002001,7620020011030156,,76,1,
1030317,2002002,7620020021030156,,76,1,
1030317,2002003,7620020031030156,,76,1,
1030317,1936854,7719368541030156,,77,1,
1030317,1936856,7719368561030156,,77,1,
1030317,1936859,7719368591030156,,77,1,
1030317,2002000,7720020001030156,,77,1,
1030317,2002001,7720020011030156,,77,1,
1030317,2002002,7720020021030156,,77,1,
1030317,2002003,7720020031030156,,77,1,
1030317,1936854,7819368541030156,,78,1,
1030317,1936856,7819368561030156,,78,1,
1030317,1936859,7819368591030156,,78,1,
1030317,2002000,7820020001030156,,78,1,
1030317,2002001,7820020011030156,,78,1,
1030317,2002002,7820020021030156,,78,1,
1030317,2002003,7820020031030156,,78,1,
1030317,1936854,7919368541030156,,79,1,
1030317,1936856,7919368561030156,,79,1,
1030317,1936859,7919368591030156,,79,1,
1030317,2002000,7920020001030156,,79,1,
1030317,2002001,7920020011030156,,79,1,
1030317,2002002,7920020021030156,,79,1,
1030317,2002003,7920020031030156,,79,1,
1030317,1936854,8019368541030156,,80,1,
1030317,1936856,8019368561030156,,80,1,
1030317,1936859,8019368591030156,,80,1,
1030317,2002000,8020020001030156,,80,1,
1030317,2002001,8020020011030156,,80,1,
1030317,2002002,8020020021030156,,80,1,
1030317,2002003,8020020031030156,,80,1,
1030317,1936854,8119368541030156,,81,1,
1030317,1936856,8119368561030156,,81,1,
1030317,1936859,8119368591030156,,81,1,
1030317,2002000,8120020001030156,,81,1,
1030317,2002001,8120020011030156,,81,1,
1030317,2002002,8120020021030156,,81,1,
1030317,2002003,8120020031030156,,81,1,
1030317,1936854,819368541030156,,8,1,
1030317,1936856,819368561030156,,8,1,
1030317,1936859,819368591030156,,8,1,
1030317,2001999,820019991030156,,8,1,
1030317,2002000,820020001030156,,8,1,
1030317,2002001,820020011030156,,8,1,
1030317,2002002,820020021030156,,8,1,
1030317,2002003,820020031030156,,8,1,
1030317,1936854,8219368541030156,,82,1,
1030317,1936856,8219368561030156,,82,1,
1030317,1936859,8219368591030156,,82,1,
1030317,2002000,8220020001030156,,82,1,
1030317,2002001,8220020011030156,,82,1,
1030317,2002002,8220020021030156,,82,1,
1030317,2002003,8220020031030156,,82,1,
1030317,1936854,8319368541030156,,83,1,
1030317,1936856,8319368561030156,,83,1,
1030317,1936859,8319368591030156,,83,1,
1030317,2002000,8320020001030156,,83,1,
1030317,2002001,8320020011030156,,83,1,
1030317,2002002,8320020021030156,,83,1,
1030317,2002003,8320020031030156,,83,1,
1030317,1936854,8419368541030156,,84,1,
1030317,1936856,8419368561030156,,84,1,
1030317,1936859,8419368591030156,,84,1,
1030317,2002000,8420020001030156,,84,1,
1030317,2002001,8420020011030156,,84,1,
1030317,2002002,8420020021030156,,84,1,
1030317,2002003,8420020031030156,,84,1,
1030317,1936854,8519368541030156,,85,1,
1030317,1936856,8519368561030156,,85,1,
1030317,1936859,8519368591030156,,85,1,
1030317,2002000,8520020001030156,,85,1,
1030317,2002001,8520020011030156,,85,1,
1030317,2002002,8520020021030156,,85,1,
1030317,2002003,8520020031030156,,85,1,
1030317,1936854,8619368541030156,,86,1,
1030317,1936856,8619368561030156,,86,1,
1030317,1936859,8619368591030156,,86,1,
1030317,2002000,8620020001030156,,86,1,
1030317,2002001,8620020011030156,,86,1,
1030317,2002002,8620020021030156,,86,1,
1030317,2002003,8620020031030156,,86,1,
1030317,1936854,8719368541030156,,87,1,
1030317,1936856,8719368561030156,,87,1,
1030317,1936859,8719368591030156,,87,1,
1030317,2002000,8720020001030156,,87,1,
1030317,2002001,8720020011030156,,87,1,
1030317,2002002,8720020021030156,,87,1,
1030317,2002003,8720020031030156,,87,1,
1030317,1936854,8819368541030156,,88,1,
1030317,1936856,8819368561030156,,88,1,
1030317,1936859,8819368591030156,,88,1,
1030317,2002000,8820020001030156,,88,1,
1030317,2002001,8820020011030156,,88,1,
1030317,2002002,8820020021030156,,88,1,
1030317,2002003,8820020031030156,,88,1,
1030317,1936854,8919368541030156,,89,1,
1030317,1936856,8919368561030156,,89,1,
1030317,1936859,8919368591030156,,89,1,
1030317,2002000,8920020001030156,,89,1,
1030317,2002001,8920020011030156,,89,1,
1030317,2002002,8920020021030156,,89,1,
1030317,2002003,8920020031030156,,89,1,
1030317,1936854,9019368541030156,,90,1,
1030317,1936856,9019368561030156,,90,1,
1030317,1936859,9019368591030156,,90,1,
1030317,2002000,9020020001030156,,90,1,
1030317,2002001,9020020011030156,,90,1,
1030317,2002002,9020020021030156,,90,1,
1030317,2002003,9020020031030156,,90,1,
1030317,1936854,9119368541030156,,91,1,
1030317,1936856,9119368561030156,,91,1,
1030317,1936859,9119368591030156,,91,1,
1030317,2002000,9120020001030156,,91,1,
1030317,2002001,9120020011030156,,91,1,
1030317,2002002,9120020021030156,,91,1,
1030317,2002003,9120020031030156,,91,1,
1030317,1936854,919368541030156,,9,1,
1030317,1936856,919368561030156,,9,1,
1030317,1936859,919368591030156,,9,1,
1030317,2001999,920019991030156,,9,1,
1030317,2002000,920020001030156,,9,1,
1030317,2002001,920020011030156,,9,1,
1030317,2002002,920020021030156,,9,1,
1030317,2002003,920020031030156,,9,1,
1030317,1936854,9219368541030156,,92,1,
1030317,1936856,9219368561030156,,92,1,
1030317,1936859,9219368591030156,,92,1,
1030317,2002000,9220020001030156,,92,1,
1030317,2002001,9220020011030156,,92,1,
1030317,2002002,9220020021030156,,92,1,
1030317,2002003,9220020031030156,,92,1,
1030317,1936854,9319368541030156,,93,1,
1030317,1936856,9319368561030156,,93,1,
1030317,1936859,9319368591030156,,93,1,
1030317,2002000,9320020001030156,,93,1,
1030317,2002001,9320020011030156,,93,1,
1030317,2002002,9320020021030156,,93,1,
1030317,2002003,9320020031030156,,93,1,
1030317,1936854,9419368541030156,,94,1,
1030317,1936856,9419368561030156,,94,1,
1030317,1936859,9419368591030156,,94,1,
1030317,2002000,9420020001030156,,94,1,
1030317,2002001,9420020011030156,,94,1,
1030317,2002002,9420020021030156,,94,1,
1030317,2002003,9420020031030156,,94,1,
1030317,1936854,9519368541030156,,95,1,
1030317,1936856,9519368561030156,,95,1,
1030317,1936859,9519368591030156,,95,1,
1030317,2002000,9520020001030156,,95,1,
1030317,2002001,9520020011030156,,95,1,
1030317,2002002,9520020021030156,,95,1,
1030317,2002003,9520020031030156,,95,1,
1030317,1936854,9619368541030156,,96,1,
1030317,1936856,9619368561030156,,96,1,
1030317,1936859,9619368591030156,,96,1,
1030317,2002000,9620020001030156,,96,1,
1030317,2002001,9620020011030156,,96,1,
1030317,2002002,9620020021030156,,96,1,
1030317,2002003,9620020031030156,,96,1,
1030317,1936854,9719368541030156,,97,1,
1030317,1936856,9719368561030156,,97,1,
1030317,1936859,9719368591030156,,97,1,
1030317,2002000,9720020001030156,,97,1,
1030317,2002001,9720020011030156,,97,1,
1030317,2002002,9720020021030156,,97,1,
1030317,2002003,9720020031030156,,97,1,
1030317,1936854,9819368541030156,,98,1,
1030317,1936856,9819368561030156,,98,1,
1030317,1936859,9819368591030156,,98,1,
1030317,2002000,9820020001030156,,98,1,
1030317,2002001,9820020011030156,,98,1,
1030317,2002002,9820020021030156,,98,1,
1030317,2002003,9820020031030156,,98,1,
1030317,1936854,9919368541030156,,99,1,
1030317,1936856,9919368561030156,,99,1,
1030317,1936859,9919368591030156,,99,1,
1030317,2002000,9920020001030156,,99,1,
1030317,2002001,9920020011030156,,99,1,
1030317,2002002,9920020021030156,,99,1,
1030317,2002003,9920020031030156,,99,1,
1030317,1936854,119368541030154,,1,1,
1030317,1936856,119368561030154,,1,1,
1030317,1936859,119368591030154,,1,1,
1030317,2001999,120019991030154,,1,1,
1030317,2002000,120020001030154,,1,1,
1030317,2002001,120020011030154,,1,1,
1030317,2002002,120020021030154,,1,1,
1030317,2002003,120020031030154,,1,1,
1030317,1936854,219368541030154,,2,1,
1030317,1936856,219368561030154,,2,1,
1030317,1936859,219368591030154,,2,1,
1030317,12001999,220019991030154,,2,1,
1030317,2002000,220020001030154,,2,1,
1030317,2002001,220020011030154,,2,1,
1030317,2002002,220020021030154,,2,1,
1030317,2002003,220020031030154,,2,1,
1030317,1936854,319368541030154,,3,1,
1030317,1936856,319368561030154,,3,1,
1030317,11936859,319368591030154,,3,1,
1030317,12002000,320020001030154,,3,1,
1030317,12002001,320020011030154,,3,1,
1030317,12002002,320020021030154,,3,1,
1030317,12002003,320020031030154,,3,1,
1030317,11936854,419368541030154,,4,1,
1030317,11936856,419368561030154,,4,1,
1030317,1936854,119368541030155,,1,1,
1030317,1936856,119368561030155,,1,1,
1030317,1936859,119368591030155,,1,1,
1030317,2001999,120019991030155,,1,1,
1030317,2002000,120020001030155,,1,1,
1030317,2002001,120020011030155,,1,1,
1030317,2002002,120020021030155,,1,1,
1030317,2002003,120020031030155,,1,1,
1030317,1936854,219368541030155,,2,1,
1030317,1936856,219368561030155,,2,1,
1030317,1936859,219368591030155,,2,1,
1030317,2001999,220019991030155,,2,1,
1030317,2002000,220020001030155,,2,1,
1030317,2002001,220020011030155,,2,1,
1030317,2002002,220020021030155,,2,1,
1030317,2002003,220020031030155,,2,1,
1030317,1936854,319368541030155,,3,1,
1030317,1936856,319368561030155,,3,1,
1030317,1936859,319368591030155,,3,1,
1030317,2001999,320019991030155,,3,1,
1030317,2002000,320020001030155,,3,1,
1030317,2002001,320020011030155,,3,1,
1030317,2002002,320020021030155,,3,1,
1030317,2002003,320020031030155,,3,1,
1030317,1936854,419368541030155,,4,1,
1030317,1936856,419368561030155,,4,1,
1030317,1936859,419368591030155,,4,1,
1030317,2001999,420019991030155,,4,1,
1030317,2002000,420020001030155,,4,1,
1030317,2002001,420020011030155,,4,1,
1030317,2002002,420020021030155,,4,1,
1030317,2002003,420020031030155,,4,1,
1030317,1936854,519368541030155,,5,1,
1030317,1936856,519368561030155,,5,1,
1030317,1936859,519368591030155,,5,1,
1030317,2001999,520019991030155,,5,1,
1030317,2002000,520020001030155,,5,1,
1030317,2002001,520020011030155,,5,1,
1030317,2002003,520020031030155,,5,1,
1030317,2001999,620019991030155,,6,1,
1030317,2002000,620020001030155,,6,1,
1030317,2002003,620020031030155,,6,1,
1030317,1936854,119368541030157,,1,1,
1030317,1936856,119368561030157,,1,1,
1030317,1936859,119368591030157,,1,1,
1030317,2002000,120020001030157,,1,1,
1030317,2002001,120020011030157,,1,1,
1030317,2002003,120020031030157,,1,1,
1030317,1936854,219368541030157,,2,1,
1030317,1936856,219368561030157,,2,1,
1030317,1936859,219368591030157,,2,1,
1030317,2002000,220020001030157,,2,1,
1030317,2002001,220020011030157,,2,1,
1030317,2002003,220020031030157,,2,1,
1030317,1936854,319368541030157,,3,1,
1030317,1936856,319368561030157,,3,1,
1030317,1936859,319368591030157,,3,1,
1030317,2002000,320020001030157,,3,1,
1030317,2002001,320020011030157,,3,1,
1030317,2002003,320020031030157,,3,1,
1030317,1936854,419368541030157,,4,1,
1030317,1936856,419368561030157,,4,1,
1030317,1936859,419368591030157,,4,1,
1030317,2002000,420020001030157,,4,1,
1030317,2002001,420020011030157,,4,1,
1030317,2002003,420020031030157,,4,1,
1030317,1936854,519368541030157,,5,1,
1030317,1936856,519368561030157,,5,1,
1030317,1936859,519368591030157,,5,1,
