route_id,service_id,trip_id,trip_headsign,trip_short_name,direction_id,shape_id
1052005,11940556,1019405561039778,,10,0,
1052005,11940561,1019405611039778,,10,0,
1052005,11984333,1019843331039778,,10,0,
1052005,11984335,1019843351039778,,10,0,
1052005,1940556,119405561039778,,1,0,
1052005,1940561,119405611039778,,1,0,
1052005,1961878,119618781039778,,1,0,
1052005,1961879,119618791039778,,1,0,
1052005,1961880,119618801039778,,1,0,
1052005,1984332,119843321039778,,1,0,
1052005,1984333,119843331039778,,1,0,
1052005,1984334,119843341039778,,1,0,
1052005,1984335,119843351039778,,1,0,
1052005,1940556,219405561039778,,2,0,
1052005,1940561,219405611039778,,2,0,
1052005,1961878,219618781039778,,2,0,
1052005,1961879,219618791039778,,2,0,
1052005,1961880,219618801039778,,2,0,
1052005,1984332,219843321039778,,2,0,
1052005,1984333,219843331039778,,2,0,
1052005,1984334,219843341039778,,2,0,
1052005,1984335,219843351039778,,2,0,
1052005,1940556,319405561039778,,3,0,
1052005,1940561,319405611039778,,3,0,
1052005,1961878,319618781039778,,3,0,
1052005,1961879,319618791039778,,3,0,
1052005,1961880,319618801039778,,3,0,
1052005,1984332,319843321039778,,3,0,
1052005,1984333,319843331039778,,3,0,
1052005,1984334,319843341039778,,3,0,
1052005,1984335,319843351039778,,3,0,
1052005,1940556,419405561039778,,4,0,
1052005,1940561,419405611039778,,4,0,
1052005,11961878,419618781039778,,4,0,
1052005,1961879,419618791039778,,4,0,
1052005,1961880,419618801039778,,4,0,
1052005,1984332,419843321039778,,4,0,
1052005,1984333,419843331039778,,4,0,
1052005,1984334,419843341039778,,4,0,
1052005,1984335,419843351039778,,4,0,
1052005,1940556,519405561039778,,5,0,
1052005,1940561,519405611039778,,5,0,
1052005,11961878,519618781039778,,5,0,
1052005,1961879,519618791039778,,5,0,
1052005,1961880,519618801039778,,5,0,
1052005,11984332,519843321039778,,5,0,
1052005,1984333,519843331039778,,5,0,
1052005,11984334,519843341039778,,5,0,
1052005,1984335,519843351039778,,5,0,
1052005,1940556,619405561039778,,6,0,
1052005,1940561,619405611039778,,6,0,
1052005,1961879,619618791039778,,6,0,
1052005,1961880,619618801039778,,6,0,
1052005,11984332,619843321039778,,6,0,
1052005,1984333,619843331039778,,6,0,
1052005,11984334,619843341039778,,6,0,
1052005,1984335,619843351039778,,6,0,
1052005,1940556,719405561039778,,7,0,
1052005,1940561,719405611039778,,7,0,
1052005,1961879,719618791039778,,7,0,
1052005,11961880,719618801039778,,7,0,
1052005,1984333,719843331039778,,7,0,
1052005,11984334,719843341039778,,7,0,
1052005,1984335,719843351039778,,7,0,
1052005,1940556,819405561039778,,8,0,
1052005,11940561,819405611039778,,8,0,
1052005,11961879,819618791039778,,8,0,
1052005,11961880,819618801039778,,8,0,
1052005,1984333,819843331039778,,8,0,
1052005,11984335,819843351039778,,8,0,
1052005,11940556,919405561039778,,9,0,
1052005,11940561,919405611039778,,9,0,
1052005,11961879,919618791039778,,9,0,
1052005,11961880,919618801039778,,9,0,
1052005,11984333,919843331039778,,9,0,
1052005,11984335,919843351039778,,9,0,
1369135,1940508,10019405081039776,,100,0,
1369135,1940532,10019405321039776,,100,0,
1369135,11961877,10019618771039776,,100,0,
1369135,1984329,10019843291039776,,100,0,
1369135,1984331,10019843311039776,,100,0,
1369135,1940508,10119405081039776,,101,0,
1369135,1940532,10119405321039776,,101,0,
1369135,11961877,10119618771039776,,101,0,
1369135,1984329,10119843291039776,,101,0,
1369135,1984331,10119843311039776,,101,0,
1369135,1940508,1019405081039776,,10,0,
1369135,1940532,1019405321039776,,10,0,
1369135,1961875,1019618751039776,,10,0,
1369135,1961876,1019618761039776,,10,0,
1369135,1961877,1019618771039776,,10,0,
1369135,1984328,1019843281039776,,10,0,
1369135,1984329,1019843291039776,,10,0,
1369135,1984330,1019843301039776,,10,0,
1369135,1984331,1019843311039776,,10,0,
1369135,1940508,10219405081039776,,102,0,
1369135,1940532,10219405321039776,,102,0,
1369135,1984329,10219843291039776,,102,0,
1369135,1984331,10219843311039776,,102,0,
1369135,1940508,10319405081039776,,103,0,
1369135,1940532,10319405321039776,,103,0,
1369135,1984329,10319843291039776,,103,0,
1369135,1984331,10319843311039776,,103,0,
1369135,1940508,10419405081039776,,104,0,
1369135,1940532,10419405321039776,,104,0,
1369135,1984329,10419843291039776,,104,0,
1369135,1984331,10419843311039776,,104,0,
1369135,1940508,10519405081039776,,105,0,
1369135,1940532,10519405321039776,,105,0,
1369135,1984329,10519843291039776,,105,0,
1369135,1984331,10519843311039776,,105,0,
1369135,1940508,10619405081039776,,106,0,
1369135,1940532,10619405321039776,,106,0,
1369135,1984329,10619843291039776,,106,0,
1369135,1984331,10619843311039776,,106,0,
1369135,1940508,10719405081039776,,107,0,
1369135,1940532,10719405321039776,,107,0,
1369135,1984329,10719843291039776,,107,0,
1369135,1984331,10719843311039776,,107,0,
1369135,1940508,10819405081039776,,108,0,
1369135,1940532,10819405321039776,,108,0,
1369135,1984329,10819843291039776,,108,0,
1369135,1984331,10819843311039776,,108,0,
1369135,1940532,10919405321039776,,109,0,
1369135,1984331,10919843311039776,,109,0,
1369135,11940532,11019405321039776,,110,0,
1369135,11984331,11019843311039776,,110,0,
1369135,11940532,11119405321039776,,111,0,
1369135,11984331,11119843311039776,,111,0,
1369135,1940508,1119405081039776,,11,0,
1369135,1940532,1119405321039776,,11,0,
1369135,1961875,1119618751039776,,11,0,
1369135,1961876,1119618761039776,,11,0,
1369135,1961877,1119618771039776,,11,0,
1369135,1984328,1119843281039776,,11,0,
1369135,1984329,1119843291039776,,11,0,
1369135,1984330,1119843301039776,,11,0,
1369135,1984331,1119843311039776,,11,0,
1369135,1940508,119405081039776,,1,0,
1369135,1940532,119405321039776,,1,0,
1369135,1961875,119618751039776,,1,0,
1369135,1961876,119618761039776,,1,0,
1369135,1961877,119618771039776,,1,0,
1369135,1984328,119843281039776,,1,0,
1369135,1984329,119843291039776,,1,0,
1369135,1984330,119843301039776,,1,0,
1369135,1984331,119843311039776,,1,0,
1369135,1940508,1219405081039776,,12,0,
1369135,1940532,1219405321039776,,12,0,
1369135,1961875,1219618751039776,,12,0,
1369135,1961876,1219618761039776,,12,0,
1369135,1961877,1219618771039776,,12,0,
1369135,1984328,1219843281039776,,12,0,
1369135,1984329,1219843291039776,,12,0,
1369135,1984330,1219843301039776,,12,0,
1369135,1984331,1219843311039776,,12,0,
1369135,1940508,1319405081039776,,13,0,
1369135,1940532,1319405321039776,,13,0,
1369135,1961875,1319618751039776,,13,0,
1369135,1961876,1319618761039776,,13,0,
1369135,1961877,1319618771039776,,13,0,
1369135,1984328,1319843281039776,,13,0,
1369135,1984329,1319843291039776,,13,0,
1369135,1984330,1319843301039776,,13,0,
1369135,1984331,1319843311039776,,13,0,
1369135,1940508,1419405081039776,,14,0,
1369135,1940532,1419405321039776,,14,0,
1369135,1961875,1419618751039776,,14,0,
1369135,1961876,1419618761039776,,14,0,
1369135,1961877,1419618771039776,,14,0,
1369135,1984328,1419843281039776,,14,0,
1369135,1984329,1419843291039776,,14,0,
1369135,1984330,1419843301039776,,14,0,
1369135,1984331,1419843311039776,,14,0,
1369135,1940508,1519405081039776,,15,0,
1369135,1940532,1519405321039776,,15,0,
1369135,1961875,1519618751039776,,15,0,
1369135,1961876,1519618761039776,,15,0,
1369135,1961877,1519618771039776,,15,0,
1369135,1984328,1519843281039776,,15,0,
1369135,1984329,1519843291039776,,15,0,
1369135,1984330,1519843301039776,,15,0,
1369135,1984331,1519843311039776,,15,0,
1369135,1940508,1619405081039776,,16,0,
1369135,1940532,1619405321039776,,16,0,
1369135,1961875,1619618751039776,,16,0,
1369135,1961876,1619618761039776,,16,0,
1369135,1961877,1619618771039776,,16,0,
1369135,1984328,1619843281039776,,16,0,
1369135,1984329,1619843291039776,,16,0,
1369135,1984330,1619843301039776,,16,0,
1369135,1984331,1619843311039776,,16,0,
1369135,1940508,1719405081039776,,17,0,
1369135,1940532,1719405321039776,,17,0,
1369135,1961875,1719618751039776,,17,0,
1369135,1961876,1719618761039776,,17,0,
1369135,1961877,1719618771039776,,17,0,
1369135,1984328,1719843281039776,,17,0,
1369135,1984329,1719843291039776,,17,0,
1369135,1984330,1719843301039776,,17,0,
1369135,1984331,1719843311039776,,17,0,
1369135,1940508,1819405081039776,,18,0,
1369135,1940532,1819405321039776,,18,0,
1369135,1961875,1819618751039776,,18,0,
1369135,1961876,1819618761039776,,18,0,
1369135,1961877,1819618771039776,,18,0,
1369135,1984328,1819843281039776,,18,0,
1369135,1984329,1819843291039776,,18,0,
1369135,1984330,1819843301039776,,18,0,
1369135,1984331,1819843311039776,,18,0,
1369135,1940508,1919405081039776,,19,0,
1369135,1940532,1919405321039776,,19,0,
1369135,1961875,1919618751039776,,19,0,
1369135,1961876,1919618761039776,,19,0,
1369135,1961877,1919618771039776,,19,0,
1369135,1984328,1919843281039776,,19,0,
1369135,1984329,1919843291039776,,19,0,
1369135,1984330,1919843301039776,,19,0,
1369135,1984331,1919843311039776,,19,0,
1369135,1940508,2019405081039776,,20,0,
1369135,1940532,2019405321039776,,20,0,
1369135,1961875,2019618751039776,,20,0,
1369135,1961876,2019618761039776,,20,0,
1369135,1961877,2019618771039776,,20,0,
1369135,1984328,2019843281039776,,20,0,
1369135,1984329,2019843291039776,,20,0,
1369135,1984330,2019843301039776,,20,0,
1369135,1984331,2019843311039776,,20,0,
1369135,1940508,2119405081039776,,21,0,
1369135,1940532,2119405321039776,,21,0,
1369135,1961875,2119618751039776,,21,0,
1369135,1961876,2119618761039776,,21,0,
1369135,1961877,2119618771039776,,21,0,
1369135,1984328,2119843281039776,,21,0,
1369135,1984329,2119843291039776,,21,0,
1369135,1984330,2119843301039776,,21,0,
1369135,1984331,2119843311039776,,21,0,
1369135,1940508,219405081039776,,2,0,
1369135,1940532,219405321039776,,2,0,
1369135,1961875,219618751039776,,2,0,
1369135,1961876,219618761039776,,2,0,
1369135,1961877,219618771039776,,2,0,
1369135,1984328,219843281039776,,2,0,
1369135,1984329,219843291039776,,2,0,
1369135,1984330,219843301039776,,2,0,
1369135,1984331,219843311039776,,2,0,
1369135,1940508,2219405081039776,,22,0,
1369135,1940532,2219405321039776,,22,0,
1369135,1961875,2219618751039776,,22,0,
1369135,1961876,2219618761039776,,22,0,
1369135,1961877,2219618771039776,,22,0,
1369135,1984328,2219843281039776,,22,0,
1369135,1984329,2219843291039776,,22,0,
1369135,1984330,2219843301039776,,22,0,
1369135,1984331,2219843311039776,,22,0,
1369135,1940508,2319405081039776,,23,0,
1369135,1940532,2319405321039776,,23,0,
1369135,1961875,2319618751039776,,23,0,
1369135,1961876,2319618761039776,,23,0,
1369135,1961877,2319618771039776,,23,0,
1369135,1984328,2319843281039776,,23,0,
1369135,1984329,2319843291039776,,23,0,
1369135,1984330,2319843301039776,,23,0,
1369135,1984331,2319843311039776,,23,0,
1369135,1940508,2419405081039776,,24,0,
1369135,1940532,2419405321039776,,24,0,
1369135,1961875,2419618751039776,,24,0,
1369135,1961876,2419618761039776,,24,0,
1369135,1961877,2419618771039776,,24,0,
1369135,1984328,2419843281039776,,24,0,
1369135,1984329,2419843291039776,,24,0,
1369135,1984330,2419843301039776,,24,0,
1369135,1984331,2419843311039776,,24,0,
1369135,1940508,2519405081039776,,25,0,
1369135,1940532,2519405321039776,,25,0,
1369135,1961875,2519618751039776,,25,0,
1369135,1961876,2519618761039776,,25,0,
1369135,1961877,2519618771039776,,25,0,
1369135,1984328,2519843281039776,,25,0,
1369135,1984329,2519843291039776,,25,0,
1369135,1984330,2519843301039776,,25,0,
1369135,1984331,2519843311039776,,25,0,
1369135,1940508,2619405081039776,,26,0,
1369135,1940532,2619405321039776,,26,0,
1369135,1961875,2619618751039776,,26,0,
1369135,1961876,2619618761039776,,26,0,
1369135,1961877,2619618771039776,,26,0,
1369135,1984328,2619843281039776,,26,0,
1369135,1984329,2619843291039776,,26,0,
1369135,1984330,2619843301039776,,26,0,
1369135,1984331,2619843311039776,,26,0,
1369135,1940508,2719405081039776,,27,0,
1369135,1940532,2719405321039776,,27,0,
1369135,1961875,2719618751039776,,27,0,
1369135,1961876,2719618761039776,,27,0,
1369135,1961877,2719618771039776,,27,0,
1369135,1984328,2719843281039776,,27,0,
1369135,1984329,2719843291039776,,27,0,
1369135,1984330,2719843301039776,,27,0,
1369135,1984331,2719843311039776,,27,0,
1369135,1940508,2819405081039776,,28,0,
1369135,1940532,2819405321039776,,28,0,
1369135,1961875,2819618751039776,,28,0,
1369135,1961876,2819618761039776,,28,0,
1369135,1961877,2819618771039776,,28,0,
1369135,1984328,2819843281039776,,28,0,
1369135,1984329,2819843291039776,,28,0,
1369135,1984330,2819843301039776,,28,0,
1369135,1984331,2819843311039776,,28,0,
1369135,1940508,2919405081039776,,29,0,
1369135,1940532,2919405321039776,,29,0,
1369135,1961875,2919618751039776,,29,0,
1369135,1961876,2919618761039776,,29,0,
1369135,1961877,2919618771039776,,29,0,
1369135,1984328,2919843281039776,,29,0,
1369135,1984329,2919843291039776,,29,0,
1369135,1984330,2919843301039776,,29,0,
1369135,1984331,2919843311039776,,29,0,
1369135,1940508,3019405081039776,,30,0,
1369135,1940532,3019405321039776,,30,0,
1369135,1961875,3019618751039776,,30,0,
1369135,1961876,3019618761039776,,30,0,
1369135,1961877,3019618771039776,,30,0,
1369135,1984328,3019843281039776,,30,0,
1369135,1984329,3019843291039776,,30,0,
1369135,1984330,3019843301039776,,30,0,
1369135,1984331,3019843311039776,,30,0,
1369135,1940508,3119405081039776,,31,0,
1369135,1940532,3119405321039776,,31,0,
1369135,1961875,3119618751039776,,31,0,
1369135,1961876,3119618761039776,,31,0,
1369135,1961877,3119618771039776,,31,0,
1369135,1984328,3119843281039776,,31,0,
1369135,1984329,3119843291039776,,31,0,
1369135,1984330,3119843301039776,,31,0,
1369135,1984331,3119843311039776,,31,0,
1369135,1940508,319405081039776,,3,0,
1369135,1940532,319405321039776,,3,0,
1369135,1961875,319618751039776,,3,0,
1369135,1961876,319618761039776,,3,0,
1369135,1961877,319618771039776,,3,0,
1369135,1984328,319843281039776,,3,0,
1369135,1984329,319843291039776,,3,0,
1369135,1984330,319843301039776,,3,0,
1369135,1984331,319843311039776,,3,0,
1369135,1940508,3219405081039776,,32,0,
1369135,1940532,3219405321039776,,32,0,
1369135,1961875,3219618751039776,,32,0,
1369135,1961876,3219618761039776,,32,0,
1369135,1961877,3219618771039776,,32,0,
1369135,1984328,3219843281039776,,32,0,
1369135,1984329,3219843291039776,,32,0,
1369135,1984330,3219843301039776,,32,0,
1369135,1984331,3219843311039776,,32,0,
1369135,1940508,3319405081039776,,33,0,
1369135,1940532,3319405321039776,,33,0,
1369135,1961875,3319618751039776,,33,0,
1369135,1961876,3319618761039776,,33,0,
1369135,1961877,3319618771039776,,33,0,
1369135,1984328,3319843281039776,,33,0,
1369135,1984329,3319843291039776,,33,0,
1369135,1984330,3319843301039776,,33,0,
1369135,1984331,3319843311039776,,33,0,
1369135,1940508,3419405081039776,,34,0,
1369135,1940532,3419405321039776,,34,0,
1369135,1961875,3419618751039776,,34,0,
1369135,1961876,3419618761039776,,34,0,
1369135,1961877,3419618771039776,,34,0,
1369135,1984328,3419843281039776,,34,0,
1369135,1984329,3419843291039776,,34,0,
1369135,1984330,3419843301039776,,34,0,
1369135,1984331,3419843311039776,,34,0,
1369135,1940508,3519405081039776,,35,0,
1369135,1940532,3519405321039776,,35,0,
1369135,1961875,3519618751039776,,35,0,
1369135,1961876,3519618761039776,,35,0,
1369135,1961877,3519618771039776,,35,0,
1369135,1984328,3519843281039776,,35,0,
1369135,1984329,3519843291039776,,35,0,
1369135,1984330,3519843301039776,,35,0,
1369135,1984331,3519843311039776,,35,0,
1369135,1940508,3619405081039776,,36,0,
1369135,1940532,3619405321039776,,36,0,
1369135,1961875,3619618751039776,,36,0,
1369135,1961876,3619618761039776,,36,0,
1369135,1961877,3619618771039776,,36,0,
1369135,1984328,3619843281039776,,36,0,
1369135,1984329,3619843291039776,,36,0,
1369135,1984330,3619843301039776,,36,0,
1369135,1984331,3619843311039776,,36,0,
1369135,1940508,3719405081039776,,37,0,
1369135,1940532,3719405321039776,,37,0,
1369135,1961875,3719618751039776,,37,0,
1369135,1961876,3719618761039776,,37,0,
1369135,1961877,3719618771039776,,37,0,
1369135,1984328,3719843281039776,,37,0,
1369135,1984329,3719843291039776,,37,0,
1369135,1984330,3719843301039776,,37,0,
1369135,1984331,3719843311039776,,37,0,
1369135,1940508,3819405081039776,,38,0,
1369135,1940532,3819405321039776,,38,0,
1369135,1961875,3819618751039776,,38,0,
1369135,1961876,3819618761039776,,38,0,
1369135,1961877,3819618771039776,,38,0,
1369135,1984328,3819843281039776,,38,0,
1369135,1984329,3819843291039776,,38,0,
1369135,1984330,3819843301039776,,38,0,
1369135,1984331,3819843311039776,,38,0,
1369135,1940508,3919405081039776,,39,0,
1369135,1940532,3919405321039776,,39,0,
1369135,1961875,3919618751039776,,39,0,
1369135,1961876,3919618761039776,,39,0,
1369135,1961877,3919618771039776,,39,0,
1369135,1984328,3919843281039776,,39,0,
1369135,1984329,3919843291039776,,39,0,
1369135,1984330,3919843301039776,,39,0,
1369135,1984331,3919843311039776,,39,0,
1369135,1940508,4019405081039776,,40,0,
1369135,1940532,4019405321039776,,40,0,
1369135,1961875,4019618751039776,,40,0,
1369135,1961876,4019618761039776,,40,0,
1369135,1961877,4019618771039776,,40,0,
1369135,1984328,4019843281039776,,40,0,
1369135,1984329,4019843291039776,,40,0,
1369135,1984330,4019843301039776,,40,0,
1369135,1984331,4019843311039776,,40,0,
1369135,1940508,4119405081039776,,41,0,
1369135,1940532,4119405321039776,,41,0,
1369135,1961875,4119618751039776,,41,0,
1369135,1961876,4119618761039776,,41,0,
1369135,1961877,4119618771039776,,41,0,
1369135,1984328,4119843281039776,,41,0,
1369135,1984329,4119843291039776,,41,0,
1369135,1984330,4119843301039776,,41,0,
1369135,1984331,4119843311039776,,41,0,
1369135,1940508,419405081039776,,4,0,
1369135,1940532,419405321039776,,4,0,
1369135,1961875,419618751039776,,4,0,
1369135,1961876,419618761039776,,4,0,
1369135,1961877,419618771039776,,4,0,
1369135,1984328,419843281039776,,4,0,
1369135,1984329,419843291039776,,4,0,
1369135,1984330,419843301039776,,4,0,
1369135,1984331,419843311039776,,4,0,
1369135,1940508,4219405081039776,,42,0,
1369135,1940532,4219405321039776,,42,0,
1369135,1961875,4219618751039776,,42,0,
1369135,1961876,4219618761039776,,42,0,
1369135,1961877,4219618771039776,,42,0,
1369135,1984328,4219843281039776,,42,0,
1369135,1984329,4219843291039776,,42,0,
1369135,1984330,4219843301039776,,42,0,
1369135,1984331,4219843311039776,,42,0,
1369135,1940508,4319405081039776,,43,0,
1369135,1940532,4319405321039776,,43,0,
1369135,1961875,4319618751039776,,43,0,
1369135,1961876,4319618761039776,,43,0,
1369135,1961877,4319618771039776,,43,0,
1369135,1984328,4319843281039776,,43,0,
1369135,1984329,4319843291039776,,43,0,
1369135,1984330,4319843301039776,,43,0,
1369135,1984331,4319843311039776,,43,0,
1369135,1940508,4419405081039776,,44,0,
1369135,1940532,4419405321039776,,44,0,
1369135,1961875,4419618751039776,,44,0,
1369135,1961876,4419618761039776,,44,0,
1369135,1961877,4419618771039776,,44,0,
1369135,1984328,4419843281039776,,44,0,
1369135,1984329,4419843291039776,,44,0,
1369135,1984330,4419843301039776,,44,0,
1369135,1984331,4419843311039776,,44,0,
1369135,1940508,4519405081039776,,45,0,
1369135,1940532,4519405321039776,,45,0,
1369135,1961875,4519618751039776,,45,0,
1369135,1961876,4519618761039776,,45,0,
1369135,1961877,4519618771039776,,45,0,
1369135,1984328,4519843281039776,,45,0,
1369135,1984329,4519843291039776,,45,0,
1369135,1984330,4519843301039776,,45,0,
1369135,1984331,4519843311039776,,45,0,
1369135,1940508,4619405081039776,,46,0,
1369135,1940532,4619405321039776,,46,0,
1369135,1961875,4619618751039776,,46,0,
1369135,1961876,4619618761039776,,46,0,
1369135,1961877,4619618771039776,,46,0,
1369135,1984328,4619843281039776,,46,0,
1369135,1984329,4619843291039776,,46,0,
1369135,1984330,4619843301039776,,46,0,
1369135,1984331,4619843311039776,,46,0,
1369135,1940508,4719405081039776,,47,0,
1369135,1940532,4719405321039776,,47,0,
1369135,1961875,4719618751039776,,47,0,
1369135,1961876,4719618761039776,,47,0,
1369135,1961877,4719618771039776,,47,0,
1369135,1984328,4719843281039776,,47,0,
1369135,1984329,4719843291039776,,47,0,
1369135,1984330,4719843301039776,,47,0,
1369135,1984331,4719843311039776,,47,0,
1369135,1940508,4819405081039776,,48,0,
1369135,1940532,4819405321039776,,48,0,
1369135,1961875,4819618751039776,,48,0,
1369135,1961876,4819618761039776,,48,0,
1369135,1961877,4819618771039776,,48,0,
1369135,1984328,4819843281039776,,48,0,
1369135,1984329,4819843291039776,,48,0,
1369135,1984330,4819843301039776,,48,0,
1369135,1984331,4819843311039776,,48,0,
1369135,1940508,4919405081039776,,49,0,
1369135,1940532,4919405321039776,,49,0,
1369135,1961875,4919618751039776,,49,0,
1369135,1961876,4919618761039776,,49,0,
1369135,1961877,4919618771039776,,49,0,
1369135,1984328,4919843281039776,,49,0,
1369135,1984329,4919843291039776,,49,0,
1369135,1984330,4919843301039776,,49,0,
1369135,1984331,4919843311039776,,49,0,
1369135,1940508,5019405081039776,,50,0,
1369135,1940532,5019405321039776,,50,0,
1369135,1961875,5019618751039776,,50,0,
1369135,1961876,5019618761039776,,50,0,
1369135,1961877,5019618771039776,,50,0,
1369135,1984328,5019843281039776,,50,0,
1369135,1984329,5019843291039776,,50,0,
1369135,1984330,5019843301039776,,50,0,
1369135,1984331,5019843311039776,,50,0,
1369135,1940508,5119405081039776,,51,0,
1369135,1940532,5119405321039776,,51,0,
1369135,1961875,5119618751039776,,51,0,
1369135,1961876,5119618761039776,,51,0,
1369135,1961877,5119618771039776,,51,0,
1369135,1984328,5119843281039776,,51,0,
1369135,1984329,5119843291039776,,51,0,
1369135,1984330,5119843301039776,,51,0,
1369135,1984331,5119843311039776,,51,0,
1369135,1940508,519405081039776,,5,0,
1369135,1940532,519405321039776,,5,0,
1369135,1961875,519618751039776,,5,0,
1369135,1961876,519618761039776,,5,0,
1369135,1961877,519618771039776,,5,0,
1369135,1984328,519843281039776,,5,0,
1369135,1984329,519843291039776,,5,0,
1369135,1984330,519843301039776,,5,0,
1369135,1984331,519843311039776,,5,0,
1369135,1940508,5219405081039776,,52,0,
1369135,1940532,5219405321039776,,52,0,
1369135,1961875,5219618751039776,,52,0,
1369135,1961876,5219618761039776,,52,0,
1369135,1961877,5219618771039776,,52,0,
1369135,1984328,5219843281039776,,52,0,
1369135,1984329,5219843291039776,,52,0,
1369135,1984330,5219843301039776,,52,0,
1369135,1984331,5219843311039776,,52,0,
1369135,1940508,5319405081039776,,53,0,
1369135,1940532,5319405321039776,,53,0,
1369135,1961875,5319618751039776,,53,0,
1369135,1961876,5319618761039776,,53,0,
1369135,1961877,5319618771039776,,53,0,
1369135,1984328,5319843281039776,,53,0,
1369135,1984329,5319843291039776,,53,0,
1369135,1984330,5319843301039776,,53,0,
1369135,1984331,5319843311039776,,53,0,
1369135,1940508,5419405081039776,,54,0,
1369135,1940532,5419405321039776,,54,0,
1369135,1961875,5419618751039776,,54,0,
1369135,1961876,5419618761039776,,54,0,
1369135,1961877,5419618771039776,,54,0,
1369135,1984328,5419843281039776,,54,0,
1369135,1984329,5419843291039776,,54,0,
1369135,1984330,5419843301039776,,54,0,
1369135,1984331,5419843311039776,,54,0,
1369135,1940508,5519405081039776,,55,0,
1369135,1940532,5519405321039776,,55,0,
1369135,1961875,5519618751039776,,55,0,
1369135,1961876,5519618761039776,,55,0,
1369135,1961877,5519618771039776,,55,0,
1369135,1984328,5519843281039776,,55,0,
1369135,1984329,5519843291039776,,55,0,
1369135,1984330,5519843301039776,,55,0,
1369135,1984331,5519843311039776,,55,0,
1369135,1940508,5619405081039776,,56,0,
1369135,1940532,5619405321039776,,56,0,
1369135,1961875,5619618751039776,,56,0,
1369135,1961876,5619618761039776,,56,0,
1369135,1961877,5619618771039776,,56,0,
1369135,1984328,5619843281039776,,56,0,
1369135,1984329,5619843291039776,,56,0,
1369135,1984330,5619843301039776,,56,0,
1369135,1984331,5619843311039776,,56,0,
1369135,1940508,5719405081039776,,57,0,
1369135,1940532,5719405321039776,,57,0,
1369135,1961875,5719618751039776,,57,0,
1369135,1961876,5719618761039776,,57,0,
1369135,1961877,5719618771039776,,57,0,
1369135,1984328,5719843281039776,,57,0,
1369135,1984329,5719843291039776,,57,0,
1369135,1984330,5719843301039776,,57,0,
1369135,1984331,5719843311039776,,57,0,
1369135,1940508,5819405081039776,,58,0,
1369135,1940532,5819405321039776,,58,0,
1369135,1961875,5819618751039776,,58,0,
1369135,1961876,5819618761039776,,58,0,
1369135,1961877,5819618771039776,,58,0,
1369135,1984328,5819843281039776,,58,0,
1369135,1984329,5819843291039776,,58,0,
1369135,1984330,5819843301039776,,58,0,
1369135,1984331,5819843311039776,,58,0,
1369135,1940508,5919405081039776,,59,0,
1369135,1940532,5919405321039776,,59,0,
1369135,1961875,5919618751039776,,59,0,
1369135,1961876,5919618761039776,,59,0,
1369135,1961877,5919618771039776,,59,0,
1369135,1984328,5919843281039776,,59,0,
1369135,1984329,5919843291039776,,59,0,
1369135,1984330,5919843301039776,,59,0,
1369135,1984331,5919843311039776,,59,0,
1369135,1940508,6019405081039776,,60,0,
1369135,1940532,6019405321039776,,60,0,
1369135,1961875,6019618751039776,,60,0,
1369135,1961876,6019618761039776,,60,0,
1369135,1961877,6019618771039776,,60,0,
1369135,1984328,6019843281039776,,60,0,
1369135,1984329,6019843291039776,,60,0,
1369135,1984330,6019843301039776,,60,0,
1369135,1984331,6019843311039776,,60,0,
1369135,1940508,6119405081039776,,61,0,
1369135,1940532,6119405321039776,,61,0,
1369135,1961875,6119618751039776,,61,0,
1369135,1961876,6119618761039776,,61,0,
1369135,1961877,6119618771039776,,61,0,
1369135,1984328,6119843281039776,,61,0,
1369135,1984329,6119843291039776,,61,0,
1369135,1984330,6119843301039776,,61,0,
1369135,1984331,6119843311039776,,61,0,
1369135,1940508,619405081039776,,6,0,
1369135,1940532,619405321039776,,6,0,
1369135,1961875,619618751039776,,6,0,
1369135,1961876,619618761039776,,6,0,
1369135,1961877,619618771039776,,6,0,
1369135,1984328,619843281039776,,6,0,
1369135,1984329,619843291039776,,6,0,
1369135,1984330,619843301039776,,6,0,
1369135,1984331,619843311039776,,6,0,
1369135,1940508,6219405081039776,,62,0,
1369135,1940532,6219405321039776,,62,0,
1369135,1961875,6219618751039776,,62,0,
1369135,1961876,6219618761039776,,62,0,
1369135,1961877,6219618771039776,,62,0,
1369135,1984328,6219843281039776,,62,0,
1369135,1984329,6219843291039776,,62,0,
1369135,1984330,6219843301039776,,62,0,
1369135,1984331,6219843311039776,,62,0,
1369135,1940508,6319405081039776,,63,0,
1369135,1940532,6319405321039776,,63,0,
1369135,1961875,6319618751039776,,63,0,
1369135,1961876,6319618761039776,,63,0,
1369135,1961877,6319618771039776,,63,0,
1369135,1984328,6319843281039776,,63,0,
1369135,1984329,6319843291039776,,63,0,
1369135,1984330,6319843301039776,,63,0,
1369135,1984331,6319843311039776,,63,0,
1369135,1940508,6419405081039776,,64,0,
1369135,1940532,6419405321039776,,64,0,
1369135,1961875,6419618751039776,,64,0,
1369135,1961876,6419618761039776,,64,0,
1369135,1961877,6419618771039776,,64,0,
1369135,1984328,6419843281039776,,64,0,
1369135,1984329,6419843291039776,,64,0,
1369135,1984330,6419843301039776,,64,0,
1369135,1984331,6419843311039776,,64,0,
1369135,1940508,6519405081039776,,65,0,
1369135,1940532,6519405321039776,,65,0,
1369135,1961876,6519618761039776,,65,0,
1369135,1961877,6519618771039776,,65,0,
1369135,1984328,6519843281039776,,65,0,
1369135,1984329,6519843291039776,,65,0,
1369135,1984330,6519843301039776,,65,0,
1369135,1984331,6519843311039776,,65,0,
1369135,1940508,6619405081039776,,66,0,
1369135,1940532,6619405321039776,,66,0,
1369135,1961876,6619618761039776,,66,0,
1369135,1961877,6619618771039776,,66,0,
1369135,1984328,6619843281039776,,66,0,
1369135,1984329,6619843291039776,,66,0,
1369135,1984330,6619843301039776,,66,0,
1369135,1984331,6619843311039776,,66,0,
1369135,1940508,6719405081039776,,67,0,
1369135,1940532,6719405321039776,,67,0,
1369135,1961876,6719618761039776,,67,0,
1369135,1961877,6719618771039776,,67,0,
1369135,1984329,6719843291039776,,67,0,
1369135,1984330,6719843301039776,,67,0,
1369135,1984331,6719843311039776,,67,0,
1369135,1940508,6819405081039776,,68,0,
1369135,1940532,6819405321039776,,68,0,
1369135,1961876,6819618761039776,,68,0,
1369135,1961877,6819618771039776,,68,0,
1369135,1984329,6819843291039776,,68,0,
1369135,1984330,6819843301039776,,68,0,
1369135,1984331,6819843311039776,,68,0,
1369135,1940508,6919405081039776,,69,0,
1369135,1940532,6919405321039776,,69,0,
1369135,1961876,6919618761039776,,69,0,
1369135,1961877,6919618771039776,,69,0,
1369135,1984329,6919843291039776,,69,0,
1369135,1984330,6919843301039776,,69,0,
1369135,1984331,6919843311039776,,69,0,
1369135,1940508,7019405081039776,,70,0,
1369135,1940532,7019405321039776,,70,0,
1369135,1961876,7019618761039776,,70,0,
1369135,1961877,7019618771039776,,70,0,
1369135,1984329,7019843291039776,,70,0,
1369135,1984330,7019843301039776,,70,0,
1369135,1984331,7019843311039776,,70,0,
1369135,1940508,7119405081039776,,71,0,
1369135,1940532,7119405321039776,,71,0,
1369135,1961876,7119618761039776,,71,0,
1369135,1961877,7119618771039776,,71,0,
1369135,1984329,7119843291039776,,71,0,
1369135,1984330,7119843301039776,,71,0,
1369135,1984331,7119843311039776,,71,0,
1369135,1940508,719405081039776,,7,0,
1369135,1940532,719405321039776,,7,0,
1369135,1961875,719618751039776,,7,0,
1369135,1961876,719618761039776,,7,0,
1369135,1961877,719618771039776,,7,0,
1369135,1984328,719843281039776,,7,0,
1369135,1984329,719843291039776,,7,0,
1369135,1984330,719843301039776,,7,0,
1369135,1984331,719843311039776,,7,0,
1369135,1940508,7219405081039776,,72,0,
1369135,1940532,7219405321039776,,72,0,
1369135,1961876,7219618761039776,,72,0,
1369135,1961877,7219618771039776,,72,0,
1369135,1984329,7219843291039776,,72,0,
1369135,1984330,7219843301039776,,72,0,
1369135,1984331,7219843311039776,,72,0,
1369135,1940508,7319405081039776,,73,0,
1369135,1940532,7319405321039776,,73,0,
1369135,1961876,7319618761039776,,73,0,
1369135,1961877,7319618771039776,,73,0,
1369135,1984329,7319843291039776,,73,0,
1369135,1984330,7319843301039776,,73,0,
1369135,1984331,7319843311039776,,73,0,
1369135,1940508,7419405081039776,,74,0,
1369135,1940532,7419405321039776,,74,0,
1369135,1961876,7419618761039776,,74,0,
1369135,1961877,7419618771039776,,74,0,
1369135,1984329,7419843291039776,,74,0,
1369135,1984330,7419843301039776,,74,0,
1369135,1984331,7419843311039776,,74,0,
1369135,1940508,7519405081039776,,75,0,
1369135,1940532,7519405321039776,,75,0,
1369135,1961876,7519618761039776,,75,0,
1369135,1961877,7519618771039776,,75,0,
1369135,1984329,7519843291039776,,75,0,
1369135,1984330,7519843301039776,,75,0,
1369135,1984331,7519843311039776,,75,0,
1369135,1940508,7619405081039776,,76,0,
1369135,1940532,7619405321039776,,76,0,
1369135,1961876,7619618761039776,,76,0,
1369135,1961877,7619618771039776,,76,0,
1369135,1984329,7619843291039776,,76,0,
1369135,1984330,7619843301039776,,76,0,
1369135,1984331,7619843311039776,,76,0,
1369135,1940508,7719405081039776,,77,0,
1369135,1940532,7719405321039776,,77,0,
1369135,1961876,7719618761039776,,77,0,
1369135,1961877,7719618771039776,,77,0,
1369135,1984329,7719843291039776,,77,0,
1369135,1984330,7719843301039776,,77,0,
1369135,1984331,7719843311039776,,77,0,
1369135,1940508,7819405081039776,,78,0,
1369135,1940532,7819405321039776,,78,0,
1369135,1961876,7819618761039776,,78,0,
1369135,1961877,7819618771039776,,78,0,
1369135,1984329,7819843291039776,,78,0,
1369135,1984330,7819843301039776,,78,0,
1369135,1984331,7819843311039776,,78,0,
1369135,1940508,7919405081039776,,79,0,
1369135,1940532,7919405321039776,,79,0,
1369135,1961876,7919618761039776,,79,0,
1369135,1961877,7919618771039776,,79,0,
1369135,1984329,7919843291039776,,79,0,
1369135,1984330,7919843301039776,,79,0,
1369135,1984331,7919843311039776,,79,0,
1369135,1940508,8019405081039776,,80,0,
1369135,1940532,8019405321039776,,80,0,
1369135,1961876,8019618761039776,,80,0,
1369135,1961877,8019618771039776,,80,0,
1369135,1984329,8019843291039776,,80,0,
1369135,1984330,8019843301039776,,80,0,
1369135,1984331,8019843311039776,,80,0,
1369135,1940508,8119405081039776,,81,0,
1369135,1940532,8119405321039776,,81,0,
1369135,1961876,8119618761039776,,81,0,
1369135,1961877,8119618771039776,,81,0,
1369135,1984329,8119843291039776,,81,0,
1369135,11984330,8119843301039776,,81,0,
1369135,1984331,8119843311039776,,81,0,
1369135,1940508,819405081039776,,8,0,
1369135,1940532,819405321039776,,8,0,
1369135,1961875,819618751039776,,8,0,
1369135,1961876,819618761039776,,8,0,
1369135,1961877,819618771039776,,8,0,
1369135,1984328,819843281039776,,8,0,
1369135,1984329,819843291039776,,8,0,
1369135,1984330,819843301039776,,8,0,
1369135,1984331,819843311039776,,8,0,
1369135,1940508,8219405081039776,,82,0,
1369135,1940532,8219405321039776,,82,0,
1369135,1961876,8219618761039776,,82,0,
1369135,1961877,8219618771039776,,82,0,
1369135,1984329,8219843291039776,,82,0,
1369135,11984330,8219843301039776,,82,0,
1369135,1984331,8219843311039776,,82,0,
1369135,1940508,8319405081039776,,83,0,
1369135,1940532,8319405321039776,,83,0,
1369135,1961876,8319618761039776,,83,0,
1369135,1961877,8319618771039776,,83,0,
1369135,1984329,8319843291039776,,83,0,
1369135,1984331,8319843311039776,,83,0,
1369135,1940508,8419405081039776,,84,0,
1369135,1940532,8419405321039776,,84,0,
1369135,1961876,8419618761039776,,84,0,
1369135,1961877,8419618771039776,,84,0,
1369135,1984329,8419843291039776,,84,0,
1369135,1984331,8419843311039776,,84,0,
1369135,1940508,8519405081039776,,85,0,
1369135,1940532,8519405321039776,,85,0,
1369135,1961876,8519618761039776,,85,0,
1369135,1961877,8519618771039776,,85,0,
1369135,1984329,8519843291039776,,85,0,
1369135,1984331,8519843311039776,,85,0,
1369135,1940508,8619405081039776,,86,0,
1369135,1940532,8619405321039776,,86,0,
1369135,1961876,8619618761039776,,86,0,
1369135,1961877,8619618771039776,,86,0,
1369135,1984329,8619843291039776,,86,0,
1369135,1984331,8619843311039776,,86,0,
1369135,1940508,8719405081039776,,87,0,
1369135,1940532,8719405321039776,,87,0,
1369135,1961876,8719618761039776,,87,0,
1369135,1961877,8719618771039776,,87,0,
1369135,1984329,8719843291039776,,87,0,
1369135,1984331,8719843311039776,,87,0,
1369135,1940508,8819405081039776,,88,0,
1369135,1940532,8819405321039776,,88,0,
1369135,1961876,8819618761039776,,88,0,
1369135,1961877,8819618771039776,,88,0,
1369135,1984329,8819843291039776,,88,0,
1369135,1984331,8819843311039776,,88,0,
1369135,1940508,8919405081039776,,89,0,
1369135,1940532,8919405321039776,,89,0,
1369135,1961876,8919618761039776,,89,0,
1369135,1961877,8919618771039776,,89,0,
1369135,1984329,8919843291039776,,89,0,
1369135,1984331,8919843311039776,,89,0,
1369135,1940508,9019405081039776,,90,0,
1369135,1940532,9019405321039776,,90,0,
1369135,1961876,9019618761039776,,90,0,
1369135,1961877,9019618771039776,,90,0,
1369135,1984329,9019843291039776,,90,0,
1369135,1984331,9019843311039776,,90,0,
1369135,1940508,9119405081039776,,91,0,
1369135,1940532,9119405321039776,,91,0,
1369135,1961876,9119618761039776,,91,0,
1369135,1961877,9119618771039776,,91,0,
1369135,1984329,9119843291039776,,91,0,
1369135,1984331,9119843311039776,,91,0,
1369135,1940508,919405081039776,,9,0,
1369135,1940532,919405321039776,,9,0,
1369135,1961875,919618751039776,,9,0,
1369135,1961876,919618761039776,,9,0,
1369135,1961877,919618771039776,,9,0,
1369135,1984328,919843281039776,,9,0,
1369135,1984329,919843291039776,,9,0,
1369135,1984330,919843301039776,,9,0,
1369135,1984331,919843311039776,,9,0,
1369135,1940508,9219405081039776,,92,0,
1369135,1940532,9219405321039776,,92,0,
1369135,1961876,9219618761039776,,92,0,
1369135,1961877,9219618771039776,,92,0,
1369135,1984329,9219843291039776,,92,0,
1369135,1984331,9219843311039776,,92,0,
1369135,1940508,9319405081039776,,93,0,
1369135,1940532,9319405321039776,,93,0,
1369135,1961876,9319618761039776,,93,0,
1369135,1961877,9319618771039776,,93,0,
1369135,1984329,9319843291039776,,93,0,
1369135,1984331,9319843311039776,,93,0,
1369135,1940508,9419405081039776,,94,0,
1369135,1940532,9419405321039776,,94,0,
1369135,1961876,9419618761039776,,94,0,
1369135,1961877,9419618771039776,,94,0,
1369135,1984329,9419843291039776,,94,0,
1369135,1984331,9419843311039776,,94,0,
1369135,1940508,9519405081039776,,95,0,
1369135,1940532,9519405321039776,,95,0,
1369135,1961876,9519618761039776,,95,0,
1369135,1961877,9519618771039776,,95,0,
1369135,1984329,9519843291039776,,95,0,
1369135,1984331,9519843311039776,,95,0,
1369135,1940508,9619405081039776,,96,0,
1369135,1940532,9619405321039776,,96,0,
1369135,1961876,9619618761039776,,96,0,
1369135,1961877,9619618771039776,,96,0,
1369135,1984329,9619843291039776,,96,0,
1369135,1984331,9619843311039776,,96,0,
1369135,1940508,9719405081039776,,97,0,
1369135,1940532,9719405321039776,,97,0,
1369135,1961876,9719618761039776,,97,0,
1369135,1961877,9719618771039776,,97,0,
1369135,1984329,9719843291039776,,97,0,
1369135,1984331,9719843311039776,,97,0,
1369135,1940508,9819405081039776,,98,0,
1369135,1940532,9819405321039776,,98,0,
1369135,1961876,9819618761039776,,98,0,
1369135,1961877,9819618771039776,,98,0,
1369135,1984329,9819843291039776,,98,0,
1369135,1984331,9819843311039776,,98,0,
1369135,1940508,9919405081039776,,99,0,
1369135,1940532,9919405321039776,,99,0,
1369135,1961877,9919618771039776,,99,0,
1369135,1984329,9919843291039776,,99,0,
1369135,1984331,9919843311039776,,99,0,
1369135,1940508,119405081039774,,1,0,
1369135,1940532,119405321039774,,1,0,
1369135,1961875,119618751039774,,1,0,
1369135,1961876,119618761039774,,1,0,
1369135,1961877,119618771039774,,1,0,
1369135,1984328,119843281039774,,1,0,
1369135,1984329,119843291039774,,1,0,
1369135,1984330,119843301039774,,1,0,
1369135,1984331,119843311039774,,1,0,
1369135,1940508,219405081039774,,2,0,
1369135,1940532,219405321039774,,2,0,
1369135,1961876,219618761039774,,2,0,
1369135,1961877,219618771039774,,2,0,
1369135,1984329,219843291039774,,2,0,
1369135,1984331,219843311039774,,2,0,
1369135,1940508,319405081039774,,3,0,
1369135,1940532,319405321039774,,3,0,
1369135,1961876,319618761039774,,3,0,
1369135,1961877,319618771039774,,3,0,
1369135,1984329,319843291039774,,3,0,
1369135,1984331,319843311039774,,3,0,
1369135,1940508,419405081039774,,4,0,
1369135,1940532,419405321039774,,4,0,
1369135,1961876,419618761039774,,4,0,
1369135,1961877,419618771039774,,4,0,
1369135,1984329,419843291039774,,4,0,
1369135,1984331,419843311039774,,4,0,
1369135,1940508,519405081039774,,5,0,
1369135,1940532,519405321039774,,5,0,
1369135,1961876,519618761039774,,5,0,
1369135,1961877,519618771039774,,5,0,
1369135,1984329,519843291039774,,5,0,
1369135,1984331,519843311039774,,5,0,
1369135,1940508,619405081039774,,6,0,
1369135,1940532,619405321039774,,6,0,
1369135,1961876,619618761039774,,6,0,
1369135,1961877,619618771039774,,6,0,
1369135,1984329,619843291039774,,6,0,
1369135,1984331,619843311039774,,6,0,
1369135,1940508,719405081039774,,7,0,
1369135,1940532,719405321039774,,7,0,
1369135,1984329,719843291039774,,7,0,
1369135,1984331,719843311039774,,7,0,
1369135,1940508,819405081039774,,8,0,
1369135,1940532,819405321039774,,8,0,
1369135,1984329,819843291039774,,8,0,
1369135,1984331,819843311039774,,8,0,
1369135,1940508,919405081039774,,9,0,
1369135,1940532,919405321039774,,9,0,
1369135,1984329,919843291039774,,9,0,
1369135,1984331,919843311039774,,9,0,
1369136,1940508,10019405081039777,,100,1,
1369136,1940532,10019405321039777,,100,1,
1369136,1961876,10019618761039777,,100,1,
1369136,1961877,10019618771039777,,100,1,
1369136,1984329,10019843291039777,,100,1,
1369136,1984331,10019843311039777,,100,1,
1369136,1940508,10119405081039777,,101,1,
1369136,1940532,10119405321039777,,101,1,
1369136,1961876,10119618761039777,,101,1,
1369136,1961877,10119618771039777,,101,1,
1369136,1984329,10119843291039777,,101,1,
1369136,1984331,10119843311039777,,101,1,
1369136,1940508,1019405081039777,,10,1,
1369136,1940532,1019405321039777,,10,1,
1369136,1961875,1019618751039777,,10,1,
1369136,1961876,1019618761039777,,10,1,
1369136,1961877,1019618771039777,,10,1,
1369136,1984328,1019843281039777,,10,1,
1369136,1984329,1019843291039777,,10,1,
1369136,1984330,1019843301039777,,10,1,
1369136,1984331,1019843311039777,,10,1,
1369136,1940508,10219405081039777,,102,1,
1369136,1940532,10219405321039777,,102,1,
1369136,1961876,10219618761039777,,102,1,
1369136,1961877,10219618771039777,,102,1,
1369136,1984329,10219843291039777,,102,1,
1369136,1984331,10219843311039777,,102,1,
1369136,1940508,10319405081039777,,103,1,
1369136,1940532,10319405321039777,,103,1,
1369136,1961876,10319618761039777,,103,1,
1369136,1961877,10319618771039777,,103,1,
1369136,1984329,10319843291039777,,103,1,
1369136,1984331,10319843311039777,,103,1,
1369136,1940508,10419405081039777,,104,1,
1369136,1940532,10419405321039777,,104,1,
1369136,1961876,10419618761039777,,104,1,
1369136,1961877,10419618771039777,,104,1,
1369136,1984329,10419843291039777,,104,1,
1369136,1984331,10419843311039777,,104,1,
1369136,1940508,10519405081039777,,105,1,
1369136,1940532,10519405321039777,,105,1,
1369136,1961876,10519618761039777,,105,1,
1369136,1961877,10519618771039777,,105,1,
1369136,1984329,10519843291039777,,105,1,
1369136,1984331,10519843311039777,,105,1,
1369136,1940508,10619405081039777,,106,1,
1369136,1940532,10619405321039777,,106,1,
1369136,1961876,10619618761039777,,106,1,
1369136,1961877,10619618771039777,,106,1,
1369136,1984329,10619843291039777,,106,1,
1369136,1984331,10619843311039777,,106,1,
1369136,1940508,10719405081039777,,107,1,
1369136,1940532,10719405321039777,,107,1,
1369136,1961876,10719618761039777,,107,1,
1369136,1961877,10719618771039777,,107,1,
1369136,1984329,10719843291039777,,107,1,
1369136,1984331,10719843311039777,,107,1,
1369136,1940508,10819405081039777,,108,1,
1369136,1940532,10819405321039777,,108,1,
1369136,1961876,10819618761039777,,108,1,
1369136,1961877,10819618771039777,,108,1,
1369136,1984329,10819843291039777,,108,1,
1369136,1984331,10819843311039777,,108,1,
1369136,1940508,10919405081039777,,109,1,
1369136,1940532,10919405321039777,,109,1,
1369136,11961876,10919618761039777,,109,1,
1369136,11961877,10919618771039777,,109,1,
1369136,1984329,10919843291039777,,109,1,
1369136,1984331,10919843311039777,,109,1,
1369136,1940508,11019405081039777,,110,1,
1369136,1940532,11019405321039777,,110,1,
1369136,11961876,11019618761039777,,110,1,
1369136,11961877,11019618771039777,,110,1,
1369136,1984329,11019843291039777,,110,1,
1369136,1984331,11019843311039777,,110,1,
1369136,1940508,11119405081039777,,111,1,
1369136,1940532,11119405321039777,,111,1,
1369136,11961877,11119618771039777,,111,1,
1369136,1984329,11119843291039777,,111,1,
1369136,1984331,11119843311039777,,111,1,
1369136,1940508,1119405081039777,,11,1,
1369136,1940532,1119405321039777,,11,1,
1369136,1961875,1119618751039777,,11,1,
1369136,1961876,1119618761039777,,11,1,
1369136,1961877,1119618771039777,,11,1,
1369136,1984328,1119843281039777,,11,1,
1369136,1984329,1119843291039777,,11,1,
1369136,1984330,1119843301039777,,11,1,
1369136,1984331,1119843311039777,,11,1,
1369136,1940508,11219405081039777,,112,1,
1369136,1940532,11219405321039777,,112,1,
1369136,11961877,11219618771039777,,112,1,
1369136,1984329,11219843291039777,,112,1,
1369136,1984331,11219843311039777,,112,1,
1369136,1940508,11319405081039777,,113,1,
1369136,1940532,11319405321039777,,113,1,
1369136,11961877,11319618771039777,,113,1,
1369136,1984329,11319843291039777,,113,1,
1369136,1984331,11319843311039777,,113,1,
1369136,1940508,11419405081039777,,114,1,
1369136,1940532,11419405321039777,,114,1,
1369136,1984329,11419843291039777,,114,1,
1369136,1984331,11419843311039777,,114,1,
1369136,1940508,11519405081039777,,115,1,
1369136,1940532,11519405321039777,,115,1,
1369136,1984329,11519843291039777,,115,1,
1369136,1984331,11519843311039777,,115,1,
1369136,1940508,11619405081039777,,116,1,
1369136,1940532,11619405321039777,,116,1,
1369136,1984329,11619843291039777,,116,1,
1369136,1984331,11619843311039777,,116,1,
1369136,1940508,11719405081039777,,117,1,
1369136,1940532,11719405321039777,,117,1,
1369136,1984329,11719843291039777,,117,1,
1369136,1984331,11719843311039777,,117,1,
1369136,1940508,11819405081039777,,118,1,
1369136,1940532,11819405321039777,,118,1,
1369136,1984329,11819843291039777,,118,1,
1369136,1984331,11819843311039777,,118,1,
1369136,1940508,11919405081039777,,119,1,
1369136,1940532,11919405321039777,,119,1,
1369136,1984329,11919843291039777,,119,1,
1369136,1984331,11919843311039777,,119,1,
1369136,1940508,119405081039777,,1,1,
1369136,1940532,119405321039777,,1,1,
1369136,1961875,119618751039777,,1,1,
1369136,1961876,119618761039777,,1,1,
1369136,1961877,119618771039777,,1,1,
1369136,1984328,119843281039777,,1,1,
1369136,1984329,119843291039777,,1,1,
1369136,1984330,119843301039777,,1,1,
1369136,1984331,119843311039777,,1,1,
1369136,11940508,12019405081039777,,120,1,
1369136,11940532,12019405321039777,,120,1,
1369136,11984329,12019843291039777,,120,1,
1369136,11984331,12019843311039777,,120,1,
1369136,11940508,12119405081039777,,121,1,
1369136,11940532,12119405321039777,,121,1,
1369136,11984329,12119843291039777,,121,1,
1369136,11984331,12119843311039777,,121,1,
1369136,1940508,1219405081039777,,12,1,
1369136,1940532,1219405321039777,,12,1,
1369136,1961875,1219618751039777,,12,1,
1369136,1961876,1219618761039777,,12,1,
1369136,1961877,1219618771039777,,12,1,
1369136,1984328,1219843281039777,,12,1,
1369136,1984329,1219843291039777,,12,1,
1369136,1984330,1219843301039777,,12,1,
1369136,1984331,1219843311039777,,12,1,
1369136,11940532,12219405321039777,,122,1,
1369136,11984331,12219843311039777,,122,1,
1369136,11940532,12319405321039777,,123,1,
1369136,11984331,12319843311039777,,123,1,
1369136,11940532,12419405321039777,,124,1,
1369136,11984331,12419843311039777,,124,1,
1369136,1940508,1319405081039777,,13,1,
1369136,1940532,1319405321039777,,13,1,
1369136,1961875,1319618751039777,,13,1,
1369136,1961876,1319618761039777,,13,1,
1369136,1961877,1319618771039777,,13,1,
1369136,1984328,1319843281039777,,13,1,
1369136,1984329,1319843291039777,,13,1,
1369136,1984330,1319843301039777,,13,1,
1369136,1984331,1319843311039777,,13,1,
1369136,1940508,1419405081039777,,14,1,
1369136,1940532,1419405321039777,,14,1,
1369136,1961875,1419618751039777,,14,1,
1369136,1961876,1419618761039777,,14,1,
1369136,1961877,1419618771039777,,14,1,
1369136,1984328,1419843281039777,,14,1,
1369136,1984329,1419843291039777,,14,1,
1369136,1984330,1419843301039777,,14,1,
1369136,1984331,1419843311039777,,14,1,
1369136,1940508,1519405081039777,,15,1,
1369136,1940532,1519405321039777,,15,1,
1369136,1961875,1519618751039777,,15,1,
1369136,1961876,1519618761039777,,15,1,
1369136,1961877,1519618771039777,,15,1,
1369136,1984328,1519843281039777,,15,1,
1369136,1984329,1519843291039777,,15,1,
1369136,1984330,1519843301039777,,15,1,
1369136,1984331,1519843311039777,,15,1,
1369136,1940508,1619405081039777,,16,1,
1369136,1940532,1619405321039777,,16,1,
1369136,1961875,1619618751039777,,16,1,
1369136,1961876,1619618761039777,,16,1,
1369136,1961877,1619618771039777,,16,1,
1369136,1984328,1619843281039777,,16,1,
1369136,1984329,1619843291039777,,16,1,
1369136,1984330,1619843301039777,,16,1,
1369136,1984331,1619843311039777,,16,1,
1369136,1940508,1719405081039777,,17,1,
1369136,1940532,1719405321039777,,17,1,
1369136,1961875,1719618751039777,,17,1,
1369136,1961876,1719618761039777,,17,1,
1369136,1961877,1719618771039777,,17,1,
1369136,1984328,1719843281039777,,17,1,
1369136,1984329,1719843291039777,,17,1,
1369136,1984330,1719843301039777,,17,1,
1369136,1984331,1719843311039777,,17,1,
1369136,1940508,1819405081039777,,18,1,
1369136,1940532,1819405321039777,,18,1,
1369136,1961875,1819618751039777,,18,1,
1369136,1961876,1819618761039777,,18,1,
1369136,1961877,1819618771039777,,18,1,
1369136,1984328,1819843281039777,,18,1,
1369136,1984329,1819843291039777,,18,1,
1369136,1984330,1819843301039777,,18,1,
1369136,1984331,1819843311039777,,18,1,
1369136,1940508,1919405081039777,,19,1,
1369136,1940532,1919405321039777,,19,1,
1369136,1961875,1919618751039777,,19,1,
1369136,1961876,1919618761039777,,19,1,
1369136,1961877,1919618771039777,,19,1,
1369136,1984328,1919843281039777,,19,1,
1369136,1984329,1919843291039777,,19,1,
1369136,1984330,1919843301039777,,19,1,
1369136,1984331,1919843311039777,,19,1,
1369136,1940508,2019405081039777,,20,1,
1369136,1940532,2019405321039777,,20,1,
1369136,1961875,2019618751039777,,20,1,
1369136,1961876,2019618761039777,,20,1,
1369136,1961877,2019618771039777,,20,1,
1369136,1984328,2019843281039777,,20,1,
1369136,1984329,2019843291039777,,20,1,
1369136,1984330,2019843301039777,,20,1,
1369136,1984331,2019843311039777,,20,1,
1369136,1940508,2119405081039777,,21,1,
1369136,1940532,2119405321039777,,21,1,
1369136,1961875,2119618751039777,,21,1,
1369136,1961876,2119618761039777,,21,1,
1369136,1961877,2119618771039777,,21,1,
1369136,1984328,2119843281039777,,21,1,
1369136,1984329,2119843291039777,,21,1,
1369136,1984330,2119843301039777,,21,1,
1369136,1984331,2119843311039777,,21,1,
1369136,1940508,219405081039777,,2,1,
1369136,1940532,219405321039777,,2,1,
1369136,1961875,219618751039777,,2,1,
1369136,1961876,219618761039777,,2,1,
1369136,1961877,219618771039777,,2,1,
1369136,1984328,219843281039777,,2,1,
1369136,1984329,219843291039777,,2,1,
1369136,1984330,219843301039777,,2,1,
1369136,1984331,219843311039777,,2,1,
1369136,1940508,2219405081039777,,22,1,
1369136,1940532,2219405321039777,,22,1,
1369136,1961875,2219618751039777,,22,1,
1369136,1961876,2219618761039777,,22,1,
1369136,1961877,2219618771039777,,22,1,
1369136,1984328,2219843281039777,,22,1,
1369136,1984329,2219843291039777,,22,1,
1369136,1984330,2219843301039777,,22,1,
1369136,1984331,2219843311039777,,22,1,
1369136,1940508,2319405081039777,,23,1,
1369136,1940532,2319405321039777,,23,1,
1369136,1961875,2319618751039777,,23,1,
1369136,1961876,2319618761039777,,23,1,
1369136,1961877,2319618771039777,,23,1,
1369136,1984328,2319843281039777,,23,1,
1369136,1984329,2319843291039777,,23,1,
1369136,1984330,2319843301039777,,23,1,
1369136,1984331,2319843311039777,,23,1,
1369136,1940508,2419405081039777,,24,1,
1369136,1940532,2419405321039777,,24,1,
1369136,1961875,2419618751039777,,24,1,
1369136,1961876,2419618761039777,,24,1,
1369136,1961877,2419618771039777,,24,1,
1369136,1984328,2419843281039777,,24,1,
1369136,1984329,2419843291039777,,24,1,
1369136,1984330,2419843301039777,,24,1,
1369136,1984331,2419843311039777,,24,1,
1369136,1940508,2519405081039777,,25,1,
1369136,1940532,2519405321039777,,25,1,
1369136,1961875,2519618751039777,,25,1,
1369136,1961876,2519618761039777,,25,1,
1369136,1961877,2519618771039777,,25,1,
1369136,1984328,2519843281039777,,25,1,
1369136,1984329,2519843291039777,,25,1,
1369136,1984330,2519843301039777,,25,1,
1369136,1984331,2519843311039777,,25,1,
1369136,1940508,2619405081039777,,26,1,
1369136,1940532,2619405321039777,,26,1,
1369136,1961875,2619618751039777,,26,1,
1369136,1961876,2619618761039777,,26,1,
1369136,1961877,2619618771039777,,26,1,
1369136,1984328,2619843281039777,,26,1,
1369136,1984329,2619843291039777,,26,1,
1369136,1984330,2619843301039777,,26,1,
1369136,1984331,2619843311039777,,26,1,
1369136,1940508,2719405081039777,,27,1,
1369136,1940532,2719405321039777,,27,1,
1369136,1961875,2719618751039777,,27,1,
1369136,1961876,2719618761039777,,27,1,
1369136,1961877,2719618771039777,,27,1,
1369136,1984328,2719843281039777,,27,1,
1369136,1984329,2719843291039777,,27,1,
1369136,1984330,2719843301039777,,27,1,
1369136,1984331,2719843311039777,,27,1,
1369136,1940508,2819405081039777,,28,1,
1369136,1940532,2819405321039777,,28,1,
1369136,1961875,2819618751039777,,28,1,
1369136,1961876,2819618761039777,,28,1,
1369136,1961877,2819618771039777,,28,1,
1369136,1984328,2819843281039777,,28,1,
1369136,1984329,2819843291039777,,28,1,
1369136,1984330,2819843301039777,,28,1,
1369136,1984331,2819843311039777,,28,1,
1369136,1940508,2919405081039777,,29,1,
1369136,1940532,2919405321039777,,29,1,
1369136,1961875,2919618751039777,,29,1,
1369136,1961876,2919618761039777,,29,1,
1369136,1961877,2919618771039777,,29,1,
1369136,1984328,2919843281039777,,29,1,
1369136,1984329,2919843291039777,,29,1,
1369136,1984330,2919843301039777,,29,1,
1369136,1984331,2919843311039777,,29,1,
1369136,1940508,3019405081039777,,30,1,
1369136,1940532,3019405321039777,,30,1,
1369136,1961875,3019618751039777,,30,1,
1369136,1961876,3019618761039777,,30,1,
1369136,1961877,3019618771039777,,30,1,
1369136,1984328,3019843281039777,,30,1,
1369136,1984329,3019843291039777,,30,1,
1369136,1984330,3019843301039777,,30,1,
1369136,1984331,3019843311039777,,30,1,
1369136,1940508,3119405081039777,,31,1,
1369136,1940532,3119405321039777,,31,1,
1369136,1961875,3119618751039777,,31,1,
1369136,1961876,3119618761039777,,31,1,
1369136,1961877,3119618771039777,,31,1,
1369136,1984328,3119843281039777,,31,1,
1369136,1984329,3119843291039777,,31,1,
1369136,1984330,3119843301039777,,31,1,
1369136,1984331,3119843311039777,,31,1,
1369136,1940508,319405081039777,,3,1,
1369136,1940532,319405321039777,,3,1,
1369136,1961875,319618751039777,,3,1,
1369136,1961876,319618761039777,,3,1,
1369136,1961877,319618771039777,,3,1,
1369136,1984328,319843281039777,,3,1,
1369136,1984329,319843291039777,,3,1,
1369136,1984330,319843301039777,,3,1,
1369136,1984331,319843311039777,,3,1,
1369136,1940508,3219405081039777,,32,1,
1369136,1940532,3219405321039777,,32,1,
1369136,1961875,3219618751039777,,32,1,
1369136,1961876,3219618761039777,,32,1,
1369136,1961877,3219618771039777,,32,1,
1369136,1984328,3219843281039777,,32,1,
1369136,1984329,3219843291039777,,32,1,
1369136,1984330,3219843301039777,,32,1,
1369136,1984331,3219843311039777,,32,1,
1369136,1940508,3319405081039777,,33,1,
1369136,1940532,3319405321039777,,33,1,
1369136,1961875,3319618751039777,,33,1,
1369136,1961876,3319618761039777,,33,1,
1369136,1961877,3319618771039777,,33,1,
1369136,1984328,3319843281039777,,33,1,
1369136,1984329,3319843291039777,,33,1,
1369136,1984330,3319843301039777,,33,1,
1369136,1984331,3319843311039777,,33,1,
1369136,1940508,3419405081039777,,34,1,
1369136,1940532,3419405321039777,,34,1,
1369136,1961875,3419618751039777,,34,1,
1369136,1961876,3419618761039777,,34,1,
1369136,1961877,3419618771039777,,34,1,
1369136,1984328,3419843281039777,,34,1,
1369136,1984329,3419843291039777,,34,1,
1369136,1984330,3419843301039777,,34,1,
1369136,1984331,3419843311039777,,34,1,
1369136,1940508,3519405081039777,,35,1,
1369136,1940532,3519405321039777,,35,1,
1369136,1961875,3519618751039777,,35,1,
1369136,1961876,3519618761039777,,35,1,
1369136,1961877,3519618771039777,,35,1,
1369136,1984328,3519843281039777,,35,1,
1369136,1984329,3519843291039777,,35,1,
1369136,1984330,3519843301039777,,35,1,
1369136,1984331,3519843311039777,,35,1,
1369136,1940508,3619405081039777,,36,1,
1369136,1940532,3619405321039777,,36,1,
1369136,1961875,3619618751039777,,36,1,
1369136,1961876,3619618761039777,,36,1,
1369136,1961877,3619618771039777,,36,1,
1369136,1984328,3619843281039777,,36,1,
1369136,1984329,3619843291039777,,36,1,
1369136,1984330,3619843301039777,,36,1,
1369136,1984331,3619843311039777,,36,1,
1369136,1940508,3719405081039777,,37,1,
1369136,1940532,3719405321039777,,37,1,
1369136,1961875,3719618751039777,,37,1,
1369136,1961876,3719618761039777,,37,1,
1369136,1961877,3719618771039777,,37,1,
1369136,1984328,3719843281039777,,37,1,
1369136,1984329,3719843291039777,,37,1,
1369136,1984330,3719843301039777,,37,1,
1369136,1984331,3719843311039777,,37,1,
1369136,1940508,3819405081039777,,38,1,
1369136,1940532,3819405321039777,,38,1,
1369136,1961875,3819618751039777,,38,1,
1369136,1961876,3819618761039777,,38,1,
1369136,1961877,3819618771039777,,38,1,
1369136,1984328,3819843281039777,,38,1,
1369136,1984329,3819843291039777,,38,1,
1369136,1984330,3819843301039777,,38,1,
1369136,1984331,3819843311039777,,38,1,
1369136,1940508,3919405081039777,,39,1,
1369136,1940532,3919405321039777,,39,1,
1369136,1961875,3919618751039777,,39,1,
1369136,1961876,3919618761039777,,39,1,
1369136,1961877,3919618771039777,,39,1,
1369136,1984328,3919843281039777,,39,1,
1369136,1984329,3919843291039777,,39,1,
1369136,1984330,3919843301039777,,39,1,
1369136,1984331,3919843311039777,,39,1,
1369136,1940508,4019405081039777,,40,1,
1369136,1940532,4019405321039777,,40,1,
1369136,1961875,4019618751039777,,40,1,
1369136,1961876,4019618761039777,,40,1,
1369136,1961877,4019618771039777,,40,1,
1369136,1984328,4019843281039777,,40,1,
1369136,1984329,4019843291039777,,40,1,
1369136,1984330,4019843301039777,,40,1,
1369136,1984331,4019843311039777,,40,1,
1369136,1940508,4119405081039777,,41,1,
1369136,1940532,4119405321039777,,41,1,
1369136,1961875,4119618751039777,,41,1,
1369136,1961876,4119618761039777,,41,1,
1369136,1961877,4119618771039777,,41,1,
1369136,1984328,4119843281039777,,41,1,
1369136,1984329,4119843291039777,,41,1,
1369136,1984330,4119843301039777,,41,1,
1369136,1984331,4119843311039777,,41,1,
1369136,1940508,419405081039777,,4,1,
1369136,1940532,419405321039777,,4,1,
1369136,1961875,419618751039777,,4,1,
1369136,1961876,419618761039777,,4,1,
1369136,1961877,419618771039777,,4,1,
1369136,1984328,419843281039777,,4,1,
1369136,1984329,419843291039777,,4,1,
1369136,1984330,419843301039777,,4,1,
1369136,1984331,419843311039777,,4,1,
1369136,1940508,4219405081039777,,42,1,
1369136,1940532,4219405321039777,,42,1,
1369136,1961875,4219618751039777,,42,1,
1369136,1961876,4219618761039777,,42,1,
1369136,1961877,4219618771039777,,42,1,
1369136,1984328,4219843281039777,,42,1,
1369136,1984329,4219843291039777,,42,1,
1369136,1984330,4219843301039777,,42,1,
1369136,1984331,4219843311039777,,42,1,
1369136,1940508,4319405081039777,,43,1,
1369136,1940532,4319405321039777,,43,1,
1369136,1961875,4319618751039777,,43,1,
1369136,1961876,4319618761039777,,43,1,
1369136,1961877,4319618771039777,,43,1,
1369136,1984328,4319843281039777,,43,1,
1369136,1984329,4319843291039777,,43,1,
1369136,1984330,4319843301039777,,43,1,
1369136,1984331,4319843311039777,,43,1,
1369136,1940508,4419405081039777,,44,1,
1369136,1940532,4419405321039777,,44,1,
1369136,1961875,4419618751039777,,44,1,
1369136,1961876,4419618761039777,,44,1,
1369136,1961877,4419618771039777,,44,1,
1369136,1984328,4419843281039777,,44,1,
1369136,1984329,4419843291039777,,44,1,
1369136,1984330,4419843301039777,,44,1,
1369136,1984331,4419843311039777,,44,1,
1369136,1940508,4519405081039777,,45,1,
1369136,1940532,4519405321039777,,45,1,
1369136,1961875,4519618751039777,,45,1,
1369136,1961876,4519618761039777,,45,1,
1369136,1961877,4519618771039777,,45,1,
1369136,1984328,4519843281039777,,45,1,
1369136,1984329,4519843291039777,,45,1,
1369136,1984330,4519843301039777,,45,1,
1369136,1984331,4519843311039777,,45,1,
1369136,1940508,4619405081039777,,46,1,
1369136,1940532,4619405321039777,,46,1,
1369136,1961875,4619618751039777,,46,1,
1369136,1961876,4619618761039777,,46,1,
1369136,1961877,4619618771039777,,46,1,
1369136,1984328,4619843281039777,,46,1,
1369136,1984329,4619843291039777,,46,1,
1369136,1984330,4619843301039777,,46,1,
1369136,1984331,4619843311039777,,46,1,
1369136,1940508,4719405081039777,,47,1,
1369136,1940532,4719405321039777,,47,1,
1369136,1961875,4719618751039777,,47,1,
1369136,1961876,4719618761039777,,47,1,
1369136,1961877,4719618771039777,,47,1,
1369136,1984328,4719843281039777,,47,1,
1369136,1984329,4719843291039777,,47,1,
1369136,1984330,4719843301039777,,47,1,
1369136,1984331,4719843311039777,,47,1,
1369136,1940508,4819405081039777,,48,1,
1369136,1940532,4819405321039777,,48,1,
1369136,1961875,4819618751039777,,48,1,
1369136,1961876,4819618761039777,,48,1,
1369136,1961877,4819618771039777,,48,1,
1369136,1984328,4819843281039777,,48,1,
1369136,1984329,4819843291039777,,48,1,
1369136,1984330,4819843301039777,,48,1,
1369136,1984331,4819843311039777,,48,1,
1369136,1940508,4919405081039777,,49,1,
1369136,1940532,4919405321039777,,49,1,
1369136,1961875,4919618751039777,,49,1,
1369136,1961876,4919618761039777,,49,1,
1369136,1961877,4919618771039777,,49,1,
1369136,1984328,4919843281039777,,49,1,
1369136,1984329,4919843291039777,,49,1,
1369136,1984330,4919843301039777,,49,1,
1369136,1984331,4919843311039777,,49,1,
1369136,1940508,5019405081039777,,50,1,
1369136,1940532,5019405321039777,,50,1,
1369136,1961875,5019618751039777,,50,1,
1369136,1961876,5019618761039777,,50,1,
1369136,1961877,5019618771039777,,50,1,
1369136,1984328,5019843281039777,,50,1,
1369136,1984329,5019843291039777,,50,1,
1369136,1984330,5019843301039777,,50,1,
1369136,1984331,5019843311039777,,50,1,
1369136,1940508,5119405081039777,,51,1,
1369136,1940532,5119405321039777,,51,1,
1369136,1961875,5119618751039777,,51,1,
1369136,1961876,5119618761039777,,51,1,
1369136,1961877,5119618771039777,,51,1,
1369136,1984328,5119843281039777,,51,1,
1369136,1984329,5119843291039777,,51,1,
1369136,1984330,5119843301039777,,51,1,
1369136,1984331,5119843311039777,,51,1,
1369136,1940508,519405081039777,,5,1,
1369136,1940532,519405321039777,,5,1,
1369136,1961875,519618751039777,,5,1,
1369136,1961876,519618761039777,,5,1,
1369136,1961877,519618771039777,,5,1,
1369136,1984328,519843281039777,,5,1,
1369136,1984329,519843291039777,,5,1,
1369136,1984330,519843301039777,,5,1,
1369136,1984331,519843311039777,,5,1,
1369136,1940508,5219405081039777,,52,1,
1369136,1940532,5219405321039777,,52,1,
1369136,1961875,5219618751039777,,52,1,
1369136,1961876,5219618761039777,,52,1,
1369136,1961877,5219618771039777,,52,1,
1369136,1984328,5219843281039777,,52,1,
1369136,1984329,5219843291039777,,52,1,
1369136,1984330,5219843301039777,,52,1,
1369136,1984331,5219843311039777,,52,1,
1369136,1940508,5319405081039777,,53,1,
1369136,1940532,5319405321039777,,53,1,
1369136,1961875,5319618751039777,,53,1,
1369136,1961876,5319618761039777,,53,1,
1369136,1961877,5319618771039777,,53,1,
1369136,1984328,5319843281039777,,53,1,
1369136,1984329,5319843291039777,,53,1,
1369136,1984330,5319843301039777,,53,1,
1369136,1984331,5319843311039777,,53,1,
1369136,1940508,5419405081039777,,54,1,
1369136,1940532,5419405321039777,,54,1,
1369136,1961875,5419618751039777,,54,1,
1369136,1961876,5419618761039777,,54,1,
1369136,1961877,5419618771039777,,54,1,
1369136,1984328,5419843281039777,,54,1,
1369136,1984329,5419843291039777,,54,1,
1369136,1984330,5419843301039777,,54,1,
1369136,1984331,5419843311039777,,54,1,
1369136,1940508,5519405081039777,,55,1,
1369136,1940532,5519405321039777,,55,1,
1369136,1961875,5519618751039777,,55,1,
1369136,1961876,5519618761039777,,55,1,
1369136,1961877,5519618771039777,,55,1,
1369136,1984328,5519843281039777,,55,1,
1369136,1984329,5519843291039777,,55,1,
1369136,1984330,5519843301039777,,55,1,
1369136,1984331,5519843311039777,,55,1,
1369136,1940508,5619405081039777,,56,1,
1369136,1940532,5619405321039777,,56,1,
1369136,1961875,5619618751039777,,56,1,
1369136,1961876,5619618761039777,,56,1,
1369136,1961877,5619618771039777,,56,1,
1369136,1984328,5619843281039777,,56,1,
1369136,1984329,5619843291039777,,56,1,
1369136,1984330,5619843301039777,,56,1,
1369136,1984331,5619843311039777,,56,1,
1369136,1940508,5719405081039777,,57,1,
1369136,1940532,5719405321039777,,57,1,
1369136,1961875,5719618751039777,,57,1,
1369136,1961876,5719618761039777,,57,1,
1369136,1961877,5719618771039777,,57,1,
1369136,1984328,5719843281039777,,57,1,
1369136,1984329,5719843291039777,,57,1,
1369136,1984330,5719843301039777,,57,1,
1369136,1984331,5719843311039777,,57,1,
1369136,1940508,5819405081039777,,58,1,
1369136,1940532,5819405321039777,,58,1,
1369136,1961875,5819618751039777,,58,1,
1369136,1961876,5819618761039777,,58,1,
1369136,1961877,5819618771039777,,58,1,
1369136,1984328,5819843281039777,,58,1,
1369136,1984329,5819843291039777,,58,1,
1369136,1984330,5819843301039777,,58,1,
1369136,1984331,5819843311039777,,58,1,
1369136,1940508,5919405081039777,,59,1,
1369136,1940532,5919405321039777,,59,1,
1369136,1961875,5919618751039777,,59,1,
1369136,1961876,5919618761039777,,59,1,
1369136,1961877,5919618771039777,,59,1,
1369136,1984328,5919843281039777,,59,1,
1369136,1984329,5919843291039777,,59,1,
1369136,1984330,5919843301039777,,59,1,
1369136,1984331,5919843311039777,,59,1,
1369136,1940508,6019405081039777,,60,1,
1369136,1940532,6019405321039777,,60,1,
1369136,1961875,6019618751039777,,60,1,
1369136,1961876,6019618761039777,,60,1,
1369136,1961877,6019618771039777,,60,1,
1369136,1984328,6019843281039777,,60,1,
1369136,1984329,6019843291039777,,60,1,
1369136,1984330,6019843301039777,,60,1,
1369136,1984331,6019843311039777,,60,1,
1369136,1940508,6119405081039777,,61,1,
1369136,1940532,6119405321039777,,61,1,
1369136,1961875,6119618751039777,,61,1,
1369136,1961876,6119618761039777,,61,1,
1369136,1961877,6119618771039777,,61,1,
1369136,1984328,6119843281039777,,61,1,
1369136,1984329,6119843291039777,,61,1,
1369136,1984330,6119843301039777,,61,1,
1369136,1984331,6119843311039777,,61,1,
1369136,1940508,619405081039777,,6,1,
1369136,1940532,619405321039777,,6,1,
1369136,1961875,619618751039777,,6,1,
1369136,1961876,619618761039777,,6,1,
1369136,1961877,619618771039777,,6,1,
1369136,1984328,619843281039777,,6,1,
1369136,1984329,619843291039777,,6,1,
1369136,1984330,619843301039777,,6,1,
1369136,1984331,619843311039777,,6,1,
1369136,1940508,6219405081039777,,62,1,
1369136,1940532,6219405321039777,,62,1,
1369136,1961875,6219618751039777,,62,1,
1369136,1961876,6219618761039777,,62,1,
1369136,1961877,6219618771039777,,62,1,
1369136,1984328,6219843281039777,,62,1,
1369136,1984329,6219843291039777,,62,1,
1369136,1984330,6219843301039777,,62,1,
1369136,1984331,6219843311039777,,62,1,
1369136,1940508,6319405081039777,,63,1,
1369136,1940532,6319405321039777,,63,1,
1369136,1961875,6319618751039777,,63,1,
1369136,1961876,6319618761039777,,63,1,
1369136,1961877,6319618771039777,,63,1,
1369136,1984328,6319843281039777,,63,1,
1369136,1984329,6319843291039777,,63,1,
1369136,1984330,6319843301039777,,63,1,
1369136,1984331,6319843311039777,,63,1,
1369136,1940508,6419405081039777,,64,1,
1369136,1940532,6419405321039777,,64,1,
1369136,1961875,6419618751039777,,64,1,
1369136,1961876,6419618761039777,,64,1,
1369136,1961877,6419618771039777,,64,1,
1369136,1984328,6419843281039777,,64,1,
1369136,1984329,6419843291039777,,64,1,
1369136,1984330,6419843301039777,,64,1,
1369136,1984331,6419843311039777,,64,1,
1369136,1940508,6519405081039777,,65,1,
1369136,1940532,6519405321039777,,65,1,
1369136,1961875,6519618751039777,,65,1,
1369136,1961876,6519618761039777,,65,1,
1369136,1961877,6519618771039777,,65,1,
1369136,1984328,6519843281039777,,65,1,
1369136,1984329,6519843291039777,,65,1,
1369136,1984330,6519843301039777,,65,1,
1369136,1984331,6519843311039777,,65,1,
1369136,1940508,6619405081039777,,66,1,
1369136,1940532,6619405321039777,,66,1,
1369136,1961875,6619618751039777,,66,1,
1369136,1961876,6619618761039777,,66,1,
1369136,1961877,6619618771039777,,66,1,
1369136,1984328,6619843281039777,,66,1,
1369136,1984329,6619843291039777,,66,1,
1369136,1984330,6619843301039777,,66,1,
1369136,1984331,6619843311039777,,66,1,
1369136,1940508,6719405081039777,,67,1,
1369136,1940532,6719405321039777,,67,1,
1369136,1961875,6719618751039777,,67,1,
1369136,1961876,6719618761039777,,67,1,
1369136,1961877,6719618771039777,,67,1,
1369136,1984328,6719843281039777,,67,1,
1369136,1984329,6719843291039777,,67,1,
1369136,1984330,6719843301039777,,67,1,
1369136,1984331,6719843311039777,,67,1,
1369136,1940508,6819405081039777,,68,1,
1369136,1940532,6819405321039777,,68,1,
1369136,11961875,6819618751039777,,68,1,
1369136,1961876,6819618761039777,,68,1,
1369136,1961877,6819618771039777,,68,1,
1369136,1984328,6819843281039777,,68,1,
1369136,1984329,6819843291039777,,68,1,
1369136,1984330,6819843301039777,,68,1,
1369136,1984331,6819843311039777,,68,1,
1369136,1940508,6919405081039777,,69,1,
1369136,1940532,6919405321039777,,69,1,
1369136,11961875,6919618751039777,,69,1,
1369136,1961876,6919618761039777,,69,1,
1369136,1961877,6919618771039777,,69,1,
1369136,1984328,6919843281039777,,69,1,
1369136,1984329,6919843291039777,,69,1,
1369136,1984330,6919843301039777,,69,1,
1369136,1984331,6919843311039777,,69,1,
1369136,1940508,7019405081039777,,70,1,
1369136,1940532,7019405321039777,,70,1,
1369136,1961876,7019618761039777,,70,1,
1369136,1961877,7019618771039777,,70,1,
1369136,1984328,7019843281039777,,70,1,
1369136,1984329,7019843291039777,,70,1,
1369136,1984330,7019843301039777,,70,1,
1369136,1984331,7019843311039777,,70,1,
1369136,1940508,7119405081039777,,71,1,
1369136,1940532,7119405321039777,,71,1,
1369136,1961876,7119618761039777,,71,1,
1369136,1961877,7119618771039777,,71,1,
1369136,11984328,7119843281039777,,71,1,
1369136,1984329,7119843291039777,,71,1,
1369136,1984330,7119843301039777,,71,1,
1369136,1984331,7119843311039777,,71,1,
1369136,1940508,719405081039777,,7,1,
1369136,1940532,719405321039777,,7,1,
1369136,1961875,719618751039777,,7,1,
1369136,1961876,719618761039777,,7,1,
1369136,1961877,719618771039777,,7,1,
1369136,1984328,719843281039777,,7,1,
1369136,1984329,719843291039777,,7,1,
1369136,1984330,719843301039777,,7,1,
1369136,1984331,719843311039777,,7,1,
1369136,1940508,7219405081039777,,72,1,
1369136,1940532,7219405321039777,,72,1,
1369136,1961876,7219618761039777,,72,1,
1369136,1961877,7219618771039777,,72,1,
1369136,11984328,7219843281039777,,72,1,
1369136,1984329,7219843291039777,,72,1,
1369136,1984330,7219843301039777,,72,1,
1369136,1984331,7219843311039777,,72,1,
1369136,1940508,7319405081039777,,73,1,
1369136,1940532,7319405321039777,,73,1,
1369136,1961876,7319618761039777,,73,1,
1369136,1961877,7319618771039777,,73,1,
1369136,1984329,7319843291039777,,73,1,
1369136,1984330,7319843301039777,,73,1,
1369136,1984331,7319843311039777,,73,1,
1369136,1940508,7419405081039777,,74,1,
1369136,1940532,7419405321039777,,74,1,
1369136,1961876,7419618761039777,,74,1,
1369136,1961877,7419618771039777,,74,1,
1369136,1984329,7419843291039777,,74,1,
1369136,1984330,7419843301039777,,74,1,
1369136,1984331,7419843311039777,,74,1,
1369136,1940508,7519405081039777,,75,1,
1369136,1940532,7519405321039777,,75,1,
1369136,1961876,7519618761039777,,75,1,
1369136,1961877,7519618771039777,,75,1,
1369136,1984329,7519843291039777,,75,1,
1369136,1984330,7519843301039777,,75,1,
1369136,1984331,7519843311039777,,75,1,
1369136,1940508,7619405081039777,,76,1,
1369136,1940532,7619405321039777,,76,1,
1369136,1961876,7619618761039777,,76,1,
1369136,1961877,7619618771039777,,76,1,
1369136,1984329,7619843291039777,,76,1,
1369136,1984330,7619843301039777,,76,1,
1369136,1984331,7619843311039777,,76,1,
1369136,1940508,7719405081039777,,77,1,
1369136,1940532,7719405321039777,,77,1,
1369136,1961876,7719618761039777,,77,1,
1369136,1961877,7719618771039777,,77,1,
1369136,1984329,7719843291039777,,77,1,
1369136,1984330,7719843301039777,,77,1,
1369136,1984331,7719843311039777,,77,1,
1369136,1940508,7819405081039777,,78,1,
1369136,1940532,7819405321039777,,78,1,
1369136,1961876,7819618761039777,,78,1,
1369136,1961877,7819618771039777,,78,1,
1369136,1984329,7819843291039777,,78,1,
1369136,1984330,7819843301039777,,78,1,
1369136,1984331,7819843311039777,,78,1,
1369136,1940508,7919405081039777,,79,1,
1369136,1940532,7919405321039777,,79,1,
1369136,1961876,7919618761039777,,79,1,
1369136,1961877,7919618771039777,,79,1,
1369136,1984329,7919843291039777,,79,1,
1369136,1984330,7919843301039777,,79,1,
1369136,1984331,7919843311039777,,79,1,
1369136,1940508,8019405081039777,,80,1,
1369136,1940532,8019405321039777,,80,1,
1369136,1961876,8019618761039777,,80,1,
1369136,1961877,8019618771039777,,80,1,
1369136,1984329,8019843291039777,,80,1,
1369136,1984330,8019843301039777,,80,1,
1369136,1984331,8019843311039777,,80,1,
1369136,1940508,8119405081039777,,81,1,
1369136,1940532,8119405321039777,,81,1,
1369136,1961876,8119618761039777,,81,1,
1369136,1961877,8119618771039777,,81,1,
1369136,1984329,8119843291039777,,81,1,
1369136,1984330,8119843301039777,,81,1,
1369136,1984331,8119843311039777,,81,1,
1369136,1940508,819405081039777,,8,1,
1369136,1940532,819405321039777,,8,1,
1369136,1961875,819618751039777,,8,1,
1369136,1961876,819618761039777,,8,1,
1369136,1961877,819618771039777,,8,1,
1369136,1984328,819843281039777,,8,1,
1369136,1984329,819843291039777,,8,1,
1369136,1984330,819843301039777,,8,1,
1369136,1984331,819843311039777,,8,1,
1369136,1940508,8219405081039777,,82,1,
1369136,1940532,8219405321039777,,82,1,
1369136,1961876,8219618761039777,,82,1,
1369136,1961877,8219618771039777,,82,1,
1369136,1984329,8219843291039777,,82,1,
1369136,1984330,8219843301039777,,82,1,
1369136,1984331,8219843311039777,,82,1,
1369136,1940508,8319405081039777,,83,1,
1369136,1940532,8319405321039777,,83,1,
1369136,1961876,8319618761039777,,83,1,
1369136,1961877,8319618771039777,,83,1,
1369136,1984329,8319843291039777,,83,1,
1369136,1984330,8319843301039777,,83,1,
1369136,1984331,8319843311039777,,83,1,
1369136,1940508,8419405081039777,,84,1,
1369136,1940532,8419405321039777,,84,1,
1369136,1961876,8419618761039777,,84,1,
1369136,1961877,8419618771039777,,84,1,
1369136,1984329,8419843291039777,,84,1,
1369136,1984330,8419843301039777,,84,1,
1369136,1984331,8419843311039777,,84,1,
1369136,1940508,8519405081039777,,85,1,
1369136,1940532,8519405321039777,,85,1,
1369136,1961876,8519618761039777,,85,1,
1369136,1961877,8519618771039777,,85,1,
1369136,1984329,8519843291039777,,85,1,
1369136,11984330,8519843301039777,,85,1,
1369136,1984331,8519843311039777,,85,1,
1369136,1940508,8619405081039777,,86,1,
1369136,1940532,8619405321039777,,86,1,
1369136,1961876,8619618761039777,,86,1,
1369136,1961877,8619618771039777,,86,1,
1369136,1984329,8619843291039777,,86,1,
1369136,11984330,8619843301039777,,86,1,
1369136,1984331,8619843311039777,,86,1,
1369136,1940508,8719405081039777,,87,1,
1369136,1940532,8719405321039777,,87,1,
1369136,1961876,8719618761039777,,87,1,
1369136,1961877,8719618771039777,,87,1,
1369136,1984329,8719843291039777,,87,1,
1369136,11984330,8719843301039777,,87,1,
1369136,1984331,8719843311039777,,87,1,
1369136,1940508,8819405081039777,,88,1,
1369136,1940532,8819405321039777,,88,1,
1369136,1961876,8819618761039777,,88,1,
1369136,1961877,8819618771039777,,88,1,
1369136,1984329,8819843291039777,,88,1,
1369136,11984330,8819843301039777,,88,1,
1369136,1984331,8819843311039777,,88,1,
1369136,1940508,8919405081039777,,89,1,
1369136,1940532,8919405321039777,,89,1,
1369136,1961876,8919618761039777,,89,1,
1369136,1961877,8919618771039777,,89,1,
1369136,1984329,8919843291039777,,89,1,
1369136,11984330,8919843301039777,,89,1,
1369136,1984331,8919843311039777,,89,1,
1369136,1940508,9019405081039777,,90,1,
1369136,1940532,9019405321039777,,90,1,
1369136,1961876,9019618761039777,,90,1,
1369136,1961877,9019618771039777,,90,1,
1369136,1984329,9019843291039777,,90,1,
1369136,1984331,9019843311039777,,90,1,
1369136,1940508,9119405081039777,,91,1,
1369136,1940532,9119405321039777,,91,1,
1369136,1961876,9119618761039777,,91,1,
1369136,1961877,9119618771039777,,91,1,
1369136,1984329,9119843291039777,,91,1,
1369136,1984331,9119843311039777,,91,1,
1369136,1940508,919405081039777,,9,1,
1369136,1940532,919405321039777,,9,1,
1369136,1961875,919618751039777,,9,1,
1369136,1961876,919618761039777,,9,1,
1369136,1961877,919618771039777,,9,1,
1369136,1984328,919843281039777,,9,1,
1369136,1984329,919843291039777,,9,1,
1369136,1984330,919843301039777,,9,1,
1369136,1984331,919843311039777,,9,1,
1369136,1940508,9219405081039777,,92,1,
1369136,1940532,9219405321039777,,92,1,
1369136,1961876,9219618761039777,,92,1,
1369136,1961877,9219618771039777,,92,1,
1369136,1984329,9219843291039777,,92,1,
1369136,1984331,9219843311039777,,92,1,
1369136,1940508,9319405081039777,,93,1,
1369136,1940532,9319405321039777,,93,1,
1369136,1961876,9319618761039777,,93,1,
1369136,1961877,9319618771039777,,93,1,
1369136,1984329,9319843291039777,,93,1,
1369136,1984331,9319843311039777,,93,1,
1369136,1940508,9419405081039777,,94,1,
1369136,1940532,9419405321039777,,94,1,
1369136,1961876,9419618761039777,,94,1,
1369136,1961877,9419618771039777,,94,1,
1369136,1984329,9419843291039777,,94,1,
1369136,1984331,9419843311039777,,94,1,
1369136,1940508,9519405081039777,,95,1,
1369136,1940532,9519405321039777,,95,1,
1369136,1961876,9519618761039777,,95,1,
1369136,1961877,9519618771039777,,95,1,
1369136,1984329,9519843291039777,,95,1,
1369136,1984331,9519843311039777,,95,1,
1369136,1940508,9619405081039777,,96,1,
1369136,1940532,9619405321039777,,96,1,
1369136,1961876,9619618761039777,,96,1,
1369136,1961877,9619618771039777,,96,1,
1369136,1984329,9619843291039777,,96,1,
1369136,1984331,9619843311039777,,96,1,
1369136,1940508,9719405081039777,,97,1,
1369136,1940532,9719405321039777,,97,1,
1369136,1961876,9719618761039777,,97,1,
1369136,1961877,9719618771039777,,97,1,
1369136,1984329,9719843291039777,,97,1,
1369136,1984331,9719843311039777,,97,1,
1369136,1940508,9819405081039777,,98,1,
1369136,1940532,9819405321039777,,98,1,
1369136,1961876,9819618761039777,,98,1,
1369136,1961877,9819618771039777,,98,1,
1369136,1984329,9819843291039777,,98,1,
1369136,1984331,9819843311039777,,98,1,
1369136,1940508,9919405081039777,,99,1,
1369136,1940532,9919405321039777,,99,1,
1369136,1961876,9919618761039777,,99,1,
1369136,1961877,9919618771039777,,99,1,
1369136,1984329,9919843291039777,,99,1,
1369136,1984331,9919843311039777,,99,1,
1369136,1940508,119405081039775,,1,1,
1369136,1940532,119405321039775,,1,1,
1369136,1961875,119618751039775,,1,1,
1369136,1961876,119618761039775,,1,1,
1369136,1961877,119618771039775,,1,1,
1369136,1984328,119843281039775,,1,1,
1369136,1984329,119843291039775,,1,1,
1369136,1984330,119843301039775,,1,1,
1369136,1984331,119843311039775,,1,1,
1369136,1940508,219405081039775,,2,1,
1369136,1940532,219405321039775,,2,1,
1369136,1961876,219618761039775,,2,1,
1369136,1961877,219618771039775,,2,1,
1369136,1984328,219843281039775,,2,1,
1369136,1984329,219843291039775,,2,1,
1369136,1984331,219843311039775,,2,1,
1369136,1940508,319405081039775,,3,1,
1369136,1940532,319405321039775,,3,1,
1369136,1984329,319843291039775,,3,1,
1369136,1984331,319843311039775,,3,1,
