route_id,service_id,trip_id,trip_headsign,trip_short_name,direction_id,shape_id
1369052,1962444,10019624440994411,,100,0,
1369052,1962446,10019624460994411,,100,0,
1369052,1983190,10019831900994411,,100,0,
1369052,1983191,10019831910994411,,100,0,
1369052,11983192,10019831920994411,,100,0,
1369052,1983193,10019831930994411,,100,0,
1369052,1962444,10119624440994411,,101,0,
1369052,1962446,10119624460994411,,101,0,
1369052,1983190,10119831900994411,,101,0,
1369052,1983191,10119831910994411,,101,0,
1369052,11983192,10119831920994411,,101,0,
1369052,1983193,10119831930994411,,101,0,
1369052,1962444,1019624440994411,,10,0,
1369052,1962445,1019624450994411,,10,0,
1369052,1962446,1019624460994411,,10,0,
1369052,1983189,1019831890994411,,10,0,
1369052,1983190,1019831900994411,,10,0,
1369052,1983191,1019831910994411,,10,0,
1369052,1983192,1019831920994411,,10,0,
1369052,1983193,1019831930994411,,10,0,
1369052,1962444,10219624440994411,,102,0,
1369052,1962446,10219624460994411,,102,0,
1369052,1983190,10219831900994411,,102,0,
1369052,1983191,10219831910994411,,102,0,
1369052,11983192,10219831920994411,,102,0,
1369052,1983193,10219831930994411,,102,0,
1369052,1962444,10319624440994411,,103,0,
1369052,1962446,10319624460994411,,103,0,
1369052,1983190,10319831900994411,,103,0,
1369052,1983191,10319831910994411,,103,0,
1369052,11983192,10319831920994411,,103,0,
1369052,1983193,10319831930994411,,103,0,
1369052,1962444,10419624440994411,,104,0,
1369052,1962446,10419624460994411,,104,0,
1369052,1983190,10419831900994411,,104,0,
1369052,1983191,10419831910994411,,104,0,
1369052,1983193,10419831930994411,,104,0,
1369052,1962444,10519624440994411,,105,0,
1369052,1962446,10519624460994411,,105,0,
1369052,1983190,10519831900994411,,105,0,
1369052,1983191,10519831910994411,,105,0,
1369052,1983193,10519831930994411,,105,0,
1369052,1962444,10619624440994411,,106,0,
1369052,1962446,10619624460994411,,106,0,
1369052,1983190,10619831900994411,,106,0,
1369052,1983191,10619831910994411,,106,0,
1369052,1983193,10619831930994411,,106,0,
1369052,1962444,10719624440994411,,107,0,
1369052,1962446,10719624460994411,,107,0,
1369052,1983190,10719831900994411,,107,0,
1369052,1983191,10719831910994411,,107,0,
1369052,1983193,10719831930994411,,107,0,
1369052,1962444,10819624440994411,,108,0,
1369052,1962446,10819624460994411,,108,0,
1369052,1983190,10819831900994411,,108,0,
1369052,1983191,10819831910994411,,108,0,
1369052,1983193,10819831930994411,,108,0,
1369052,1962444,10919624440994411,,109,0,
1369052,1962446,10919624460994411,,109,0,
1369052,1983190,10919831900994411,,109,0,
1369052,1983191,10919831910994411,,109,0,
1369052,1983193,10919831930994411,,109,0,
1369052,1962444,11019624440994411,,110,0,
1369052,1962446,11019624460994411,,110,0,
1369052,1983190,11019831900994411,,110,0,
1369052,1983191,11019831910994411,,110,0,
1369052,1983193,11019831930994411,,110,0,
1369052,1962444,11119624440994411,,111,0,
1369052,1962446,11119624460994411,,111,0,
1369052,1983190,11119831900994411,,111,0,
1369052,1983191,11119831910994411,,111,0,
1369052,1983193,11119831930994411,,111,0,
1369052,1962444,1119624440994411,,11,0,
1369052,1962445,1119624450994411,,11,0,
1369052,1962446,1119624460994411,,11,0,
1369052,1983189,1119831890994411,,11,0,
1369052,1983190,1119831900994411,,11,0,
1369052,1983191,1119831910994411,,11,0,
1369052,1983192,1119831920994411,,11,0,
1369052,1983193,1119831930994411,,11,0,
1369052,1962444,11219624440994411,,112,0,
1369052,1962446,11219624460994411,,112,0,
1369052,1983190,11219831900994411,,112,0,
1369052,1983191,11219831910994411,,112,0,
1369052,1983193,11219831930994411,,112,0,
1369052,1962444,11319624440994411,,113,0,
1369052,1962446,11319624460994411,,113,0,
1369052,1983190,11319831900994411,,113,0,
1369052,1983191,11319831910994411,,113,0,
1369052,1983193,11319831930994411,,113,0,
1369052,1962444,11419624440994411,,114,0,
1369052,1962446,11419624460994411,,114,0,
1369052,1983190,11419831900994411,,114,0,
1369052,1983191,11419831910994411,,114,0,
1369052,1983193,11419831930994411,,114,0,
1369052,1962444,11519624440994411,,115,0,
1369052,1962446,11519624460994411,,115,0,
1369052,1983190,11519831900994411,,115,0,
1369052,1983191,11519831910994411,,115,0,
1369052,1983193,11519831930994411,,115,0,
1369052,11962444,11619624440994411,,116,0,
1369052,11962446,11619624460994411,,116,0,
1369052,1983190,11619831900994411,,116,0,
1369052,1983191,11619831910994411,,116,0,
1369052,1983193,11619831930994411,,116,0,
1369052,11962444,11719624440994411,,117,0,
1369052,11962446,11719624460994411,,117,0,
1369052,1983190,11719831900994411,,117,0,
1369052,1983191,11719831910994411,,117,0,
1369052,1983193,11719831930994411,,117,0,
1369052,11962444,11819624440994411,,118,0,
1369052,11962446,11819624460994411,,118,0,
1369052,1983190,11819831900994411,,118,0,
1369052,1983191,11819831910994411,,118,0,
1369052,1983193,11819831930994411,,118,0,
1369052,11962446,11919624460994411,,119,0,
1369052,1983190,11919831900994411,,119,0,
1369052,1983191,11919831910994411,,119,0,
1369052,1983193,11919831930994411,,119,0,
1369052,1962444,119624440994411,,1,0,
1369052,1962445,119624450994411,,1,0,
1369052,1962446,119624460994411,,1,0,
1369052,1983189,119831890994411,,1,0,
1369052,1983190,119831900994411,,1,0,
1369052,1983191,119831910994411,,1,0,
1369052,1983192,119831920994411,,1,0,
1369052,1983193,119831930994411,,1,0,
1369052,11962446,12019624460994411,,120,0,
1369052,1983190,12019831900994411,,120,0,
1369052,1983191,12019831910994411,,120,0,
1369052,1983193,12019831930994411,,120,0,
1369052,11962446,12119624460994411,,121,0,
1369052,1983190,12119831900994411,,121,0,
1369052,1983191,12119831910994411,,121,0,
1369052,1983193,12119831930994411,,121,0,
1369052,1962444,1219624440994411,,12,0,
1369052,1962445,1219624450994411,,12,0,
1369052,1962446,1219624460994411,,12,0,
1369052,1983189,1219831890994411,,12,0,
1369052,1983190,1219831900994411,,12,0,
1369052,1983191,1219831910994411,,12,0,
1369052,1983192,1219831920994411,,12,0,
1369052,1983193,1219831930994411,,12,0,
1369052,1983190,12219831900994411,,122,0,
1369052,1983191,12219831910994411,,122,0,
1369052,1983193,12219831930994411,,122,0,
1369052,1983190,12319831900994411,,123,0,
1369052,1983191,12319831910994411,,123,0,
1369052,1983193,12319831930994411,,123,0,
1369052,1983190,12419831900994411,,124,0,
1369052,1983191,12419831910994411,,124,0,
1369052,1983193,12419831930994411,,124,0,
1369052,1983190,12519831900994411,,125,0,
1369052,1983191,12519831910994411,,125,0,
1369052,1983193,12519831930994411,,125,0,
1369052,1983190,12619831900994411,,126,0,
1369052,1983191,12619831910994411,,126,0,
1369052,1983193,12619831930994411,,126,0,
1369052,1983190,12719831900994411,,127,0,
1369052,1983191,12719831910994411,,127,0,
1369052,1983193,12719831930994411,,127,0,
1369052,1983190,12819831900994411,,128,0,
1369052,1983191,12819831910994411,,128,0,
1369052,1983193,12819831930994411,,128,0,
1369052,1983190,12919831900994411,,129,0,
1369052,1983191,12919831910994411,,129,0,
1369052,1983193,12919831930994411,,129,0,
1369052,1983190,13019831900994411,,130,0,
1369052,1983191,13019831910994411,,130,0,
1369052,1983193,13019831930994411,,130,0,
1369052,1983190,13119831900994411,,131,0,
1369052,1983191,13119831910994411,,131,0,
1369052,1983193,13119831930994411,,131,0,
1369052,1962444,1319624440994411,,13,0,
1369052,1962445,1319624450994411,,13,0,
1369052,1962446,1319624460994411,,13,0,
1369052,1983189,1319831890994411,,13,0,
1369052,1983190,1319831900994411,,13,0,
1369052,1983191,1319831910994411,,13,0,
1369052,1983192,1319831920994411,,13,0,
1369052,1983193,1319831930994411,,13,0,
1369052,11983190,13219831900994411,,132,0,
1369052,11983191,13219831910994411,,132,0,
1369052,11983193,13219831930994411,,132,0,
1369052,11983190,13319831900994411,,133,0,
1369052,11983191,13319831910994411,,133,0,
1369052,11983193,13319831930994411,,133,0,
1369052,11983190,13419831900994411,,134,0,
1369052,11983191,13419831910994411,,134,0,
1369052,11983193,13419831930994411,,134,0,
1369052,11983193,13519831930994411,,135,0,
1369052,11983193,13619831930994411,,136,0,
1369052,11983193,13719831930994411,,137,0,
1369052,1962444,1419624440994411,,14,0,
1369052,1962445,1419624450994411,,14,0,
1369052,1962446,1419624460994411,,14,0,
1369052,1983189,1419831890994411,,14,0,
1369052,1983190,1419831900994411,,14,0,
1369052,1983191,1419831910994411,,14,0,
1369052,1983192,1419831920994411,,14,0,
1369052,1983193,1419831930994411,,14,0,
1369052,1962444,1519624440994411,,15,0,
1369052,1962445,1519624450994411,,15,0,
1369052,1962446,1519624460994411,,15,0,
1369052,1983189,1519831890994411,,15,0,
1369052,1983190,1519831900994411,,15,0,
1369052,1983191,1519831910994411,,15,0,
1369052,1983192,1519831920994411,,15,0,
1369052,1983193,1519831930994411,,15,0,
1369052,1962444,1619624440994411,,16,0,
1369052,1962445,1619624450994411,,16,0,
1369052,1962446,1619624460994411,,16,0,
1369052,1983189,1619831890994411,,16,0,
1369052,1983190,1619831900994411,,16,0,
1369052,1983191,1619831910994411,,16,0,
1369052,1983192,1619831920994411,,16,0,
1369052,1983193,1619831930994411,,16,0,
1369052,1962444,1719624440994411,,17,0,
1369052,1962445,1719624450994411,,17,0,
1369052,1962446,1719624460994411,,17,0,
1369052,1983189,1719831890994411,,17,0,
1369052,1983190,1719831900994411,,17,0,
1369052,1983191,1719831910994411,,17,0,
1369052,1983192,1719831920994411,,17,0,
1369052,1983193,1719831930994411,,17,0,
1369052,1962444,1819624440994411,,18,0,
1369052,1962445,1819624450994411,,18,0,
1369052,1962446,1819624460994411,,18,0,
1369052,1983189,1819831890994411,,18,0,
1369052,1983190,1819831900994411,,18,0,
1369052,1983191,1819831910994411,,18,0,
1369052,1983192,1819831920994411,,18,0,
1369052,1983193,1819831930994411,,18,0,
1369052,1962444,1919624440994411,,19,0,
1369052,1962445,1919624450994411,,19,0,
1369052,1962446,1919624460994411,,19,0,
1369052,1983189,1919831890994411,,19,0,
1369052,1983190,1919831900994411,,19,0,
1369052,1983191,1919831910994411,,19,0,
1369052,1983192,1919831920994411,,19,0,
1369052,1983193,1919831930994411,,19,0,
1369052,1962444,2019624440994411,,20,0,
1369052,1962445,2019624450994411,,20,0,
1369052,1962446,2019624460994411,,20,0,
1369052,1983189,2019831890994411,,20,0,
1369052,1983190,2019831900994411,,20,0,
1369052,1983191,2019831910994411,,20,0,
1369052,1983192,2019831920994411,,20,0,
1369052,1983193,2019831930994411,,20,0,
1369052,1962444,2119624440994411,,21,0,
1369052,1962445,2119624450994411,,21,0,
1369052,1962446,2119624460994411,,21,0,
1369052,1983189,2119831890994411,,21,0,
1369052,1983190,2119831900994411,,21,0,
1369052,1983191,2119831910994411,,21,0,
1369052,1983192,2119831920994411,,21,0,
1369052,1983193,2119831930994411,,21,0,
1369052,1962444,219624440994411,,2,0,
1369052,1962445,219624450994411,,2,0,
1369052,1962446,219624460994411,,2,0,
1369052,1983189,219831890994411,,2,0,
1369052,1983190,219831900994411,,2,0,
1369052,1983191,219831910994411,,2,0,
1369052,1983192,219831920994411,,2,0,
1369052,1983193,219831930994411,,2,0,
1369052,1962444,2219624440994411,,22,0,
1369052,1962445,2219624450994411,,22,0,
1369052,1962446,2219624460994411,,22,0,
1369052,1983189,2219831890994411,,22,0,
1369052,1983190,2219831900994411,,22,0,
1369052,1983191,2219831910994411,,22,0,
1369052,1983192,2219831920994411,,22,0,
1369052,1983193,2219831930994411,,22,0,
1369052,1962444,2319624440994411,,23,0,
1369052,1962445,2319624450994411,,23,0,
1369052,1962446,2319624460994411,,23,0,
1369052,1983189,2319831890994411,,23,0,
1369052,1983190,2319831900994411,,23,0,
1369052,1983191,2319831910994411,,23,0,
1369052,1983192,2319831920994411,,23,0,
1369052,1983193,2319831930994411,,23,0,
1369052,1962444,2419624440994411,,24,0,
1369052,1962445,2419624450994411,,24,0,
1369052,1962446,2419624460994411,,24,0,
1369052,1983189,2419831890994411,,24,0,
1369052,1983190,2419831900994411,,24,0,
1369052,1983191,2419831910994411,,24,0,
1369052,1983192,2419831920994411,,24,0,
1369052,1983193,2419831930994411,,24,0,
1369052,1962444,2519624440994411,,25,0,
1369052,1962445,2519624450994411,,25,0,
1369052,1962446,2519624460994411,,25,0,
1369052,1983189,2519831890994411,,25,0,
1369052,1983190,2519831900994411,,25,0,
1369052,1983191,2519831910994411,,25,0,
1369052,1983192,2519831920994411,,25,0,
1369052,1983193,2519831930994411,,25,0,
1369052,1962444,2619624440994411,,26,0,
1369052,1962445,2619624450994411,,26,0,
1369052,1962446,2619624460994411,,26,0,
1369052,1983189,2619831890994411,,26,0,
1369052,1983190,2619831900994411,,26,0,
1369052,1983191,2619831910994411,,26,0,
1369052,1983192,2619831920994411,,26,0,
1369052,1983193,2619831930994411,,26,0,
1369052,1962444,2719624440994411,,27,0,
1369052,1962445,2719624450994411,,27,0,
1369052,1962446,2719624460994411,,27,0,
1369052,1983189,2719831890994411,,27,0,
1369052,1983190,2719831900994411,,27,0,
1369052,1983191,2719831910994411,,27,0,
1369052,1983192,2719831920994411,,27,0,
1369052,1983193,2719831930994411,,27,0,
1369052,1962444,2819624440994411,,28,0,
1369052,1962445,2819624450994411,,28,0,
1369052,1962446,2819624460994411,,28,0,
1369052,1983189,2819831890994411,,28,0,
1369052,1983190,2819831900994411,,28,0,
1369052,1983191,2819831910994411,,28,0,
1369052,1983192,2819831920994411,,28,0,
1369052,1983193,2819831930994411,,28,0,
1369052,1962444,2919624440994411,,29,0,
1369052,1962445,2919624450994411,,29,0,
1369052,1962446,2919624460994411,,29,0,
1369052,1983189,2919831890994411,,29,0,
1369052,1983190,2919831900994411,,29,0,
1369052,1983191,2919831910994411,,29,0,
1369052,1983192,2919831920994411,,29,0,
1369052,1983193,2919831930994411,,29,0,
1369052,1962444,3019624440994411,,30,0,
1369052,1962445,3019624450994411,,30,0,
1369052,1962446,3019624460994411,,30,0,
1369052,1983189,3019831890994411,,30,0,
1369052,1983190,3019831900994411,,30,0,
1369052,1983191,3019831910994411,,30,0,
1369052,1983192,3019831920994411,,30,0,
1369052,1983193,3019831930994411,,30,0,
1369052,1962444,3119624440994411,,31,0,
1369052,1962445,3119624450994411,,31,0,
1369052,1962446,3119624460994411,,31,0,
1369052,1983189,3119831890994411,,31,0,
1369052,1983190,3119831900994411,,31,0,
1369052,1983191,3119831910994411,,31,0,
1369052,1983192,3119831920994411,,31,0,
1369052,1983193,3119831930994411,,31,0,
1369052,1962444,319624440994411,,3,0,
1369052,1962445,319624450994411,,3,0,
1369052,1962446,319624460994411,,3,0,
1369052,1983189,319831890994411,,3,0,
1369052,1983190,319831900994411,,3,0,
1369052,1983191,319831910994411,,3,0,
1369052,1983192,319831920994411,,3,0,
1369052,1983193,319831930994411,,3,0,
1369052,1962444,3219624440994411,,32,0,
1369052,1962445,3219624450994411,,32,0,
1369052,1962446,3219624460994411,,32,0,
1369052,1983189,3219831890994411,,32,0,
1369052,1983190,3219831900994411,,32,0,
1369052,1983191,3219831910994411,,32,0,
1369052,1983192,3219831920994411,,32,0,
1369052,1983193,3219831930994411,,32,0,
1369052,1962444,3319624440994411,,33,0,
1369052,1962445,3319624450994411,,33,0,
1369052,1962446,3319624460994411,,33,0,
1369052,1983189,3319831890994411,,33,0,
1369052,1983190,3319831900994411,,33,0,
1369052,1983191,3319831910994411,,33,0,
1369052,1983192,3319831920994411,,33,0,
1369052,1983193,3319831930994411,,33,0,
1369052,1962444,3419624440994411,,34,0,
1369052,1962445,3419624450994411,,34,0,
1369052,1962446,3419624460994411,,34,0,
1369052,1983189,3419831890994411,,34,0,
1369052,1983190,3419831900994411,,34,0,
1369052,1983191,3419831910994411,,34,0,
1369052,1983192,3419831920994411,,34,0,
1369052,1983193,3419831930994411,,34,0,
1369052,1962444,3519624440994411,,35,0,
1369052,1962445,3519624450994411,,35,0,
1369052,1962446,3519624460994411,,35,0,
1369052,1983189,3519831890994411,,35,0,
1369052,1983190,3519831900994411,,35,0,
1369052,1983191,3519831910994411,,35,0,
1369052,1983192,3519831920994411,,35,0,
1369052,1983193,3519831930994411,,35,0,
1369052,1962444,3619624440994411,,36,0,
1369052,1962445,3619624450994411,,36,0,
1369052,1962446,3619624460994411,,36,0,
1369052,1983189,3619831890994411,,36,0,
1369052,1983190,3619831900994411,,36,0,
1369052,1983191,3619831910994411,,36,0,
1369052,1983192,3619831920994411,,36,0,
1369052,1983193,3619831930994411,,36,0,
1369052,1962444,3719624440994411,,37,0,
1369052,1962445,3719624450994411,,37,0,
1369052,1962446,3719624460994411,,37,0,
1369052,1983189,3719831890994411,,37,0,
1369052,1983190,3719831900994411,,37,0,
1369052,1983191,3719831910994411,,37,0,
1369052,1983192,3719831920994411,,37,0,
1369052,1983193,3719831930994411,,37,0,
1369052,1962444,3819624440994411,,38,0,
1369052,1962445,3819624450994411,,38,0,
1369052,1962446,3819624460994411,,38,0,
1369052,1983189,3819831890994411,,38,0,
1369052,1983190,3819831900994411,,38,0,
1369052,1983191,3819831910994411,,38,0,
1369052,1983192,3819831920994411,,38,0,
1369052,1983193,3819831930994411,,38,0,
1369052,1962444,3919624440994411,,39,0,
1369052,1962445,3919624450994411,,39,0,
1369052,1962446,3919624460994411,,39,0,
1369052,1983189,3919831890994411,,39,0,
1369052,1983190,3919831900994411,,39,0,
1369052,1983191,3919831910994411,,39,0,
1369052,1983192,3919831920994411,,39,0,
1369052,1983193,3919831930994411,,39,0,
1369052,1962444,4019624440994411,,40,0,
1369052,1962445,4019624450994411,,40,0,
1369052,1962446,4019624460994411,,40,0,
1369052,1983189,4019831890994411,,40,0,
1369052,1983190,4019831900994411,,40,0,
1369052,1983191,4019831910994411,,40,0,
1369052,1983192,4019831920994411,,40,0,
1369052,1983193,4019831930994411,,40,0,
1369052,1962444,4119624440994411,,41,0,
1369052,1962445,4119624450994411,,41,0,
1369052,1962446,4119624460994411,,41,0,
1369052,1983189,4119831890994411,,41,0,
1369052,1983190,4119831900994411,,41,0,
1369052,1983191,4119831910994411,,41,0,
1369052,1983192,4119831920994411,,41,0,
1369052,1983193,4119831930994411,,41,0,
1369052,1962444,419624440994411,,4,0,
1369052,1962445,419624450994411,,4,0,
1369052,1962446,419624460994411,,4,0,
1369052,1983189,419831890994411,,4,0,
1369052,1983190,419831900994411,,4,0,
1369052,1983191,419831910994411,,4,0,
1369052,1983192,419831920994411,,4,0,
1369052,1983193,419831930994411,,4,0,
1369052,1962444,4219624440994411,,42,0,
1369052,1962445,4219624450994411,,42,0,
1369052,1962446,4219624460994411,,42,0,
1369052,1983189,4219831890994411,,42,0,
1369052,1983190,4219831900994411,,42,0,
1369052,1983191,4219831910994411,,42,0,
1369052,1983192,4219831920994411,,42,0,
1369052,1983193,4219831930994411,,42,0,
1369052,1962444,4319624440994411,,43,0,
1369052,1962445,4319624450994411,,43,0,
1369052,1962446,4319624460994411,,43,0,
1369052,1983189,4319831890994411,,43,0,
1369052,1983190,4319831900994411,,43,0,
1369052,1983191,4319831910994411,,43,0,
1369052,1983192,4319831920994411,,43,0,
1369052,1983193,4319831930994411,,43,0,
1369052,1962444,4419624440994411,,44,0,
1369052,1962445,4419624450994411,,44,0,
1369052,1962446,4419624460994411,,44,0,
1369052,1983189,4419831890994411,,44,0,
1369052,1983190,4419831900994411,,44,0,
1369052,1983191,4419831910994411,,44,0,
1369052,1983192,4419831920994411,,44,0,
1369052,1983193,4419831930994411,,44,0,
1369052,1962444,4519624440994411,,45,0,
1369052,1962445,4519624450994411,,45,0,
1369052,1962446,4519624460994411,,45,0,
1369052,1983189,4519831890994411,,45,0,
1369052,1983190,4519831900994411,,45,0,
1369052,1983191,4519831910994411,,45,0,
1369052,1983192,4519831920994411,,45,0,
1369052,1983193,4519831930994411,,45,0,
1369052,1962444,4619624440994411,,46,0,
1369052,1962445,4619624450994411,,46,0,
1369052,1962446,4619624460994411,,46,0,
1369052,1983189,4619831890994411,,46,0,
1369052,1983190,4619831900994411,,46,0,
1369052,1983191,4619831910994411,,46,0,
1369052,1983192,4619831920994411,,46,0,
1369052,1983193,4619831930994411,,46,0,
1369052,1962444,4719624440994411,,47,0,
1369052,1962445,4719624450994411,,47,0,
1369052,1962446,4719624460994411,,47,0,
1369052,1983189,4719831890994411,,47,0,
1369052,1983190,4719831900994411,,47,0,
1369052,1983191,4719831910994411,,47,0,
1369052,1983192,4719831920994411,,47,0,
1369052,1983193,4719831930994411,,47,0,
1369052,1962444,4819624440994411,,48,0,
1369052,1962445,4819624450994411,,48,0,
1369052,1962446,4819624460994411,,48,0,
1369052,1983189,4819831890994411,,48,0,
1369052,1983190,4819831900994411,,48,0,
1369052,1983191,4819831910994411,,48,0,
1369052,1983192,4819831920994411,,48,0,
1369052,1983193,4819831930994411,,48,0,
1369052,1962444,4919624440994411,,49,0,
1369052,1962445,4919624450994411,,49,0,
1369052,1962446,4919624460994411,,49,0,
1369052,1983189,4919831890994411,,49,0,
1369052,1983190,4919831900994411,,49,0,
1369052,1983191,4919831910994411,,49,0,
1369052,1983192,4919831920994411,,49,0,
1369052,1983193,4919831930994411,,49,0,
1369052,1962444,5019624440994411,,50,0,
1369052,1962445,5019624450994411,,50,0,
1369052,1962446,5019624460994411,,50,0,
1369052,1983189,5019831890994411,,50,0,
1369052,1983190,5019831900994411,,50,0,
1369052,1983191,5019831910994411,,50,0,
1369052,1983192,5019831920994411,,50,0,
1369052,1983193,5019831930994411,,50,0,
1369052,1962444,5119624440994411,,51,0,
1369052,1962445,5119624450994411,,51,0,
1369052,1962446,5119624460994411,,51,0,
1369052,1983189,5119831890994411,,51,0,
1369052,1983190,5119831900994411,,51,0,
1369052,1983191,5119831910994411,,51,0,
1369052,1983192,5119831920994411,,51,0,
1369052,1983193,5119831930994411,,51,0,
1369052,1962444,519624440994411,,5,0,
1369052,1962445,519624450994411,,5,0,
1369052,1962446,519624460994411,,5,0,
1369052,1983189,519831890994411,,5,0,
1369052,1983190,519831900994411,,5,0,
1369052,1983191,519831910994411,,5,0,
1369052,1983192,519831920994411,,5,0,
1369052,1983193,519831930994411,,5,0,
1369052,1962444,5219624440994411,,52,0,
1369052,1962445,5219624450994411,,52,0,
1369052,1962446,5219624460994411,,52,0,
1369052,1983189,5219831890994411,,52,0,
1369052,1983190,5219831900994411,,52,0,
1369052,1983191,5219831910994411,,52,0,
1369052,1983192,5219831920994411,,52,0,
1369052,1983193,5219831930994411,,52,0,
1369052,1962444,5319624440994411,,53,0,
1369052,1962445,5319624450994411,,53,0,
1369052,1962446,5319624460994411,,53,0,
1369052,1983189,5319831890994411,,53,0,
1369052,1983190,5319831900994411,,53,0,
1369052,1983191,5319831910994411,,53,0,
1369052,1983192,5319831920994411,,53,0,
1369052,1983193,5319831930994411,,53,0,
1369052,1962444,5419624440994411,,54,0,
1369052,1962445,5419624450994411,,54,0,
1369052,1962446,5419624460994411,,54,0,
1369052,1983189,5419831890994411,,54,0,
1369052,1983190,5419831900994411,,54,0,
1369052,1983191,5419831910994411,,54,0,
1369052,1983192,5419831920994411,,54,0,
1369052,1983193,5419831930994411,,54,0,
1369052,1962444,5519624440994411,,55,0,
1369052,1962445,5519624450994411,,55,0,
1369052,1962446,5519624460994411,,55,0,
1369052,1983189,5519831890994411,,55,0,
1369052,1983190,5519831900994411,,55,0,
1369052,1983191,5519831910994411,,55,0,
1369052,1983192,5519831920994411,,55,0,
1369052,1983193,5519831930994411,,55,0,
1369052,1962444,5619624440994411,,56,0,
1369052,1962445,5619624450994411,,56,0,
1369052,1962446,5619624460994411,,56,0,
1369052,1983189,5619831890994411,,56,0,
1369052,1983190,5619831900994411,,56,0,
1369052,1983191,5619831910994411,,56,0,
1369052,1983192,5619831920994411,,56,0,
1369052,1983193,5619831930994411,,56,0,
1369052,1962444,5719624440994411,,57,0,
1369052,1962445,5719624450994411,,57,0,
1369052,1962446,5719624460994411,,57,0,
1369052,1983189,5719831890994411,,57,0,
1369052,1983190,5719831900994411,,57,0,
1369052,1983191,5719831910994411,,57,0,
1369052,1983192,5719831920994411,,57,0,
1369052,1983193,5719831930994411,,57,0,
1369052,1962444,5819624440994411,,58,0,
1369052,1962445,5819624450994411,,58,0,
1369052,1962446,5819624460994411,,58,0,
1369052,1983189,5819831890994411,,58,0,
1369052,1983190,5819831900994411,,58,0,
1369052,1983191,5819831910994411,,58,0,
1369052,1983192,5819831920994411,,58,0,
1369052,1983193,5819831930994411,,58,0,
1369052,1962444,5919624440994411,,59,0,
1369052,1962445,5919624450994411,,59,0,
1369052,1962446,5919624460994411,,59,0,
1369052,1983189,5919831890994411,,59,0,
1369052,1983190,5919831900994411,,59,0,
1369052,1983191,5919831910994411,,59,0,
1369052,1983192,5919831920994411,,59,0,
1369052,1983193,5919831930994411,,59,0,
1369052,1962444,6019624440994411,,60,0,
1369052,1962445,6019624450994411,,60,0,
1369052,1962446,6019624460994411,,60,0,
1369052,1983189,6019831890994411,,60,0,
1369052,1983190,6019831900994411,,60,0,
1369052,1983191,6019831910994411,,60,0,
1369052,1983192,6019831920994411,,60,0,
1369052,1983193,6019831930994411,,60,0,
1369052,1962444,6119624440994411,,61,0,
1369052,1962445,6119624450994411,,61,0,
1369052,1962446,6119624460994411,,61,0,
1369052,1983189,6119831890994411,,61,0,
1369052,1983190,6119831900994411,,61,0,
1369052,1983191,6119831910994411,,61,0,
1369052,1983192,6119831920994411,,61,0,
1369052,1983193,6119831930994411,,61,0,
1369052,1962444,619624440994411,,6,0,
1369052,1962445,619624450994411,,6,0,
1369052,1962446,619624460994411,,6,0,
1369052,1983189,619831890994411,,6,0,
1369052,1983190,619831900994411,,6,0,
1369052,1983191,619831910994411,,6,0,
1369052,1983192,619831920994411,,6,0,
1369052,1983193,619831930994411,,6,0,
1369052,1962444,6219624440994411,,62,0,
1369052,1962445,6219624450994411,,62,0,
1369052,1962446,6219624460994411,,62,0,
1369052,1983189,6219831890994411,,62,0,
1369052,1983190,6219831900994411,,62,0,
1369052,1983191,6219831910994411,,62,0,
1369052,1983192,6219831920994411,,62,0,
1369052,1983193,6219831930994411,,62,0,
1369052,1962444,6319624440994411,,63,0,
1369052,1962445,6319624450994411,,63,0,
1369052,1962446,6319624460994411,,63,0,
1369052,1983189,6319831890994411,,63,0,
1369052,1983190,6319831900994411,,63,0,
1369052,1983191,6319831910994411,,63,0,
1369052,1983192,6319831920994411,,63,0,
1369052,1983193,6319831930994411,,63,0,
1369052,1962444,6419624440994411,,64,0,
1369052,1962445,6419624450994411,,64,0,
1369052,1962446,6419624460994411,,64,0,
1369052,1983189,6419831890994411,,64,0,
1369052,1983190,6419831900994411,,64,0,
1369052,1983191,6419831910994411,,64,0,
1369052,1983192,6419831920994411,,64,0,
1369052,1983193,6419831930994411,,64,0,
1369052,1962444,6519624440994411,,65,0,
1369052,1962445,6519624450994411,,65,0,
1369052,1962446,6519624460994411,,65,0,
1369052,1983189,6519831890994411,,65,0,
1369052,1983190,6519831900994411,,65,0,
1369052,1983191,6519831910994411,,65,0,
1369052,1983192,6519831920994411,,65,0,
1369052,1983193,6519831930994411,,65,0,
1369052,1962444,6619624440994411,,66,0,
1369052,1962445,6619624450994411,,66,0,
1369052,1962446,6619624460994411,,66,0,
1369052,1983189,6619831890994411,,66,0,
1369052,1983190,6619831900994411,,66,0,
1369052,1983191,6619831910994411,,66,0,
1369052,1983192,6619831920994411,,66,0,
1369052,1983193,6619831930994411,,66,0,
1369052,1962444,6719624440994411,,67,0,
1369052,1962445,6719624450994411,,67,0,
1369052,1962446,6719624460994411,,67,0,
1369052,1983189,6719831890994411,,67,0,
1369052,1983190,6719831900994411,,67,0,
1369052,1983191,6719831910994411,,67,0,
1369052,1983192,6719831920994411,,67,0,
1369052,1983193,6719831930994411,,67,0,
1369052,1962444,6819624440994411,,68,0,
1369052,1962445,6819624450994411,,68,0,
1369052,1962446,6819624460994411,,68,0,
1369052,1983189,6819831890994411,,68,0,
1369052,1983190,6819831900994411,,68,0,
1369052,1983191,6819831910994411,,68,0,
1369052,1983192,6819831920994411,,68,0,
1369052,1983193,6819831930994411,,68,0,
1369052,1962444,6919624440994411,,69,0,
1369052,1962445,6919624450994411,,69,0,
1369052,1962446,6919624460994411,,69,0,
1369052,1983189,6919831890994411,,69,0,
1369052,1983190,6919831900994411,,69,0,
1369052,1983191,6919831910994411,,69,0,
1369052,1983192,6919831920994411,,69,0,
1369052,1983193,6919831930994411,,69,0,
1369052,1962444,7019624440994411,,70,0,
1369052,1962445,7019624450994411,,70,0,
1369052,1962446,7019624460994411,,70,0,
1369052,11983189,7019831890994411,,70,0,
1369052,1983190,7019831900994411,,70,0,
1369052,1983191,7019831910994411,,70,0,
1369052,1983192,7019831920994411,,70,0,
1369052,1983193,7019831930994411,,70,0,
1369052,1962444,7119624440994411,,71,0,
1369052,1962445,7119624450994411,,71,0,
1369052,1962446,7119624460994411,,71,0,
1369052,11983189,7119831890994411,,71,0,
1369052,1983190,7119831900994411,,71,0,
1369052,1983191,7119831910994411,,71,0,
1369052,1983192,7119831920994411,,71,0,
1369052,1983193,7119831930994411,,71,0,
1369052,1962444,719624440994411,,7,0,
1369052,1962445,719624450994411,,7,0,
1369052,1962446,719624460994411,,7,0,
1369052,1983189,719831890994411,,7,0,
1369052,1983190,719831900994411,,7,0,
1369052,1983191,719831910994411,,7,0,
1369052,1983192,719831920994411,,7,0,
1369052,1983193,719831930994411,,7,0,
1369052,1962444,7219624440994411,,72,0,
1369052,1962445,7219624450994411,,72,0,
1369052,1962446,7219624460994411,,72,0,
1369052,11983189,7219831890994411,,72,0,
1369052,1983190,7219831900994411,,72,0,
1369052,1983191,7219831910994411,,72,0,
1369052,1983192,7219831920994411,,72,0,
1369052,1983193,7219831930994411,,72,0,
1369052,1962444,7319624440994411,,73,0,
1369052,1962445,7319624450994411,,73,0,
1369052,1962446,7319624460994411,,73,0,
1369052,1983190,7319831900994411,,73,0,
1369052,1983191,7319831910994411,,73,0,
1369052,1983192,7319831920994411,,73,0,
1369052,1983193,7319831930994411,,73,0,
1369052,1962444,7419624440994411,,74,0,
1369052,1962445,7419624450994411,,74,0,
1369052,1962446,7419624460994411,,74,0,
1369052,1983190,7419831900994411,,74,0,
1369052,1983191,7419831910994411,,74,0,
1369052,1983192,7419831920994411,,74,0,
1369052,1983193,7419831930994411,,74,0,
1369052,1962444,7519624440994411,,75,0,
1369052,1962445,7519624450994411,,75,0,
1369052,1962446,7519624460994411,,75,0,
1369052,1983190,7519831900994411,,75,0,
1369052,1983191,7519831910994411,,75,0,
1369052,1983192,7519831920994411,,75,0,
1369052,1983193,7519831930994411,,75,0,
1369052,1962444,7619624440994411,,76,0,
1369052,1962445,7619624450994411,,76,0,
1369052,1962446,7619624460994411,,76,0,
1369052,1983190,7619831900994411,,76,0,
1369052,1983191,7619831910994411,,76,0,
1369052,1983192,7619831920994411,,76,0,
1369052,1983193,7619831930994411,,76,0,
1369052,1962444,7719624440994411,,77,0,
1369052,1962445,7719624450994411,,77,0,
1369052,1962446,7719624460994411,,77,0,
1369052,1983190,7719831900994411,,77,0,
1369052,1983191,7719831910994411,,77,0,
1369052,1983192,7719831920994411,,77,0,
1369052,1983193,7719831930994411,,77,0,
1369052,1962444,7819624440994411,,78,0,
1369052,1962445,7819624450994411,,78,0,
1369052,1962446,7819624460994411,,78,0,
1369052,1983190,7819831900994411,,78,0,
1369052,1983191,7819831910994411,,78,0,
1369052,1983192,7819831920994411,,78,0,
1369052,1983193,7819831930994411,,78,0,
1369052,1962444,7919624440994411,,79,0,
1369052,1962445,7919624450994411,,79,0,
1369052,1962446,7919624460994411,,79,0,
1369052,1983190,7919831900994411,,79,0,
1369052,1983191,7919831910994411,,79,0,
1369052,1983192,7919831920994411,,79,0,
1369052,1983193,7919831930994411,,79,0,
1369052,1962444,8019624440994411,,80,0,
1369052,11962445,8019624450994411,,80,0,
1369052,1962446,8019624460994411,,80,0,
1369052,1983190,8019831900994411,,80,0,
1369052,1983191,8019831910994411,,80,0,
1369052,1983192,8019831920994411,,80,0,
1369052,1983193,8019831930994411,,80,0,
1369052,1962444,8119624440994411,,81,0,
1369052,11962445,8119624450994411,,81,0,
1369052,1962446,8119624460994411,,81,0,
1369052,1983190,8119831900994411,,81,0,
1369052,1983191,8119831910994411,,81,0,
1369052,1983192,8119831920994411,,81,0,
1369052,1983193,8119831930994411,,81,0,
1369052,1962444,819624440994411,,8,0,
1369052,1962445,819624450994411,,8,0,
1369052,1962446,819624460994411,,8,0,
1369052,1983189,819831890994411,,8,0,
1369052,1983190,819831900994411,,8,0,
1369052,1983191,819831910994411,,8,0,
1369052,1983192,819831920994411,,8,0,
1369052,1983193,819831930994411,,8,0,
1369052,1962444,8219624440994411,,82,0,
1369052,11962445,8219624450994411,,82,0,
1369052,1962446,8219624460994411,,82,0,
1369052,1983190,8219831900994411,,82,0,
1369052,1983191,8219831910994411,,82,0,
1369052,1983192,8219831920994411,,82,0,
1369052,1983193,8219831930994411,,82,0,
1369052,1962444,8319624440994411,,83,0,
1369052,11962445,8319624450994411,,83,0,
1369052,1962446,8319624460994411,,83,0,
1369052,1983190,8319831900994411,,83,0,
1369052,1983191,8319831910994411,,83,0,
1369052,1983192,8319831920994411,,83,0,
1369052,1983193,8319831930994411,,83,0,
1369052,1962444,8419624440994411,,84,0,
1369052,11962445,8419624450994411,,84,0,
1369052,1962446,8419624460994411,,84,0,
1369052,1983190,8419831900994411,,84,0,
1369052,1983191,8419831910994411,,84,0,
1369052,1983192,8419831920994411,,84,0,
1369052,1983193,8419831930994411,,84,0,
1369052,1962444,8519624440994411,,85,0,
1369052,11962445,8519624450994411,,85,0,
1369052,1962446,8519624460994411,,85,0,
1369052,1983190,8519831900994411,,85,0,
1369052,1983191,8519831910994411,,85,0,
1369052,1983192,8519831920994411,,85,0,
1369052,1983193,8519831930994411,,85,0,
1369052,1962444,8619624440994411,,86,0,
1369052,1962446,8619624460994411,,86,0,
1369052,1983190,8619831900994411,,86,0,
1369052,1983191,8619831910994411,,86,0,
1369052,1983192,8619831920994411,,86,0,
1369052,1983193,8619831930994411,,86,0,
1369052,1962444,8719624440994411,,87,0,
1369052,1962446,8719624460994411,,87,0,
1369052,1983190,8719831900994411,,87,0,
1369052,1983191,8719831910994411,,87,0,
1369052,1983192,8719831920994411,,87,0,
1369052,1983193,8719831930994411,,87,0,
1369052,1962444,8819624440994411,,88,0,
1369052,1962446,8819624460994411,,88,0,
1369052,1983190,8819831900994411,,88,0,
1369052,1983191,8819831910994411,,88,0,
1369052,1983192,8819831920994411,,88,0,
1369052,1983193,8819831930994411,,88,0,
1369052,1962444,8919624440994411,,89,0,
1369052,1962446,8919624460994411,,89,0,
1369052,1983190,8919831900994411,,89,0,
1369052,1983191,8919831910994411,,89,0,
1369052,1983192,8919831920994411,,89,0,
1369052,1983193,8919831930994411,,89,0,
1369052,1962444,9019624440994411,,90,0,
1369052,1962446,9019624460994411,,90,0,
1369052,1983190,9019831900994411,,90,0,
1369052,1983191,9019831910994411,,90,0,
1369052,1983192,9019831920994411,,90,0,
1369052,1983193,9019831930994411,,90,0,
1369052,1962444,9119624440994411,,91,0,
1369052,1962446,9119624460994411,,91,0,
1369052,1983190,9119831900994411,,91,0,
1369052,1983191,9119831910994411,,91,0,
1369052,1983192,9119831920994411,,91,0,
1369052,1983193,9119831930994411,,91,0,
1369052,1962444,919624440994411,,9,0,
1369052,1962445,919624450994411,,9,0,
1369052,1962446,919624460994411,,9,0,
1369052,1983189,919831890994411,,9,0,
1369052,1983190,919831900994411,,9,0,
1369052,1983191,919831910994411,,9,0,
1369052,1983192,919831920994411,,9,0,
1369052,1983193,919831930994411,,9,0,
1369052,1962444,9219624440994411,,92,0,
1369052,1962446,9219624460994411,,92,0,
1369052,1983190,9219831900994411,,92,0,
1369052,1983191,9219831910994411,,92,0,
1369052,1983192,9219831920994411,,92,0,
1369052,1983193,9219831930994411,,92,0,
1369052,1962444,9319624440994411,,93,0,
1369052,1962446,9319624460994411,,93,0,
1369052,1983190,9319831900994411,,93,0,
1369052,1983191,9319831910994411,,93,0,
1369052,1983192,9319831920994411,,93,0,
1369052,1983193,9319831930994411,,93,0,
1369052,1962444,9419624440994411,,94,0,
1369052,1962446,9419624460994411,,94,0,
1369052,1983190,9419831900994411,,94,0,
1369052,1983191,9419831910994411,,94,0,
1369052,1983192,9419831920994411,,94,0,
1369052,1983193,9419831930994411,,94,0,
1369052,1962444,9519624440994411,,95,0,
1369052,1962446,9519624460994411,,95,0,
1369052,1983190,9519831900994411,,95,0,
1369052,1983191,9519831910994411,,95,0,
1369052,1983192,9519831920994411,,95,0,
1369052,1983193,9519831930994411,,95,0,
1369052,1962444,9619624440994411,,96,0,
1369052,1962446,9619624460994411,,96,0,
1369052,1983190,9619831900994411,,96,0,
1369052,1983191,9619831910994411,,96,0,
1369052,1983192,9619831920994411,,96,0,
1369052,1983193,9619831930994411,,96,0,
1369052,1962444,9719624440994411,,97,0,
1369052,1962446,9719624460994411,,97,0,
1369052,1983190,9719831900994411,,97,0,
1369052,1983191,9719831910994411,,97,0,
1369052,1983192,9719831920994411,,97,0,
1369052,1983193,9719831930994411,,97,0,
1369052,1962444,9819624440994411,,98,0,
1369052,1962446,9819624460994411,,98,0,
1369052,1983190,9819831900994411,,98,0,
1369052,1983191,9819831910994411,,98,0,
1369052,11983192,9819831920994411,,98,0,
1369052,1983193,9819831930994411,,98,0,
1369052,1962444,9919624440994411,,99,0,
1369052,1962446,9919624460994411,,99,0,
1369052,1983190,9919831900994411,,99,0,
1369052,1983191,9919831910994411,,99,0,
1369052,11983192,9919831920994411,,99,0,
1369052,1983193,9919831930994411,,99,0,
1369052,1962444,119624440961235,,1,0,
1369052,1962446,119624460961235,,1,0,
1369052,1983190,119831900961235,,1,0,
1369052,1983191,119831910961235,,1,0,
1369052,1983193,119831930961235,,1,0,
1369052,1962444,219624440961235,,2,0,
1369052,1962446,219624460961235,,2,0,
1369052,1983190,219831900961235,,2,0,
1369052,1983191,219831910961235,,2,0,
1369052,1983193,219831930961235,,2,0,
1369052,1962444,319624440961235,,3,0,
1369052,1962446,319624460961235,,3,0,
1369052,1962444,419624440961235,,4,0,
1369052,1962446,419624460961235,,4,0,
1369052,1962444,519624440961235,,5,0,
1369052,1962446,519624460961235,,5,0,
1369052,1962444,619624440961235,,6,0,
1369052,1962446,619624460961235,,6,0,
1369052,1962444,719624440961235,,7,0,
1369052,1962446,719624460961235,,7,0,
1369052,1962444,819624440961235,,8,0,
1369052,1962446,819624460961235,,8,0,
1369052,1962444,919624440961235,,9,0,
1369052,1962446,919624460961235,,9,0,
1369052,1962444,119624440994412,,1,0,
1369052,1962445,119624450994412,,1,0,
1369052,1962446,119624460994412,,1,0,
1369052,1983189,119831890994412,,1,0,
1369052,1983190,119831900994412,,1,0,
1369052,1983191,119831910994412,,1,0,
1369052,1983192,119831920994412,,1,0,
1369052,1983193,119831930994412,,1,0,
1369052,1962444,219624440994412,,2,0,
1369052,1962445,219624450994412,,2,0,
1369052,1962446,219624460994412,,2,0,
1369052,1983189,219831890994412,,2,0,
1369052,1983190,219831900994412,,2,0,
1369052,1983191,219831910994412,,2,0,
1369052,1983192,219831920994412,,2,0,
1369052,1983193,219831930994412,,2,0,
1369052,1962444,319624440994412,,3,0,
1369052,1962445,319624450994412,,3,0,
1369052,1962446,319624460994412,,3,0,
1369052,1983189,319831890994412,,3,0,
1369052,1983190,319831900994412,,3,0,
1369052,1983191,319831910994412,,3,0,
1369052,1983192,319831920994412,,3,0,
1369052,1983193,319831930994412,,3,0,
1369052,1983190,119831900961236,,1,0,
1369052,1983191,119831910961236,,1,0,
1369052,1983193,119831930961236,,1,0,
1369052,1983190,219831900961236,,2,0,
1369052,1983191,219831910961236,,2,0,
1369052,1983193,219831930961236,,2,0,
1369052,1983190,119831900961237,,1,0,
1369052,1983191,119831910961237,,1,0,
1369052,1983193,119831930961237,,1,0,
1369053,1962444,10019624440961231,,100,1,
1369053,1962446,10019624460961231,,100,1,
1369053,1983190,10019831900961231,,100,1,
1369053,1983191,10019831910961231,,100,1,
1369053,1983192,10019831920961231,,100,1,
1369053,1983193,10019831930961231,,100,1,
1369053,1962444,10119624440961231,,101,1,
1369053,1962446,10119624460961231,,101,1,
1369053,1983190,10119831900961231,,101,1,
1369053,1983191,10119831910961231,,101,1,
1369053,1983192,10119831920961231,,101,1,
1369053,1983193,10119831930961231,,101,1,
1369053,1962444,1019624440961231,,10,1,
1369053,1962445,1019624450961231,,10,1,
1369053,1962446,1019624460961231,,10,1,
1369053,1983189,1019831890961231,,10,1,
1369053,1983190,1019831900961231,,10,1,
1369053,1983191,1019831910961231,,10,1,
1369053,1983192,1019831920961231,,10,1,
1369053,1983193,1019831930961231,,10,1,
1369053,1962444,10219624440961231,,102,1,
1369053,1962446,10219624460961231,,102,1,
1369053,1983190,10219831900961231,,102,1,
1369053,1983191,10219831910961231,,102,1,
1369053,11983192,10219831920961231,,102,1,
1369053,1983193,10219831930961231,,102,1,
1369053,1962444,10319624440961231,,103,1,
1369053,1962446,10319624460961231,,103,1,
1369053,1983190,10319831900961231,,103,1,
1369053,1983191,10319831910961231,,103,1,
1369053,11983192,10319831920961231,,103,1,
1369053,1983193,10319831930961231,,103,1,
1369053,1962444,10419624440961231,,104,1,
1369053,1962446,10419624460961231,,104,1,
1369053,1983190,10419831900961231,,104,1,
1369053,1983191,10419831910961231,,104,1,
1369053,11983192,10419831920961231,,104,1,
1369053,1983193,10419831930961231,,104,1,
1369053,1962444,10519624440961231,,105,1,
1369053,1962446,10519624460961231,,105,1,
1369053,1983190,10519831900961231,,105,1,
1369053,1983191,10519831910961231,,105,1,
1369053,11983192,10519831920961231,,105,1,
1369053,1983193,10519831930961231,,105,1,
1369053,1962444,10619624440961231,,106,1,
1369053,1962446,10619624460961231,,106,1,
1369053,1983190,10619831900961231,,106,1,
1369053,1983191,10619831910961231,,106,1,
1369053,11983192,10619831920961231,,106,1,
1369053,1983193,10619831930961231,,106,1,
1369053,1962444,10719624440961231,,107,1,
1369053,1962446,10719624460961231,,107,1,
1369053,1983190,10719831900961231,,107,1,
1369053,1983191,10719831910961231,,107,1,
1369053,1983193,10719831930961231,,107,1,
1369053,1962444,10819624440961231,,108,1,
1369053,1962446,10819624460961231,,108,1,
1369053,1983190,10819831900961231,,108,1,
1369053,1983191,10819831910961231,,108,1,
1369053,1983193,10819831930961231,,108,1,
1369053,1962444,10919624440961231,,109,1,
1369053,1962446,10919624460961231,,109,1,
1369053,1983190,10919831900961231,,109,1,
1369053,1983191,10919831910961231,,109,1,
1369053,1983193,10919831930961231,,109,1,
1369053,1962444,11019624440961231,,110,1,
1369053,1962446,11019624460961231,,110,1,
1369053,1983190,11019831900961231,,110,1,
1369053,1983191,11019831910961231,,110,1,
1369053,1983193,11019831930961231,,110,1,
1369053,1962444,11119624440961231,,111,1,
1369053,1962446,11119624460961231,,111,1,
1369053,1983190,11119831900961231,,111,1,
1369053,1983191,11119831910961231,,111,1,
1369053,1983193,11119831930961231,,111,1,
1369053,1962444,1119624440961231,,11,1,
1369053,1962445,1119624450961231,,11,1,
1369053,1962446,1119624460961231,,11,1,
1369053,1983189,1119831890961231,,11,1,
1369053,1983190,1119831900961231,,11,1,
1369053,1983191,1119831910961231,,11,1,
1369053,1983192,1119831920961231,,11,1,
1369053,1983193,1119831930961231,,11,1,
1369053,1962444,11219624440961231,,112,1,
1369053,1962446,11219624460961231,,112,1,
1369053,1983190,11219831900961231,,112,1,
1369053,1983191,11219831910961231,,112,1,
1369053,1983193,11219831930961231,,112,1,
1369053,1962444,11319624440961231,,113,1,
1369053,1962446,11319624460961231,,113,1,
1369053,1983190,11319831900961231,,113,1,
1369053,1983191,11319831910961231,,113,1,
1369053,1983193,11319831930961231,,113,1,
1369053,1962444,11419624440961231,,114,1,
1369053,1962446,11419624460961231,,114,1,
1369053,1983190,11419831900961231,,114,1,
1369053,1983191,11419831910961231,,114,1,
1369053,1983193,11419831930961231,,114,1,
1369053,1962444,11519624440961231,,115,1,
1369053,1962446,11519624460961231,,115,1,
1369053,1983190,11519831900961231,,115,1,
1369053,1983191,11519831910961231,,115,1,
1369053,1983193,11519831930961231,,115,1,
1369053,1962444,11619624440961231,,116,1,
1369053,1962446,11619624460961231,,116,1,
1369053,1983190,11619831900961231,,116,1,
1369053,1983191,11619831910961231,,116,1,
1369053,1983193,11619831930961231,,116,1,
1369053,1962444,11719624440961231,,117,1,
1369053,1962446,11719624460961231,,117,1,
1369053,1983190,11719831900961231,,117,1,
1369053,1983191,11719831910961231,,117,1,
1369053,1983193,11719831930961231,,117,1,
1369053,11962444,11819624440961231,,118,1,
1369053,11962446,11819624460961231,,118,1,
1369053,1983190,11819831900961231,,118,1,
1369053,1983191,11819831910961231,,118,1,
1369053,1983193,11819831930961231,,118,1,
1369053,11962444,11919624440961231,,119,1,
1369053,11962446,11919624460961231,,119,1,
1369053,1983190,11919831900961231,,119,1,
1369053,1983191,11919831910961231,,119,1,
1369053,1983193,11919831930961231,,119,1,
1369053,1962444,119624440961231,,1,1,
1369053,1962445,119624450961231,,1,1,
1369053,1962446,119624460961231,,1,1,
1369053,1983189,119831890961231,,1,1,
1369053,1983190,119831900961231,,1,1,
1369053,1983191,119831910961231,,1,1,
1369053,1983192,119831920961231,,1,1,
1369053,1983193,119831930961231,,1,1,
1369053,11962446,12019624460961231,,120,1,
1369053,1983190,12019831900961231,,120,1,
1369053,1983191,12019831910961231,,120,1,
1369053,1983193,12019831930961231,,120,1,
1369053,11962446,12119624460961231,,121,1,
1369053,1983190,12119831900961231,,121,1,
1369053,1983191,12119831910961231,,121,1,
1369053,1983193,12119831930961231,,121,1,
1369053,1962444,1219624440961231,,12,1,
1369053,1962445,1219624450961231,,12,1,
1369053,1962446,1219624460961231,,12,1,
1369053,1983189,1219831890961231,,12,1,
1369053,1983190,1219831900961231,,12,1,
1369053,1983191,1219831910961231,,12,1,
1369053,1983192,1219831920961231,,12,1,
1369053,1983193,1219831930961231,,12,1,
1369053,11962446,12219624460961231,,122,1,
1369053,1983190,12219831900961231,,122,1,
1369053,1983191,12219831910961231,,122,1,
1369053,1983193,12219831930961231,,122,1,
1369053,1983190,12319831900961231,,123,1,
1369053,1983191,12319831910961231,,123,1,
1369053,1983193,12319831930961231,,123,1,
1369053,1983190,12419831900961231,,124,1,
1369053,1983191,12419831910961231,,124,1,
1369053,1983193,12419831930961231,,124,1,
1369053,1983190,12519831900961231,,125,1,
1369053,1983191,12519831910961231,,125,1,
1369053,1983193,12519831930961231,,125,1,
1369053,1983190,12619831900961231,,126,1,
1369053,1983191,12619831910961231,,126,1,
1369053,1983193,12619831930961231,,126,1,
1369053,1983190,12719831900961231,,127,1,
1369053,1983191,12719831910961231,,127,1,
1369053,1983193,12719831930961231,,127,1,
1369053,1983190,12819831900961231,,128,1,
1369053,1983191,12819831910961231,,128,1,
1369053,1983193,12819831930961231,,128,1,
1369053,1983190,12919831900961231,,129,1,
1369053,1983191,12919831910961231,,129,1,
1369053,1983193,12919831930961231,,129,1,
1369053,1983190,13019831900961231,,130,1,
1369053,1983191,13019831910961231,,130,1,
1369053,1983193,13019831930961231,,130,1,
1369053,1983190,13119831900961231,,131,1,
1369053,1983191,13119831910961231,,131,1,
1369053,1983193,13119831930961231,,131,1,
1369053,1962444,1319624440961231,,13,1,
1369053,1962445,1319624450961231,,13,1,
1369053,1962446,1319624460961231,,13,1,
1369053,1983189,1319831890961231,,13,1,
1369053,1983190,1319831900961231,,13,1,
1369053,1983191,1319831910961231,,13,1,
1369053,1983192,1319831920961231,,13,1,
1369053,1983193,1319831930961231,,13,1,
1369053,1983190,13219831900961231,,132,1,
1369053,1983191,13219831910961231,,132,1,
1369053,1983193,13219831930961231,,132,1,
1369053,1983190,13319831900961231,,133,1,
1369053,1983191,13319831910961231,,133,1,
1369053,1983193,13319831930961231,,133,1,
1369053,1983190,13419831900961231,,134,1,
1369053,1983191,13419831910961231,,134,1,
1369053,1983193,13419831930961231,,134,1,
1369053,11983190,13519831900961231,,135,1,
1369053,11983191,13519831910961231,,135,1,
1369053,11983193,13519831930961231,,135,1,
1369053,11983190,13619831900961231,,136,1,
1369053,11983191,13619831910961231,,136,1,
1369053,11983193,13619831930961231,,136,1,
1369053,11983193,13719831930961231,,137,1,
1369053,11983193,13819831930961231,,138,1,
1369053,11983193,13919831930961231,,139,1,
1369053,1962444,1419624440961231,,14,1,
1369053,1962445,1419624450961231,,14,1,
1369053,1962446,1419624460961231,,14,1,
1369053,1983189,1419831890961231,,14,1,
1369053,1983190,1419831900961231,,14,1,
1369053,1983191,1419831910961231,,14,1,
1369053,1983192,1419831920961231,,14,1,
1369053,1983193,1419831930961231,,14,1,
1369053,1962444,1519624440961231,,15,1,
1369053,1962445,1519624450961231,,15,1,
1369053,1962446,1519624460961231,,15,1,
1369053,1983189,1519831890961231,,15,1,
1369053,1983190,1519831900961231,,15,1,
1369053,1983191,1519831910961231,,15,1,
1369053,1983192,1519831920961231,,15,1,
1369053,1983193,1519831930961231,,15,1,
1369053,1962444,1619624440961231,,16,1,
1369053,1962445,1619624450961231,,16,1,
1369053,1962446,1619624460961231,,16,1,
1369053,1983189,1619831890961231,,16,1,
1369053,1983190,1619831900961231,,16,1,
1369053,1983191,1619831910961231,,16,1,
1369053,1983192,1619831920961231,,16,1,
1369053,1983193,1619831930961231,,16,1,
1369053,1962444,1719624440961231,,17,1,
1369053,1962445,1719624450961231,,17,1,
1369053,1962446,1719624460961231,,17,1,
1369053,1983189,1719831890961231,,17,1,
1369053,1983190,1719831900961231,,17,1,
1369053,1983191,1719831910961231,,17,1,
1369053,1983192,1719831920961231,,17,1,
1369053,1983193,1719831930961231,,17,1,
1369053,1962444,1819624440961231,,18,1,
1369053,1962445,1819624450961231,,18,1,
1369053,1962446,1819624460961231,,18,1,
1369053,1983189,1819831890961231,,18,1,
1369053,1983190,1819831900961231,,18,1,
1369053,1983191,1819831910961231,,18,1,
1369053,1983192,1819831920961231,,18,1,
1369053,1983193,1819831930961231,,18,1,
1369053,1962444,1919624440961231,,19,1,
1369053,1962445,1919624450961231,,19,1,
1369053,1962446,1919624460961231,,19,1,
1369053,1983189,1919831890961231,,19,1,
1369053,1983190,1919831900961231,,19,1,
1369053,1983191,1919831910961231,,19,1,
1369053,1983192,1919831920961231,,19,1,
1369053,1983193,1919831930961231,,19,1,
1369053,1962444,2019624440961231,,20,1,
1369053,1962445,2019624450961231,,20,1,
1369053,1962446,2019624460961231,,20,1,
1369053,1983189,2019831890961231,,20,1,
1369053,1983190,2019831900961231,,20,1,
1369053,1983191,2019831910961231,,20,1,
1369053,1983192,2019831920961231,,20,1,
1369053,1983193,2019831930961231,,20,1,
1369053,1962444,2119624440961231,,21,1,
1369053,1962445,2119624450961231,,21,1,
1369053,1962446,2119624460961231,,21,1,
1369053,1983189,2119831890961231,,21,1,
1369053,1983190,2119831900961231,,21,1,
1369053,1983191,2119831910961231,,21,1,
1369053,1983192,2119831920961231,,21,1,
1369053,1983193,2119831930961231,,21,1,
1369053,1962444,219624440961231,,2,1,
1369053,1962445,219624450961231,,2,1,
1369053,1962446,219624460961231,,2,1,
1369053,1983189,219831890961231,,2,1,
1369053,1983190,219831900961231,,2,1,
1369053,1983191,219831910961231,,2,1,
1369053,1983192,219831920961231,,2,1,
1369053,1983193,219831930961231,,2,1,
1369053,1962444,2219624440961231,,22,1,
1369053,1962445,2219624450961231,,22,1,
1369053,1962446,2219624460961231,,22,1,
1369053,1983189,2219831890961231,,22,1,
1369053,1983190,2219831900961231,,22,1,
1369053,1983191,2219831910961231,,22,1,
1369053,1983192,2219831920961231,,22,1,
1369053,1983193,2219831930961231,,22,1,
1369053,1962444,2319624440961231,,23,1,
1369053,1962445,2319624450961231,,23,1,
1369053,1962446,2319624460961231,,23,1,
1369053,1983189,2319831890961231,,23,1,
1369053,1983190,2319831900961231,,23,1,
1369053,1983191,2319831910961231,,23,1,
1369053,1983192,2319831920961231,,23,1,
1369053,1983193,2319831930961231,,23,1,
1369053,1962444,2419624440961231,,24,1,
1369053,1962445,2419624450961231,,24,1,
1369053,1962446,2419624460961231,,24,1,
1369053,1983189,2419831890961231,,24,1,
1369053,1983190,2419831900961231,,24,1,
1369053,1983191,2419831910961231,,24,1,
1369053,1983192,2419831920961231,,24,1,
1369053,1983193,2419831930961231,,24,1,
1369053,1962444,2519624440961231,,25,1,
1369053,1962445,2519624450961231,,25,1,
1369053,1962446,2519624460961231,,25,1,
1369053,1983189,2519831890961231,,25,1,
1369053,1983190,2519831900961231,,25,1,
1369053,1983191,2519831910961231,,25,1,
1369053,1983192,2519831920961231,,25,1,
1369053,1983193,2519831930961231,,25,1,
1369053,1962444,2619624440961231,,26,1,
1369053,1962445,2619624450961231,,26,1,
1369053,1962446,2619624460961231,,26,1,
1369053,1983189,2619831890961231,,26,1,
1369053,1983190,2619831900961231,,26,1,
1369053,1983191,2619831910961231,,26,1,
1369053,1983192,2619831920961231,,26,1,
1369053,1983193,2619831930961231,,26,1,
1369053,1962444,2719624440961231,,27,1,
1369053,1962445,2719624450961231,,27,1,
1369053,1962446,2719624460961231,,27,1,
1369053,1983189,2719831890961231,,27,1,
1369053,1983190,2719831900961231,,27,1,
1369053,1983191,2719831910961231,,27,1,
1369053,1983192,2719831920961231,,27,1,
1369053,1983193,2719831930961231,,27,1,
1369053,1962444,2819624440961231,,28,1,
1369053,1962445,2819624450961231,,28,1,
1369053,1962446,2819624460961231,,28,1,
1369053,1983189,2819831890961231,,28,1,
1369053,1983190,2819831900961231,,28,1,
1369053,1983191,2819831910961231,,28,1,
1369053,1983192,2819831920961231,,28,1,
1369053,1983193,2819831930961231,,28,1,
1369053,1962444,2919624440961231,,29,1,
1369053,1962445,2919624450961231,,29,1,
1369053,1962446,2919624460961231,,29,1,
1369053,1983189,2919831890961231,,29,1,
1369053,1983190,2919831900961231,,29,1,
1369053,1983191,2919831910961231,,29,1,
1369053,1983192,2919831920961231,,29,1,
1369053,1983193,2919831930961231,,29,1,
1369053,1962444,3019624440961231,,30,1,
1369053,1962445,3019624450961231,,30,1,
1369053,1962446,3019624460961231,,30,1,
1369053,1983189,3019831890961231,,30,1,
1369053,1983190,3019831900961231,,30,1,
1369053,1983191,3019831910961231,,30,1,
1369053,1983192,3019831920961231,,30,1,
1369053,1983193,3019831930961231,,30,1,
1369053,1962444,3119624440961231,,31,1,
1369053,1962445,3119624450961231,,31,1,
1369053,1962446,3119624460961231,,31,1,
1369053,1983189,3119831890961231,,31,1,
1369053,1983190,3119831900961231,,31,1,
1369053,1983191,3119831910961231,,31,1,
1369053,1983192,3119831920961231,,31,1,
1369053,1983193,3119831930961231,,31,1,
1369053,1962444,319624440961231,,3,1,
1369053,1962445,319624450961231,,3,1,
1369053,1962446,319624460961231,,3,1,
1369053,1983189,319831890961231,,3,1,
1369053,1983190,319831900961231,,3,1,
1369053,1983191,319831910961231,,3,1,
1369053,1983192,319831920961231,,3,1,
1369053,1983193,319831930961231,,3,1,
1369053,1962444,3219624440961231,,32,1,
1369053,1962445,3219624450961231,,32,1,
1369053,1962446,3219624460961231,,32,1,
1369053,1983189,3219831890961231,,32,1,
1369053,1983190,3219831900961231,,32,1,
1369053,1983191,3219831910961231,,32,1,
1369053,1983192,3219831920961231,,32,1,
1369053,1983193,3219831930961231,,32,1,
1369053,1962444,3319624440961231,,33,1,
1369053,1962445,3319624450961231,,33,1,
1369053,1962446,3319624460961231,,33,1,
1369053,1983189,3319831890961231,,33,1,
1369053,1983190,3319831900961231,,33,1,
1369053,1983191,3319831910961231,,33,1,
1369053,1983192,3319831920961231,,33,1,
1369053,1983193,3319831930961231,,33,1,
1369053,1962444,3419624440961231,,34,1,
1369053,1962445,3419624450961231,,34,1,
1369053,1962446,3419624460961231,,34,1,
1369053,1983189,3419831890961231,,34,1,
1369053,1983190,3419831900961231,,34,1,
1369053,1983191,3419831910961231,,34,1,
1369053,1983192,3419831920961231,,34,1,
1369053,1983193,3419831930961231,,34,1,
1369053,1962444,3519624440961231,,35,1,
1369053,1962445,3519624450961231,,35,1,
1369053,1962446,3519624460961231,,35,1,
1369053,1983189,3519831890961231,,35,1,
1369053,1983190,3519831900961231,,35,1,
1369053,1983191,3519831910961231,,35,1,
1369053,1983192,3519831920961231,,35,1,
1369053,1983193,3519831930961231,,35,1,
1369053,1962444,3619624440961231,,36,1,
1369053,1962445,3619624450961231,,36,1,
1369053,1962446,3619624460961231,,36,1,
1369053,1983189,3619831890961231,,36,1,
1369053,1983190,3619831900961231,,36,1,
1369053,1983191,3619831910961231,,36,1,
1369053,1983192,3619831920961231,,36,1,
1369053,1983193,3619831930961231,,36,1,
1369053,1962444,3719624440961231,,37,1,
1369053,1962445,3719624450961231,,37,1,
1369053,1962446,3719624460961231,,37,1,
1369053,1983189,3719831890961231,,37,1,
1369053,1983190,3719831900961231,,37,1,
1369053,1983191,3719831910961231,,37,1,
1369053,1983192,3719831920961231,,37,1,
1369053,1983193,3719831930961231,,37,1,
1369053,1962444,3819624440961231,,38,1,
1369053,1962445,3819624450961231,,38,1,
1369053,1962446,3819624460961231,,38,1,
1369053,1983189,3819831890961231,,38,1,
1369053,1983190,3819831900961231,,38,1,
1369053,1983191,3819831910961231,,38,1,
1369053,1983192,3819831920961231,,38,1,
1369053,1983193,3819831930961231,,38,1,
1369053,1962444,3919624440961231,,39,1,
1369053,1962445,3919624450961231,,39,1,
1369053,1962446,3919624460961231,,39,1,
1369053,1983189,3919831890961231,,39,1,
1369053,1983190,3919831900961231,,39,1,
1369053,1983191,3919831910961231,,39,1,
1369053,1983192,3919831920961231,,39,1,
1369053,1983193,3919831930961231,,39,1,
1369053,1962444,4019624440961231,,40,1,
1369053,1962445,4019624450961231,,40,1,
1369053,1962446,4019624460961231,,40,1,
1369053,1983189,4019831890961231,,40,1,
1369053,1983190,4019831900961231,,40,1,
1369053,1983191,4019831910961231,,40,1,
1369053,1983192,4019831920961231,,40,1,
1369053,1983193,4019831930961231,,40,1,
1369053,1962444,4119624440961231,,41,1,
1369053,1962445,4119624450961231,,41,1,
1369053,1962446,4119624460961231,,41,1,
1369053,1983189,4119831890961231,,41,1,
1369053,1983190,4119831900961231,,41,1,
1369053,1983191,4119831910961231,,41,1,
1369053,1983192,4119831920961231,,41,1,
1369053,1983193,4119831930961231,,41,1,
1369053,1962444,419624440961231,,4,1,
1369053,1962445,419624450961231,,4,1,
1369053,1962446,419624460961231,,4,1,
1369053,1983189,419831890961231,,4,1,
1369053,1983190,419831900961231,,4,1,
1369053,1983191,419831910961231,,4,1,
1369053,1983192,419831920961231,,4,1,
1369053,1983193,419831930961231,,4,1,
1369053,1962444,4219624440961231,,42,1,
1369053,1962445,4219624450961231,,42,1,
1369053,1962446,4219624460961231,,42,1,
1369053,1983189,4219831890961231,,42,1,
1369053,1983190,4219831900961231,,42,1,
1369053,1983191,4219831910961231,,42,1,
1369053,1983192,4219831920961231,,42,1,
1369053,1983193,4219831930961231,,42,1,
1369053,1962444,4319624440961231,,43,1,
1369053,1962445,4319624450961231,,43,1,
1369053,1962446,4319624460961231,,43,1,
1369053,1983189,4319831890961231,,43,1,
1369053,1983190,4319831900961231,,43,1,
1369053,1983191,4319831910961231,,43,1,
1369053,1983192,4319831920961231,,43,1,
1369053,1983193,4319831930961231,,43,1,
1369053,1962444,4419624440961231,,44,1,
1369053,1962445,4419624450961231,,44,1,
1369053,1962446,4419624460961231,,44,1,
1369053,1983189,4419831890961231,,44,1,
1369053,1983190,4419831900961231,,44,1,
1369053,1983191,4419831910961231,,44,1,
1369053,1983192,4419831920961231,,44,1,
1369053,1983193,4419831930961231,,44,1,
1369053,1962444,4519624440961231,,45,1,
1369053,1962445,4519624450961231,,45,1,
1369053,1962446,4519624460961231,,45,1,
1369053,1983189,4519831890961231,,45,1,
1369053,1983190,4519831900961231,,45,1,
1369053,1983191,4519831910961231,,45,1,
1369053,1983192,4519831920961231,,45,1,
1369053,1983193,4519831930961231,,45,1,
1369053,1962444,4619624440961231,,46,1,
1369053,1962445,4619624450961231,,46,1,
1369053,1962446,4619624460961231,,46,1,
1369053,1983189,4619831890961231,,46,1,
1369053,1983190,4619831900961231,,46,1,
1369053,1983191,4619831910961231,,46,1,
1369053,1983192,4619831920961231,,46,1,
1369053,1983193,4619831930961231,,46,1,
1369053,1962444,4719624440961231,,47,1,
1369053,1962445,4719624450961231,,47,1,
1369053,1962446,4719624460961231,,47,1,
1369053,1983189,4719831890961231,,47,1,
1369053,1983190,4719831900961231,,47,1,
1369053,1983191,4719831910961231,,47,1,
1369053,1983192,4719831920961231,,47,1,
1369053,1983193,4719831930961231,,47,1,
1369053,1962444,4819624440961231,,48,1,
1369053,1962445,4819624450961231,,48,1,
1369053,1962446,4819624460961231,,48,1,
1369053,1983189,4819831890961231,,48,1,
1369053,1983190,4819831900961231,,48,1,
1369053,1983191,4819831910961231,,48,1,
1369053,1983192,4819831920961231,,48,1,
1369053,1983193,4819831930961231,,48,1,
1369053,1962444,4919624440961231,,49,1,
1369053,1962445,4919624450961231,,49,1,
1369053,1962446,4919624460961231,,49,1,
1369053,1983189,4919831890961231,,49,1,
1369053,1983190,4919831900961231,,49,1,
1369053,1983191,4919831910961231,,49,1,
1369053,1983192,4919831920961231,,49,1,
1369053,1983193,4919831930961231,,49,1,
1369053,1962444,5019624440961231,,50,1,
1369053,1962445,5019624450961231,,50,1,
1369053,1962446,5019624460961231,,50,1,
1369053,1983189,5019831890961231,,50,1,
1369053,1983190,5019831900961231,,50,1,
1369053,1983191,5019831910961231,,50,1,
1369053,1983192,5019831920961231,,50,1,
1369053,1983193,5019831930961231,,50,1,
1369053,1962444,5119624440961231,,51,1,
1369053,1962445,5119624450961231,,51,1,
1369053,1962446,5119624460961231,,51,1,
1369053,1983189,5119831890961231,,51,1,
1369053,1983190,5119831900961231,,51,1,
1369053,1983191,5119831910961231,,51,1,
1369053,1983192,5119831920961231,,51,1,
1369053,1983193,5119831930961231,,51,1,
1369053,1962444,519624440961231,,5,1,
1369053,1962445,519624450961231,,5,1,
1369053,1962446,519624460961231,,5,1,
1369053,1983189,519831890961231,,5,1,
1369053,1983190,519831900961231,,5,1,
1369053,1983191,519831910961231,,5,1,
1369053,1983192,519831920961231,,5,1,
1369053,1983193,519831930961231,,5,1,
1369053,1962444,5219624440961231,,52,1,
1369053,1962445,5219624450961231,,52,1,
1369053,1962446,5219624460961231,,52,1,
1369053,1983189,5219831890961231,,52,1,
1369053,1983190,5219831900961231,,52,1,
1369053,1983191,5219831910961231,,52,1,
1369053,1983192,5219831920961231,,52,1,
1369053,1983193,5219831930961231,,52,1,
1369053,1962444,5319624440961231,,53,1,
1369053,1962445,5319624450961231,,53,1,
1369053,1962446,5319624460961231,,53,1,
1369053,1983189,5319831890961231,,53,1,
1369053,1983190,5319831900961231,,53,1,
1369053,1983191,5319831910961231,,53,1,
1369053,1983192,5319831920961231,,53,1,
1369053,1983193,5319831930961231,,53,1,
1369053,1962444,5419624440961231,,54,1,
1369053,1962445,5419624450961231,,54,1,
1369053,1962446,5419624460961231,,54,1,
1369053,1983189,5419831890961231,,54,1,
1369053,1983190,5419831900961231,,54,1,
1369053,1983191,5419831910961231,,54,1,
1369053,1983192,5419831920961231,,54,1,
1369053,1983193,5419831930961231,,54,1,
1369053,1962444,5519624440961231,,55,1,
1369053,1962445,5519624450961231,,55,1,
1369053,1962446,5519624460961231,,55,1,
1369053,1983189,5519831890961231,,55,1,
1369053,1983190,5519831900961231,,55,1,
1369053,1983191,5519831910961231,,55,1,
1369053,1983192,5519831920961231,,55,1,
1369053,1983193,5519831930961231,,55,1,
1369053,1962444,5619624440961231,,56,1,
1369053,1962445,5619624450961231,,56,1,
1369053,1962446,5619624460961231,,56,1,
1369053,1983189,5619831890961231,,56,1,
1369053,1983190,5619831900961231,,56,1,
1369053,1983191,5619831910961231,,56,1,
1369053,1983192,5619831920961231,,56,1,
1369053,1983193,5619831930961231,,56,1,
1369053,1962444,5719624440961231,,57,1,
1369053,1962445,5719624450961231,,57,1,
1369053,1962446,5719624460961231,,57,1,
1369053,1983189,5719831890961231,,57,1,
1369053,1983190,5719831900961231,,57,1,
1369053,1983191,5719831910961231,,57,1,
1369053,1983192,5719831920961231,,57,1,
1369053,1983193,5719831930961231,,57,1,
1369053,1962444,5819624440961231,,58,1,
1369053,1962445,5819624450961231,,58,1,
1369053,1962446,5819624460961231,,58,1,
1369053,1983189,5819831890961231,,58,1,
1369053,1983190,5819831900961231,,58,1,
1369053,1983191,5819831910961231,,58,1,
1369053,1983192,5819831920961231,,58,1,
1369053,1983193,5819831930961231,,58,1,
1369053,1962444,5919624440961231,,59,1,
1369053,1962445,5919624450961231,,59,1,
1369053,1962446,5919624460961231,,59,1,
1369053,1983189,5919831890961231,,59,1,
1369053,1983190,5919831900961231,,59,1,
1369053,1983191,5919831910961231,,59,1,
1369053,1983192,5919831920961231,,59,1,
1369053,1983193,5919831930961231,,59,1,
1369053,1962444,6019624440961231,,60,1,
1369053,1962445,6019624450961231,,60,1,
1369053,1962446,6019624460961231,,60,1,
1369053,1983189,6019831890961231,,60,1,
1369053,1983190,6019831900961231,,60,1,
1369053,1983191,6019831910961231,,60,1,
1369053,1983192,6019831920961231,,60,1,
1369053,1983193,6019831930961231,,60,1,
1369053,1962444,6119624440961231,,61,1,
1369053,1962445,6119624450961231,,61,1,
1369053,1962446,6119624460961231,,61,1,
1369053,1983189,6119831890961231,,61,1,
1369053,1983190,6119831900961231,,61,1,
1369053,1983191,6119831910961231,,61,1,
1369053,1983192,6119831920961231,,61,1,
1369053,1983193,6119831930961231,,61,1,
1369053,1962444,619624440961231,,6,1,
1369053,1962445,619624450961231,,6,1,
1369053,1962446,619624460961231,,6,1,
1369053,1983189,619831890961231,,6,1,
1369053,1983190,619831900961231,,6,1,
1369053,1983191,619831910961231,,6,1,
1369053,1983192,619831920961231,,6,1,
1369053,1983193,619831930961231,,6,1,
1369053,1962444,6219624440961231,,62,1,
1369053,1962445,6219624450961231,,62,1,
1369053,1962446,6219624460961231,,62,1,
1369053,1983189,6219831890961231,,62,1,
1369053,1983190,6219831900961231,,62,1,
1369053,1983191,6219831910961231,,62,1,
1369053,1983192,6219831920961231,,62,1,
1369053,1983193,6219831930961231,,62,1,
1369053,1962444,6319624440961231,,63,1,
1369053,1962445,6319624450961231,,63,1,
1369053,1962446,6319624460961231,,63,1,
1369053,1983189,6319831890961231,,63,1,
1369053,1983190,6319831900961231,,63,1,
1369053,1983191,6319831910961231,,63,1,
1369053,1983192,6319831920961231,,63,1,
1369053,1983193,6319831930961231,,63,1,
1369053,1962444,6419624440961231,,64,1,
1369053,1962445,6419624450961231,,64,1,
1369053,1962446,6419624460961231,,64,1,
1369053,1983189,6419831890961231,,64,1,
1369053,1983190,6419831900961231,,64,1,
1369053,1983191,6419831910961231,,64,1,
1369053,1983192,6419831920961231,,64,1,
1369053,1983193,6419831930961231,,64,1,
1369053,1962444,6519624440961231,,65,1,
1369053,1962445,6519624450961231,,65,1,
1369053,1962446,6519624460961231,,65,1,
1369053,1983189,6519831890961231,,65,1,
1369053,1983190,6519831900961231,,65,1,
1369053,1983191,6519831910961231,,65,1,
1369053,1983192,6519831920961231,,65,1,
1369053,1983193,6519831930961231,,65,1,
1369053,1962444,6619624440961231,,66,1,
1369053,1962445,6619624450961231,,66,1,
1369053,1962446,6619624460961231,,66,1,
1369053,1983189,6619831890961231,,66,1,
1369053,1983190,6619831900961231,,66,1,
1369053,1983191,6619831910961231,,66,1,
1369053,1983192,6619831920961231,,66,1,
1369053,1983193,6619831930961231,,66,1,
1369053,1962444,6719624440961231,,67,1,
1369053,1962445,6719624450961231,,67,1,
1369053,1962446,6719624460961231,,67,1,
1369053,1983189,6719831890961231,,67,1,
1369053,1983190,6719831900961231,,67,1,
1369053,1983191,6719831910961231,,67,1,
1369053,1983192,6719831920961231,,67,1,
1369053,1983193,6719831930961231,,67,1,
1369053,1962444,6819624440961231,,68,1,
1369053,1962445,6819624450961231,,68,1,
1369053,1962446,6819624460961231,,68,1,
1369053,1983189,6819831890961231,,68,1,
1369053,1983190,6819831900961231,,68,1,
1369053,1983191,6819831910961231,,68,1,
1369053,1983192,6819831920961231,,68,1,
1369053,1983193,6819831930961231,,68,1,
1369053,1962444,6919624440961231,,69,1,
1369053,1962445,6919624450961231,,69,1,
1369053,1962446,6919624460961231,,69,1,
1369053,1983189,6919831890961231,,69,1,
1369053,1983190,6919831900961231,,69,1,
1369053,1983191,6919831910961231,,69,1,
1369053,1983192,6919831920961231,,69,1,
1369053,1983193,6919831930961231,,69,1,
1369053,1962444,7019624440961231,,70,1,
1369053,1962445,7019624450961231,,70,1,
1369053,1962446,7019624460961231,,70,1,
1369053,1983189,7019831890961231,,70,1,
1369053,1983190,7019831900961231,,70,1,
1369053,1983191,7019831910961231,,70,1,
1369053,1983192,7019831920961231,,70,1,
1369053,1983193,7019831930961231,,70,1,
1369053,1962444,7119624440961231,,71,1,
1369053,1962445,7119624450961231,,71,1,
1369053,1962446,7119624460961231,,71,1,
1369053,11983189,7119831890961231,,71,1,
1369053,1983190,7119831900961231,,71,1,
1369053,1983191,7119831910961231,,71,1,
1369053,1983192,7119831920961231,,71,1,
1369053,1983193,7119831930961231,,71,1,
1369053,1962444,719624440961231,,7,1,
1369053,1962445,719624450961231,,7,1,
1369053,1962446,719624460961231,,7,1,
1369053,1983189,719831890961231,,7,1,
1369053,1983190,719831900961231,,7,1,
1369053,1983191,719831910961231,,7,1,
1369053,1983192,719831920961231,,7,1,
1369053,1983193,719831930961231,,7,1,
1369053,1962444,7219624440961231,,72,1,
1369053,1962445,7219624450961231,,72,1,
1369053,1962446,7219624460961231,,72,1,
1369053,11983189,7219831890961231,,72,1,
1369053,1983190,7219831900961231,,72,1,
1369053,1983191,7219831910961231,,72,1,
1369053,1983192,7219831920961231,,72,1,
1369053,1983193,7219831930961231,,72,1,
1369053,1962444,7319624440961231,,73,1,
1369053,1962445,7319624450961231,,73,1,
1369053,1962446,7319624460961231,,73,1,
1369053,1983190,7319831900961231,,73,1,
1369053,1983191,7319831910961231,,73,1,
1369053,1983192,7319831920961231,,73,1,
1369053,1983193,7319831930961231,,73,1,
1369053,1962444,7419624440961231,,74,1,
1369053,1962445,7419624450961231,,74,1,
1369053,1962446,7419624460961231,,74,1,
1369053,1983190,7419831900961231,,74,1,
1369053,1983191,7419831910961231,,74,1,
1369053,1983192,7419831920961231,,74,1,
1369053,1983193,7419831930961231,,74,1,
1369053,1962444,7519624440961231,,75,1,
1369053,1962445,7519624450961231,,75,1,
1369053,1962446,7519624460961231,,75,1,
1369053,1983190,7519831900961231,,75,1,
1369053,1983191,7519831910961231,,75,1,
1369053,1983192,7519831920961231,,75,1,
1369053,1983193,7519831930961231,,75,1,
1369053,1962444,7619624440961231,,76,1,
1369053,1962445,7619624450961231,,76,1,
1369053,1962446,7619624460961231,,76,1,
1369053,1983190,7619831900961231,,76,1,
1369053,1983191,7619831910961231,,76,1,
1369053,1983192,7619831920961231,,76,1,
1369053,1983193,7619831930961231,,76,1,
1369053,1962444,7719624440961231,,77,1,
1369053,1962445,7719624450961231,,77,1,
1369053,1962446,7719624460961231,,77,1,
1369053,1983190,7719831900961231,,77,1,
1369053,1983191,7719831910961231,,77,1,
1369053,1983192,7719831920961231,,77,1,
1369053,1983193,7719831930961231,,77,1,
1369053,1962444,7819624440961231,,78,1,
1369053,1962445,7819624450961231,,78,1,
1369053,1962446,7819624460961231,,78,1,
1369053,1983190,7819831900961231,,78,1,
1369053,1983191,7819831910961231,,78,1,
1369053,1983192,7819831920961231,,78,1,
1369053,1983193,7819831930961231,,78,1,
1369053,1962444,7919624440961231,,79,1,
1369053,1962445,7919624450961231,,79,1,
1369053,1962446,7919624460961231,,79,1,
1369053,1983190,7919831900961231,,79,1,
1369053,1983191,7919831910961231,,79,1,
1369053,1983192,7919831920961231,,79,1,
1369053,1983193,7919831930961231,,79,1,
1369053,1962444,8019624440961231,,80,1,
1369053,1962445,8019624450961231,,80,1,
1369053,1962446,8019624460961231,,80,1,
1369053,1983190,8019831900961231,,80,1,
1369053,1983191,8019831910961231,,80,1,
1369053,1983192,8019831920961231,,80,1,
1369053,1983193,8019831930961231,,80,1,
1369053,1962444,8119624440961231,,81,1,
1369053,1962445,8119624450961231,,81,1,
1369053,1962446,8119624460961231,,81,1,
1369053,1983190,8119831900961231,,81,1,
1369053,1983191,8119831910961231,,81,1,
1369053,1983192,8119831920961231,,81,1,
1369053,1983193,8119831930961231,,81,1,
1369053,1962444,819624440961231,,8,1,
1369053,1962445,819624450961231,,8,1,
1369053,1962446,819624460961231,,8,1,
1369053,1983189,819831890961231,,8,1,
1369053,1983190,819831900961231,,8,1,
1369053,1983191,819831910961231,,8,1,
1369053,1983192,819831920961231,,8,1,
1369053,1983193,819831930961231,,8,1,
1369053,1962444,8219624440961231,,82,1,
1369053,1962445,8219624450961231,,82,1,
1369053,1962446,8219624460961231,,82,1,
1369053,1983190,8219831900961231,,82,1,
1369053,1983191,8219831910961231,,82,1,
1369053,1983192,8219831920961231,,82,1,
1369053,1983193,8219831930961231,,82,1,
1369053,1962444,8319624440961231,,83,1,
1369053,1962445,8319624450961231,,83,1,
1369053,1962446,8319624460961231,,83,1,
1369053,1983190,8319831900961231,,83,1,
1369053,1983191,8319831910961231,,83,1,
1369053,1983192,8319831920961231,,83,1,
1369053,1983193,8319831930961231,,83,1,
1369053,1962444,8419624440961231,,84,1,
1369053,1962445,8419624450961231,,84,1,
1369053,1962446,8419624460961231,,84,1,
1369053,1983190,8419831900961231,,84,1,
1369053,1983191,8419831910961231,,84,1,
1369053,1983192,8419831920961231,,84,1,
1369053,1983193,8419831930961231,,84,1,
1369053,1962444,8519624440961231,,85,1,
1369053,1962445,8519624450961231,,85,1,
1369053,1962446,8519624460961231,,85,1,
1369053,1983190,8519831900961231,,85,1,
1369053,1983191,8519831910961231,,85,1,
1369053,1983192,8519831920961231,,85,1,
1369053,1983193,8519831930961231,,85,1,
1369053,1962444,8619624440961231,,86,1,
1369053,11962445,8619624450961231,,86,1,
1369053,1962446,8619624460961231,,86,1,
1369053,1983190,8619831900961231,,86,1,
1369053,1983191,8619831910961231,,86,1,
1369053,1983192,8619831920961231,,86,1,
1369053,1983193,8619831930961231,,86,1,
1369053,1962444,8719624440961231,,87,1,
1369053,11962445,8719624450961231,,87,1,
1369053,1962446,8719624460961231,,87,1,
1369053,1983190,8719831900961231,,87,1,
1369053,1983191,8719831910961231,,87,1,
1369053,1983192,8719831920961231,,87,1,
1369053,1983193,8719831930961231,,87,1,
1369053,1962444,8819624440961231,,88,1,
1369053,11962445,8819624450961231,,88,1,
1369053,1962446,8819624460961231,,88,1,
1369053,1983190,8819831900961231,,88,1,
1369053,1983191,8819831910961231,,88,1,
1369053,1983192,8819831920961231,,88,1,
1369053,1983193,8819831930961231,,88,1,
1369053,1962444,8919624440961231,,89,1,
1369053,11962445,8919624450961231,,89,1,
1369053,1962446,8919624460961231,,89,1,
1369053,1983190,8919831900961231,,89,1,
1369053,1983191,8919831910961231,,89,1,
1369053,1983192,8919831920961231,,89,1,
1369053,1983193,8919831930961231,,89,1,
1369053,1962444,9019624440961231,,90,1,
1369053,11962445,9019624450961231,,90,1,
1369053,1962446,9019624460961231,,90,1,
1369053,1983190,9019831900961231,,90,1,
1369053,1983191,9019831910961231,,90,1,
1369053,1983192,9019831920961231,,90,1,
1369053,1983193,9019831930961231,,90,1,
1369053,1962444,9119624440961231,,91,1,
1369053,1962446,9119624460961231,,91,1,
1369053,1983190,9119831900961231,,91,1,
1369053,1983191,9119831910961231,,91,1,
1369053,1983192,9119831920961231,,91,1,
1369053,1983193,9119831930961231,,91,1,
1369053,1962444,919624440961231,,9,1,
1369053,1962445,919624450961231,,9,1,
1369053,1962446,919624460961231,,9,1,
1369053,1983189,919831890961231,,9,1,
1369053,1983190,919831900961231,,9,1,
1369053,1983191,919831910961231,,9,1,
1369053,1983192,919831920961231,,9,1,
1369053,1983193,919831930961231,,9,1,
1369053,1962444,9219624440961231,,92,1,
1369053,1962446,9219624460961231,,92,1,
1369053,1983190,9219831900961231,,92,1,
1369053,1983191,9219831910961231,,92,1,
1369053,1983192,9219831920961231,,92,1,
1369053,1983193,9219831930961231,,92,1,
1369053,1962444,9319624440961231,,93,1,
1369053,1962446,9319624460961231,,93,1,
1369053,1983190,9319831900961231,,93,1,
1369053,1983191,9319831910961231,,93,1,
1369053,1983192,9319831920961231,,93,1,
1369053,1983193,9319831930961231,,93,1,
1369053,1962444,9419624440961231,,94,1,
1369053,1962446,9419624460961231,,94,1,
1369053,1983190,9419831900961231,,94,1,
1369053,1983191,9419831910961231,,94,1,
1369053,1983192,9419831920961231,,94,1,
1369053,1983193,9419831930961231,,94,1,
1369053,1962444,9519624440961231,,95,1,
1369053,1962446,9519624460961231,,95,1,
1369053,1983190,9519831900961231,,95,1,
1369053,1983191,9519831910961231,,95,1,
1369053,1983192,9519831920961231,,95,1,
1369053,1983193,9519831930961231,,95,1,
1369053,1962444,9619624440961231,,96,1,
1369053,1962446,9619624460961231,,96,1,
1369053,1983190,9619831900961231,,96,1,
1369053,1983191,9619831910961231,,96,1,
1369053,1983192,9619831920961231,,96,1,
1369053,1983193,9619831930961231,,96,1,
1369053,1962444,9719624440961231,,97,1,
1369053,1962446,9719624460961231,,97,1,
1369053,1983190,9719831900961231,,97,1,
1369053,1983191,9719831910961231,,97,1,
1369053,1983192,9719831920961231,,97,1,
1369053,1983193,9719831930961231,,97,1,
1369053,1962444,9819624440961231,,98,1,
1369053,1962446,9819624460961231,,98,1,
1369053,1983190,9819831900961231,,98,1,
1369053,1983191,9819831910961231,,98,1,
1369053,1983192,9819831920961231,,98,1,
1369053,1983193,9819831930961231,,98,1,
1369053,1962444,9919624440961231,,99,1,
1369053,1962446,9919624460961231,,99,1,
1369053,1983190,9919831900961231,,99,1,
1369053,1983191,9919831910961231,,99,1,
1369053,1983192,9919831920961231,,99,1,
1369053,1983193,9919831930961231,,99,1,
1369053,1962444,119624440961234,,1,1,
1369053,1962446,119624460961234,,1,1,
1369053,1983190,119831900961234,,1,1,
1369053,1983191,119831910961234,,1,1,
1369053,1983193,119831930961234,,1,1,
1369053,1962444,219624440961234,,2,1,
1369053,1962446,219624460961234,,2,1,
1369053,1983190,219831900961234,,2,1,
1369053,1983191,219831910961234,,2,1,
1369053,1983193,219831930961234,,2,1,
1369053,1962444,319624440961234,,3,1,
1369053,1962446,319624460961234,,3,1,
1369053,1962444,419624440961234,,4,1,
1369053,1962446,419624460961234,,4,1,
1369053,1962444,519624440961234,,5,1,
1369053,1962446,519624460961234,,5,1,
1369053,1962444,619624440961234,,6,1,
1369053,1962446,619624460961234,,6,1,
1369053,1962444,719624440961234,,7,1,
1369053,1962446,719624460961234,,7,1,
1369053,1962444,819624440961234,,8,1,
1369053,1962446,819624460961234,,8,1,
1369053,1983189,119831890961230,,1,1,
1369053,1983189,219831890961230,,2,1,
1369053,1983190,119831900961238,,1,1,
1369053,1983191,119831910961238,,1,1,
1369053,1983193,119831930961238,,1,1,
