route_id,service_id,trip_id,trip_headsign,trip_short_name,direction_id,shape_id
1369277,1961872,10019618721272218,,100,0,
1369277,11961873,10019618731272218,,100,0,
1369277,1984321,10019843211272218,,100,0,
1369277,11984322,10019843221272218,,100,0,
1369277,1984323,10019843231272218,,100,0,
1369277,1984324,10019843241272218,,100,0,
1369277,1961872,10119618721272218,,101,0,
1369277,11961873,10119618731272218,,101,0,
1369277,1984321,10119843211272218,,101,0,
1369277,11984322,10119843221272218,,101,0,
1369277,1984323,10119843231272218,,101,0,
1369277,1984324,10119843241272218,,101,0,
1369277,1961870,1019618701272218,,10,0,
1369277,1961871,1019618711272218,,10,0,
1369277,1961872,1019618721272218,,10,0,
1369277,1961873,1019618731272218,,10,0,
1369277,1984320,1019843201272218,,10,0,
1369277,1984321,1019843211272218,,10,0,
1369277,1984322,1019843221272218,,10,0,
1369277,1984323,1019843231272218,,10,0,
1369277,1984324,1019843241272218,,10,0,
1369277,1961872,10219618721272218,,102,0,
1369277,11961873,10219618731272218,,102,0,
1369277,1984321,10219843211272218,,102,0,
1369277,1984323,10219843231272218,,102,0,
1369277,1984324,10219843241272218,,102,0,
1369277,1961872,10319618721272218,,103,0,
1369277,1984321,10319843211272218,,103,0,
1369277,1984323,10319843231272218,,103,0,
1369277,1984324,10319843241272218,,103,0,
1369277,1961872,10419618721272218,,104,0,
1369277,1984321,10419843211272218,,104,0,
1369277,1984323,10419843231272218,,104,0,
1369277,1984324,10419843241272218,,104,0,
1369277,1961872,10519618721272218,,105,0,
1369277,1984321,10519843211272218,,105,0,
1369277,1984323,10519843231272218,,105,0,
1369277,1984324,10519843241272218,,105,0,
1369277,1961872,10619618721272218,,106,0,
1369277,1984321,10619843211272218,,106,0,
1369277,1984323,10619843231272218,,106,0,
1369277,1984324,10619843241272218,,106,0,
1369277,1961872,10719618721272218,,107,0,
1369277,1984321,10719843211272218,,107,0,
1369277,1984323,10719843231272218,,107,0,
1369277,1984324,10719843241272218,,107,0,
1369277,1961872,10819618721272218,,108,0,
1369277,1984321,10819843211272218,,108,0,
1369277,1984323,10819843231272218,,108,0,
1369277,1984324,10819843241272218,,108,0,
1369277,1961872,10919618721272218,,109,0,
1369277,1984321,10919843211272218,,109,0,
1369277,1984323,10919843231272218,,109,0,
1369277,1984324,10919843241272218,,109,0,
1369277,1961872,11019618721272218,,110,0,
1369277,1984321,11019843211272218,,110,0,
1369277,1984323,11019843231272218,,110,0,
1369277,1984324,11019843241272218,,110,0,
1369277,1961872,11119618721272218,,111,0,
1369277,1984321,11119843211272218,,111,0,
1369277,1984323,11119843231272218,,111,0,
1369277,1984324,11119843241272218,,111,0,
1369277,1961870,1119618701272218,,11,0,
1369277,1961871,1119618711272218,,11,0,
1369277,1961872,1119618721272218,,11,0,
1369277,1961873,1119618731272218,,11,0,
1369277,1984320,1119843201272218,,11,0,
1369277,1984321,1119843211272218,,11,0,
1369277,1984322,1119843221272218,,11,0,
1369277,1984323,1119843231272218,,11,0,
1369277,1984324,1119843241272218,,11,0,
1369277,1961872,11219618721272218,,112,0,
1369277,1984321,11219843211272218,,112,0,
1369277,1984323,11219843231272218,,112,0,
1369277,1984324,11219843241272218,,112,0,
1369277,11961872,11319618721272218,,113,0,
1369277,11984321,11319843211272218,,113,0,
1369277,11984323,11319843231272218,,113,0,
1369277,11984324,11319843241272218,,113,0,
1369277,11961872,11419618721272218,,114,0,
1369277,11984321,11419843211272218,,114,0,
1369277,11984323,11419843231272218,,114,0,
1369277,11984324,11419843241272218,,114,0,
1369277,11961872,11519618721272218,,115,0,
1369277,11984323,11519843231272218,,115,0,
1369277,11984324,11519843241272218,,115,0,
1369277,11961872,11619618721272218,,116,0,
1369277,11984323,11619843231272218,,116,0,
1369277,11984324,11619843241272218,,116,0,
1369277,11961872,11719618721272218,,117,0,
1369277,11984323,11719843231272218,,117,0,
1369277,11984324,11719843241272218,,117,0,
1369277,1961870,119618701272218,,1,0,
1369277,1961871,119618711272218,,1,0,
1369277,1961872,119618721272218,,1,0,
1369277,1961873,119618731272218,,1,0,
1369277,1984320,119843201272218,,1,0,
1369277,1984321,119843211272218,,1,0,
1369277,1984322,119843221272218,,1,0,
1369277,1984323,119843231272218,,1,0,
1369277,1984324,119843241272218,,1,0,
1369277,1961870,1219618701272218,,12,0,
1369277,1961871,1219618711272218,,12,0,
1369277,1961872,1219618721272218,,12,0,
1369277,1961873,1219618731272218,,12,0,
1369277,1984320,1219843201272218,,12,0,
1369277,1984321,1219843211272218,,12,0,
1369277,1984322,1219843221272218,,12,0,
1369277,1984323,1219843231272218,,12,0,
1369277,1984324,1219843241272218,,12,0,
1369277,1961870,1319618701272218,,13,0,
1369277,1961871,1319618711272218,,13,0,
1369277,1961872,1319618721272218,,13,0,
1369277,1961873,1319618731272218,,13,0,
1369277,1984320,1319843201272218,,13,0,
1369277,1984321,1319843211272218,,13,0,
1369277,1984322,1319843221272218,,13,0,
1369277,1984323,1319843231272218,,13,0,
1369277,1984324,1319843241272218,,13,0,
1369277,1961870,1419618701272218,,14,0,
1369277,1961871,1419618711272218,,14,0,
1369277,1961872,1419618721272218,,14,0,
1369277,1961873,1419618731272218,,14,0,
1369277,1984320,1419843201272218,,14,0,
1369277,1984321,1419843211272218,,14,0,
1369277,1984322,1419843221272218,,14,0,
1369277,1984323,1419843231272218,,14,0,
1369277,1984324,1419843241272218,,14,0,
1369277,1961870,1519618701272218,,15,0,
1369277,1961871,1519618711272218,,15,0,
1369277,1961872,1519618721272218,,15,0,
1369277,1961873,1519618731272218,,15,0,
1369277,1984320,1519843201272218,,15,0,
1369277,1984321,1519843211272218,,15,0,
1369277,1984322,1519843221272218,,15,0,
1369277,1984323,1519843231272218,,15,0,
1369277,1984324,1519843241272218,,15,0,
1369277,1961870,1619618701272218,,16,0,
1369277,1961871,1619618711272218,,16,0,
1369277,1961872,1619618721272218,,16,0,
1369277,1961873,1619618731272218,,16,0,
1369277,1984320,1619843201272218,,16,0,
1369277,1984321,1619843211272218,,16,0,
1369277,1984322,1619843221272218,,16,0,
1369277,1984323,1619843231272218,,16,0,
1369277,1984324,1619843241272218,,16,0,
1369277,1961870,1719618701272218,,17,0,
1369277,1961871,1719618711272218,,17,0,
1369277,1961872,1719618721272218,,17,0,
1369277,1961873,1719618731272218,,17,0,
1369277,1984320,1719843201272218,,17,0,
1369277,1984321,1719843211272218,,17,0,
1369277,1984322,1719843221272218,,17,0,
1369277,1984323,1719843231272218,,17,0,
1369277,1984324,1719843241272218,,17,0,
1369277,1961870,1819618701272218,,18,0,
1369277,1961871,1819618711272218,,18,0,
1369277,1961872,1819618721272218,,18,0,
1369277,1961873,1819618731272218,,18,0,
1369277,1984320,1819843201272218,,18,0,
1369277,1984321,1819843211272218,,18,0,
1369277,1984322,1819843221272218,,18,0,
1369277,1984323,1819843231272218,,18,0,
1369277,1984324,1819843241272218,,18,0,
1369277,1961870,1919618701272218,,19,0,
1369277,1961871,1919618711272218,,19,0,
1369277,1961872,1919618721272218,,19,0,
1369277,1961873,1919618731272218,,19,0,
1369277,1984320,1919843201272218,,19,0,
1369277,1984321,1919843211272218,,19,0,
1369277,1984322,1919843221272218,,19,0,
1369277,1984323,1919843231272218,,19,0,
1369277,1984324,1919843241272218,,19,0,
1369277,1961870,2019618701272218,,20,0,
1369277,1961871,2019618711272218,,20,0,
1369277,1961872,2019618721272218,,20,0,
1369277,1961873,2019618731272218,,20,0,
1369277,1984320,2019843201272218,,20,0,
1369277,1984321,2019843211272218,,20,0,
1369277,1984322,2019843221272218,,20,0,
1369277,1984323,2019843231272218,,20,0,
1369277,1984324,2019843241272218,,20,0,
1369277,1961870,2119618701272218,,21,0,
1369277,1961871,2119618711272218,,21,0,
1369277,1961872,2119618721272218,,21,0,
1369277,1961873,2119618731272218,,21,0,
1369277,1984320,2119843201272218,,21,0,
1369277,1984321,2119843211272218,,21,0,
1369277,1984322,2119843221272218,,21,0,
1369277,1984323,2119843231272218,,21,0,
1369277,1984324,2119843241272218,,21,0,
1369277,1961870,219618701272218,,2,0,
1369277,1961871,219618711272218,,2,0,
1369277,1961872,219618721272218,,2,0,
1369277,1961873,219618731272218,,2,0,
1369277,1984320,219843201272218,,2,0,
1369277,1984321,219843211272218,,2,0,
1369277,1984322,219843221272218,,2,0,
1369277,1984323,219843231272218,,2,0,
1369277,1984324,219843241272218,,2,0,
1369277,1961870,2219618701272218,,22,0,
1369277,1961871,2219618711272218,,22,0,
1369277,1961872,2219618721272218,,22,0,
1369277,1961873,2219618731272218,,22,0,
1369277,1984320,2219843201272218,,22,0,
1369277,1984321,2219843211272218,,22,0,
1369277,1984322,2219843221272218,,22,0,
1369277,1984323,2219843231272218,,22,0,
1369277,1984324,2219843241272218,,22,0,
1369277,1961870,2319618701272218,,23,0,
1369277,1961871,2319618711272218,,23,0,
1369277,1961872,2319618721272218,,23,0,
1369277,1961873,2319618731272218,,23,0,
1369277,1984320,2319843201272218,,23,0,
1369277,1984321,2319843211272218,,23,0,
1369277,1984322,2319843221272218,,23,0,
1369277,1984323,2319843231272218,,23,0,
1369277,1984324,2319843241272218,,23,0,
1369277,1961870,2419618701272218,,24,0,
1369277,1961871,2419618711272218,,24,0,
1369277,1961872,2419618721272218,,24,0,
1369277,1961873,2419618731272218,,24,0,
1369277,1984320,2419843201272218,,24,0,
1369277,1984321,2419843211272218,,24,0,
1369277,1984322,2419843221272218,,24,0,
1369277,1984323,2419843231272218,,24,0,
1369277,1984324,2419843241272218,,24,0,
1369277,1961870,2519618701272218,,25,0,
1369277,1961871,2519618711272218,,25,0,
1369277,1961872,2519618721272218,,25,0,
1369277,1961873,2519618731272218,,25,0,
1369277,1984320,2519843201272218,,25,0,
1369277,1984321,2519843211272218,,25,0,
1369277,1984322,2519843221272218,,25,0,
1369277,1984323,2519843231272218,,25,0,
1369277,1984324,2519843241272218,,25,0,
1369277,1961870,2619618701272218,,26,0,
1369277,1961871,2619618711272218,,26,0,
1369277,1961872,2619618721272218,,26,0,
1369277,1961873,2619618731272218,,26,0,
1369277,1984320,2619843201272218,,26,0,
1369277,1984321,2619843211272218,,26,0,
1369277,1984322,2619843221272218,,26,0,
1369277,1984323,2619843231272218,,26,0,
1369277,1984324,2619843241272218,,26,0,
1369277,1961870,2719618701272218,,27,0,
1369277,1961871,2719618711272218,,27,0,
1369277,1961872,2719618721272218,,27,0,
1369277,1961873,2719618731272218,,27,0,
1369277,1984320,2719843201272218,,27,0,
1369277,1984321,2719843211272218,,27,0,
1369277,1984322,2719843221272218,,27,0,
1369277,1984323,2719843231272218,,27,0,
1369277,1984324,2719843241272218,,27,0,
1369277,1961870,2819618701272218,,28,0,
1369277,1961871,2819618711272218,,28,0,
1369277,1961872,2819618721272218,,28,0,
1369277,1961873,2819618731272218,,28,0,
1369277,1984320,2819843201272218,,28,0,
1369277,1984321,2819843211272218,,28,0,
1369277,1984322,2819843221272218,,28,0,
1369277,1984323,2819843231272218,,28,0,
1369277,1984324,2819843241272218,,28,0,
1369277,1961870,2919618701272218,,29,0,
1369277,1961871,2919618711272218,,29,0,
1369277,1961872,2919618721272218,,29,0,
1369277,1961873,2919618731272218,,29,0,
1369277,1984320,2919843201272218,,29,0,
1369277,1984321,2919843211272218,,29,0,
1369277,1984322,2919843221272218,,29,0,
1369277,1984323,2919843231272218,,29,0,
1369277,1984324,2919843241272218,,29,0,
1369277,1961870,3019618701272218,,30,0,
1369277,1961871,3019618711272218,,30,0,
1369277,1961872,3019618721272218,,30,0,
1369277,1961873,3019618731272218,,30,0,
1369277,1984320,3019843201272218,,30,0,
1369277,1984321,3019843211272218,,30,0,
1369277,1984322,3019843221272218,,30,0,
1369277,1984323,3019843231272218,,30,0,
1369277,1984324,3019843241272218,,30,0,
1369277,1961870,3119618701272218,,31,0,
1369277,1961871,3119618711272218,,31,0,
1369277,1961872,3119618721272218,,31,0,
1369277,1961873,3119618731272218,,31,0,
1369277,1984320,3119843201272218,,31,0,
1369277,1984321,3119843211272218,,31,0,
1369277,1984322,3119843221272218,,31,0,
1369277,1984323,3119843231272218,,31,0,
1369277,1984324,3119843241272218,,31,0,
1369277,1961870,319618701272218,,3,0,
1369277,1961871,319618711272218,,3,0,
1369277,1961872,319618721272218,,3,0,
1369277,1961873,319618731272218,,3,0,
1369277,1984320,319843201272218,,3,0,
1369277,1984321,319843211272218,,3,0,
1369277,1984322,319843221272218,,3,0,
1369277,1984323,319843231272218,,3,0,
1369277,1984324,319843241272218,,3,0,
1369277,1961870,3219618701272218,,32,0,
1369277,1961871,3219618711272218,,32,0,
1369277,1961872,3219618721272218,,32,0,
1369277,1961873,3219618731272218,,32,0,
1369277,1984320,3219843201272218,,32,0,
1369277,1984321,3219843211272218,,32,0,
1369277,1984322,3219843221272218,,32,0,
1369277,1984323,3219843231272218,,32,0,
1369277,1984324,3219843241272218,,32,0,
1369277,1961870,3319618701272218,,33,0,
1369277,1961871,3319618711272218,,33,0,
1369277,1961872,3319618721272218,,33,0,
1369277,1961873,3319618731272218,,33,0,
1369277,1984320,3319843201272218,,33,0,
1369277,1984321,3319843211272218,,33,0,
1369277,1984322,3319843221272218,,33,0,
1369277,1984323,3319843231272218,,33,0,
1369277,1984324,3319843241272218,,33,0,
1369277,1961870,3419618701272218,,34,0,
1369277,1961871,3419618711272218,,34,0,
1369277,1961872,3419618721272218,,34,0,
1369277,1961873,3419618731272218,,34,0,
1369277,1984320,3419843201272218,,34,0,
1369277,1984321,3419843211272218,,34,0,
1369277,1984322,3419843221272218,,34,0,
1369277,1984323,3419843231272218,,34,0,
1369277,1984324,3419843241272218,,34,0,
1369277,1961870,3519618701272218,,35,0,
1369277,1961871,3519618711272218,,35,0,
1369277,1961872,3519618721272218,,35,0,
1369277,1961873,3519618731272218,,35,0,
1369277,1984320,3519843201272218,,35,0,
1369277,1984321,3519843211272218,,35,0,
1369277,1984322,3519843221272218,,35,0,
1369277,1984323,3519843231272218,,35,0,
1369277,1984324,3519843241272218,,35,0,
1369277,1961870,3619618701272218,,36,0,
1369277,1961871,3619618711272218,,36,0,
1369277,1961872,3619618721272218,,36,0,
1369277,1961873,3619618731272218,,36,0,
1369277,1984320,3619843201272218,,36,0,
1369277,1984321,3619843211272218,,36,0,
1369277,1984322,3619843221272218,,36,0,
1369277,1984323,3619843231272218,,36,0,
1369277,1984324,3619843241272218,,36,0,
1369277,1961870,3719618701272218,,37,0,
1369277,1961871,3719618711272218,,37,0,
1369277,1961872,3719618721272218,,37,0,
1369277,1961873,3719618731272218,,37,0,
1369277,1984320,3719843201272218,,37,0,
1369277,1984321,3719843211272218,,37,0,
1369277,1984322,3719843221272218,,37,0,
1369277,1984323,3719843231272218,,37,0,
1369277,1984324,3719843241272218,,37,0,
1369277,1961870,3819618701272218,,38,0,
1369277,1961871,3819618711272218,,38,0,
1369277,1961872,3819618721272218,,38,0,
1369277,1961873,3819618731272218,,38,0,
1369277,1984320,3819843201272218,,38,0,
1369277,1984321,3819843211272218,,38,0,
1369277,1984322,3819843221272218,,38,0,
1369277,1984323,3819843231272218,,38,0,
1369277,1984324,3819843241272218,,38,0,
1369277,1961870,3919618701272218,,39,0,
1369277,1961871,3919618711272218,,39,0,
1369277,1961872,3919618721272218,,39,0,
1369277,1961873,3919618731272218,,39,0,
1369277,1984320,3919843201272218,,39,0,
1369277,1984321,3919843211272218,,39,0,
1369277,1984322,3919843221272218,,39,0,
1369277,1984323,3919843231272218,,39,0,
1369277,1984324,3919843241272218,,39,0,
1369277,1961870,4019618701272218,,40,0,
1369277,1961871,4019618711272218,,40,0,
1369277,1961872,4019618721272218,,40,0,
1369277,1961873,4019618731272218,,40,0,
1369277,1984320,4019843201272218,,40,0,
1369277,1984321,4019843211272218,,40,0,
1369277,1984322,4019843221272218,,40,0,
1369277,1984323,4019843231272218,,40,0,
1369277,1984324,4019843241272218,,40,0,
1369277,1961870,4119618701272218,,41,0,
1369277,1961871,4119618711272218,,41,0,
1369277,1961872,4119618721272218,,41,0,
1369277,1961873,4119618731272218,,41,0,
1369277,1984320,4119843201272218,,41,0,
1369277,1984321,4119843211272218,,41,0,
1369277,1984322,4119843221272218,,41,0,
1369277,1984323,4119843231272218,,41,0,
1369277,1984324,4119843241272218,,41,0,
1369277,1961870,419618701272218,,4,0,
1369277,1961871,419618711272218,,4,0,
1369277,1961872,419618721272218,,4,0,
1369277,1961873,419618731272218,,4,0,
1369277,1984320,419843201272218,,4,0,
1369277,1984321,419843211272218,,4,0,
1369277,1984322,419843221272218,,4,0,
1369277,1984323,419843231272218,,4,0,
1369277,1984324,419843241272218,,4,0,
1369277,1961870,4219618701272218,,42,0,
1369277,1961871,4219618711272218,,42,0,
1369277,1961872,4219618721272218,,42,0,
1369277,1961873,4219618731272218,,42,0,
1369277,1984320,4219843201272218,,42,0,
1369277,1984321,4219843211272218,,42,0,
1369277,1984322,4219843221272218,,42,0,
1369277,1984323,4219843231272218,,42,0,
1369277,1984324,4219843241272218,,42,0,
1369277,1961870,4319618701272218,,43,0,
1369277,1961871,4319618711272218,,43,0,
1369277,1961872,4319618721272218,,43,0,
1369277,1961873,4319618731272218,,43,0,
1369277,1984320,4319843201272218,,43,0,
1369277,1984321,4319843211272218,,43,0,
1369277,1984322,4319843221272218,,43,0,
1369277,1984323,4319843231272218,,43,0,
1369277,1984324,4319843241272218,,43,0,
1369277,1961870,4419618701272218,,44,0,
1369277,1961871,4419618711272218,,44,0,
1369277,1961872,4419618721272218,,44,0,
1369277,1961873,4419618731272218,,44,0,
1369277,1984320,4419843201272218,,44,0,
1369277,1984321,4419843211272218,,44,0,
1369277,1984322,4419843221272218,,44,0,
1369277,1984323,4419843231272218,,44,0,
1369277,1984324,4419843241272218,,44,0,
1369277,1961870,4519618701272218,,45,0,
1369277,1961871,4519618711272218,,45,0,
1369277,1961872,4519618721272218,,45,0,
1369277,1961873,4519618731272218,,45,0,
1369277,1984320,4519843201272218,,45,0,
1369277,1984321,4519843211272218,,45,0,
1369277,1984322,4519843221272218,,45,0,
1369277,1984323,4519843231272218,,45,0,
1369277,1984324,4519843241272218,,45,0,
1369277,1961870,4619618701272218,,46,0,
1369277,1961871,4619618711272218,,46,0,
1369277,1961872,4619618721272218,,46,0,
1369277,1961873,4619618731272218,,46,0,
1369277,1984320,4619843201272218,,46,0,
1369277,1984321,4619843211272218,,46,0,
1369277,1984322,4619843221272218,,46,0,
1369277,1984323,4619843231272218,,46,0,
1369277,1984324,4619843241272218,,46,0,
1369277,1961870,4719618701272218,,47,0,
1369277,1961871,4719618711272218,,47,0,
1369277,1961872,4719618721272218,,47,0,
1369277,1961873,4719618731272218,,47,0,
1369277,1984320,4719843201272218,,47,0,
1369277,1984321,4719843211272218,,47,0,
1369277,1984322,4719843221272218,,47,0,
1369277,1984323,4719843231272218,,47,0,
1369277,1984324,4719843241272218,,47,0,
1369277,1961870,4819618701272218,,48,0,
1369277,1961871,4819618711272218,,48,0,
1369277,1961872,4819618721272218,,48,0,
1369277,1961873,4819618731272218,,48,0,
1369277,1984320,4819843201272218,,48,0,
1369277,1984321,4819843211272218,,48,0,
1369277,1984322,4819843221272218,,48,0,
1369277,1984323,4819843231272218,,48,0,
1369277,1984324,4819843241272218,,48,0,
1369277,1961870,4919618701272218,,49,0,
1369277,1961871,4919618711272218,,49,0,
1369277,1961872,4919618721272218,,49,0,
1369277,1961873,4919618731272218,,49,0,
1369277,1984320,4919843201272218,,49,0,
1369277,1984321,4919843211272218,,49,0,
1369277,1984322,4919843221272218,,49,0,
1369277,1984323,4919843231272218,,49,0,
1369277,1984324,4919843241272218,,49,0,
1369277,1961870,5019618701272218,,50,0,
1369277,1961871,5019618711272218,,50,0,
1369277,1961872,5019618721272218,,50,0,
1369277,1961873,5019618731272218,,50,0,
1369277,1984320,5019843201272218,,50,0,
1369277,1984321,5019843211272218,,50,0,
1369277,1984322,5019843221272218,,50,0,
1369277,1984323,5019843231272218,,50,0,
1369277,1984324,5019843241272218,,50,0,
1369277,1961870,5119618701272218,,51,0,
1369277,1961871,5119618711272218,,51,0,
1369277,1961872,5119618721272218,,51,0,
1369277,1961873,5119618731272218,,51,0,
1369277,1984320,5119843201272218,,51,0,
1369277,1984321,5119843211272218,,51,0,
1369277,1984322,5119843221272218,,51,0,
1369277,1984323,5119843231272218,,51,0,
1369277,1984324,5119843241272218,,51,0,
1369277,1961870,519618701272218,,5,0,
1369277,1961871,519618711272218,,5,0,
1369277,1961872,519618721272218,,5,0,
1369277,1961873,519618731272218,,5,0,
1369277,1984320,519843201272218,,5,0,
1369277,1984321,519843211272218,,5,0,
1369277,1984322,519843221272218,,5,0,
1369277,1984323,519843231272218,,5,0,
1369277,1984324,519843241272218,,5,0,
1369277,1961870,5219618701272218,,52,0,
1369277,1961871,5219618711272218,,52,0,
1369277,1961872,5219618721272218,,52,0,
1369277,1961873,5219618731272218,,52,0,
1369277,1984320,5219843201272218,,52,0,
1369277,1984321,5219843211272218,,52,0,
1369277,1984322,5219843221272218,,52,0,
1369277,1984323,5219843231272218,,52,0,
1369277,1984324,5219843241272218,,52,0,
1369277,1961870,5319618701272218,,53,0,
1369277,1961871,5319618711272218,,53,0,
1369277,1961872,5319618721272218,,53,0,
1369277,1961873,5319618731272218,,53,0,
1369277,1984320,5319843201272218,,53,0,
1369277,1984321,5319843211272218,,53,0,
1369277,1984322,5319843221272218,,53,0,
1369277,1984323,5319843231272218,,53,0,
1369277,1984324,5319843241272218,,53,0,
1369277,1961870,5419618701272218,,54,0,
1369277,1961871,5419618711272218,,54,0,
1369277,1961872,5419618721272218,,54,0,
1369277,1961873,5419618731272218,,54,0,
1369277,1984320,5419843201272218,,54,0,
1369277,1984321,5419843211272218,,54,0,
1369277,1984322,5419843221272218,,54,0,
1369277,1984323,5419843231272218,,54,0,
1369277,1984324,5419843241272218,,54,0,
1369277,1961870,5519618701272218,,55,0,
1369277,1961871,5519618711272218,,55,0,
1369277,1961872,5519618721272218,,55,0,
1369277,1961873,5519618731272218,,55,0,
1369277,1984320,5519843201272218,,55,0,
1369277,1984321,5519843211272218,,55,0,
1369277,1984322,5519843221272218,,55,0,
1369277,1984323,5519843231272218,,55,0,
1369277,1984324,5519843241272218,,55,0,
1369277,1961870,5619618701272218,,56,0,
1369277,1961871,5619618711272218,,56,0,
1369277,1961872,5619618721272218,,56,0,
1369277,1961873,5619618731272218,,56,0,
1369277,1984320,5619843201272218,,56,0,
1369277,1984321,5619843211272218,,56,0,
1369277,1984322,5619843221272218,,56,0,
1369277,1984323,5619843231272218,,56,0,
1369277,1984324,5619843241272218,,56,0,
1369277,1961870,5719618701272218,,57,0,
1369277,1961871,5719618711272218,,57,0,
1369277,1961872,5719618721272218,,57,0,
1369277,1961873,5719618731272218,,57,0,
1369277,1984320,5719843201272218,,57,0,
1369277,1984321,5719843211272218,,57,0,
1369277,1984322,5719843221272218,,57,0,
1369277,1984323,5719843231272218,,57,0,
1369277,1984324,5719843241272218,,57,0,
1369277,1961870,5819618701272218,,58,0,
1369277,1961871,5819618711272218,,58,0,
1369277,1961872,5819618721272218,,58,0,
1369277,1961873,5819618731272218,,58,0,
1369277,1984320,5819843201272218,,58,0,
1369277,1984321,5819843211272218,,58,0,
1369277,1984322,5819843221272218,,58,0,
1369277,1984323,5819843231272218,,58,0,
1369277,1984324,5819843241272218,,58,0,
1369277,1961870,5919618701272218,,59,0,
1369277,1961871,5919618711272218,,59,0,
1369277,1961872,5919618721272218,,59,0,
1369277,1961873,5919618731272218,,59,0,
1369277,1984320,5919843201272218,,59,0,
1369277,1984321,5919843211272218,,59,0,
1369277,1984322,5919843221272218,,59,0,
1369277,1984323,5919843231272218,,59,0,
1369277,1984324,5919843241272218,,59,0,
1369277,1961870,6019618701272218,,60,0,
1369277,1961871,6019618711272218,,60,0,
1369277,1961872,6019618721272218,,60,0,
1369277,1961873,6019618731272218,,60,0,
1369277,1984320,6019843201272218,,60,0,
1369277,1984321,6019843211272218,,60,0,
1369277,1984322,6019843221272218,,60,0,
1369277,1984323,6019843231272218,,60,0,
1369277,1984324,6019843241272218,,60,0,
1369277,1961870,6119618701272218,,61,0,
1369277,1961871,6119618711272218,,61,0,
1369277,1961872,6119618721272218,,61,0,
1369277,1961873,6119618731272218,,61,0,
1369277,1984320,6119843201272218,,61,0,
1369277,1984321,6119843211272218,,61,0,
1369277,1984322,6119843221272218,,61,0,
1369277,1984323,6119843231272218,,61,0,
1369277,1984324,6119843241272218,,61,0,
1369277,1961870,619618701272218,,6,0,
1369277,1961871,619618711272218,,6,0,
1369277,1961872,619618721272218,,6,0,
1369277,1961873,619618731272218,,6,0,
1369277,1984320,619843201272218,,6,0,
1369277,1984321,619843211272218,,6,0,
1369277,1984322,619843221272218,,6,0,
1369277,1984323,619843231272218,,6,0,
1369277,1984324,619843241272218,,6,0,
1369277,1961870,6219618701272218,,62,0,
1369277,1961871,6219618711272218,,62,0,
1369277,1961872,6219618721272218,,62,0,
1369277,1961873,6219618731272218,,62,0,
1369277,1984320,6219843201272218,,62,0,
1369277,1984321,6219843211272218,,62,0,
1369277,1984322,6219843221272218,,62,0,
1369277,1984323,6219843231272218,,62,0,
1369277,1984324,6219843241272218,,62,0,
1369277,1961870,6319618701272218,,63,0,
1369277,1961871,6319618711272218,,63,0,
1369277,1961872,6319618721272218,,63,0,
1369277,1961873,6319618731272218,,63,0,
1369277,1984320,6319843201272218,,63,0,
1369277,1984321,6319843211272218,,63,0,
1369277,1984322,6319843221272218,,63,0,
1369277,1984323,6319843231272218,,63,0,
1369277,1984324,6319843241272218,,63,0,
1369277,1961870,6419618701272218,,64,0,
1369277,1961871,6419618711272218,,64,0,
1369277,1961872,6419618721272218,,64,0,
1369277,1961873,6419618731272218,,64,0,
1369277,1984320,6419843201272218,,64,0,
1369277,1984321,6419843211272218,,64,0,
1369277,1984322,6419843221272218,,64,0,
1369277,1984323,6419843231272218,,64,0,
1369277,1984324,6419843241272218,,64,0,
1369277,1961870,6519618701272218,,65,0,
1369277,1961871,6519618711272218,,65,0,
1369277,1961872,6519618721272218,,65,0,
1369277,1961873,6519618731272218,,65,0,
1369277,1984320,6519843201272218,,65,0,
1369277,1984321,6519843211272218,,65,0,
1369277,1984322,6519843221272218,,65,0,
1369277,1984323,6519843231272218,,65,0,
1369277,1984324,6519843241272218,,65,0,
1369277,1961870,6619618701272218,,66,0,
1369277,1961871,6619618711272218,,66,0,
1369277,1961872,6619618721272218,,66,0,
1369277,1961873,6619618731272218,,66,0,
1369277,1984320,6619843201272218,,66,0,
1369277,1984321,6619843211272218,,66,0,
1369277,1984322,6619843221272218,,66,0,
1369277,1984323,6619843231272218,,66,0,
1369277,1984324,6619843241272218,,66,0,
1369277,1961870,6719618701272218,,67,0,
1369277,1961871,6719618711272218,,67,0,
1369277,1961872,6719618721272218,,67,0,
1369277,1961873,6719618731272218,,67,0,
1369277,1984320,6719843201272218,,67,0,
1369277,1984321,6719843211272218,,67,0,
1369277,1984322,6719843221272218,,67,0,
1369277,1984323,6719843231272218,,67,0,
1369277,1984324,6719843241272218,,67,0,
1369277,1961870,6819618701272218,,68,0,
1369277,1961871,6819618711272218,,68,0,
1369277,1961872,6819618721272218,,68,0,
1369277,1961873,6819618731272218,,68,0,
1369277,1984320,6819843201272218,,68,0,
1369277,1984321,6819843211272218,,68,0,
1369277,1984322,6819843221272218,,68,0,
1369277,1984323,6819843231272218,,68,0,
1369277,1984324,6819843241272218,,68,0,
1369277,1961870,6919618701272218,,69,0,
1369277,1961871,6919618711272218,,69,0,
1369277,1961872,6919618721272218,,69,0,
1369277,1961873,6919618731272218,,69,0,
1369277,1984320,6919843201272218,,69,0,
1369277,1984321,6919843211272218,,69,0,
1369277,1984322,6919843221272218,,69,0,
1369277,1984323,6919843231272218,,69,0,
1369277,1984324,6919843241272218,,69,0,
1369277,1961870,7019618701272218,,70,0,
1369277,1961871,7019618711272218,,70,0,
1369277,1961872,7019618721272218,,70,0,
1369277,1961873,7019618731272218,,70,0,
1369277,1984320,7019843201272218,,70,0,
1369277,1984321,7019843211272218,,70,0,
1369277,1984322,7019843221272218,,70,0,
1369277,1984323,7019843231272218,,70,0,
1369277,1984324,7019843241272218,,70,0,
1369277,1961870,7119618701272218,,71,0,
1369277,1961871,7119618711272218,,71,0,
1369277,1961872,7119618721272218,,71,0,
1369277,1961873,7119618731272218,,71,0,
1369277,1984320,7119843201272218,,71,0,
1369277,1984321,7119843211272218,,71,0,
1369277,1984322,7119843221272218,,71,0,
1369277,1984323,7119843231272218,,71,0,
1369277,1984324,7119843241272218,,71,0,
1369277,1961870,719618701272218,,7,0,
1369277,1961871,719618711272218,,7,0,
1369277,1961872,719618721272218,,7,0,
1369277,1961873,719618731272218,,7,0,
1369277,1984320,719843201272218,,7,0,
1369277,1984321,719843211272218,,7,0,
1369277,1984322,719843221272218,,7,0,
1369277,1984323,719843231272218,,7,0,
1369277,1984324,719843241272218,,7,0,
1369277,1961870,7219618701272218,,72,0,
1369277,1961871,7219618711272218,,72,0,
1369277,1961872,7219618721272218,,72,0,
1369277,1961873,7219618731272218,,72,0,
1369277,1984320,7219843201272218,,72,0,
1369277,1984321,7219843211272218,,72,0,
1369277,1984322,7219843221272218,,72,0,
1369277,1984323,7219843231272218,,72,0,
1369277,1984324,7219843241272218,,72,0,
1369277,1961870,7319618701272218,,73,0,
1369277,1961871,7319618711272218,,73,0,
1369277,1961872,7319618721272218,,73,0,
1369277,1961873,7319618731272218,,73,0,
1369277,1984320,7319843201272218,,73,0,
1369277,1984321,7319843211272218,,73,0,
1369277,1984322,7319843221272218,,73,0,
1369277,1984323,7319843231272218,,73,0,
1369277,1984324,7319843241272218,,73,0,
1369277,1961870,7419618701272218,,74,0,
1369277,1961871,7419618711272218,,74,0,
1369277,1961872,7419618721272218,,74,0,
1369277,1961873,7419618731272218,,74,0,
1369277,1984320,7419843201272218,,74,0,
1369277,1984321,7419843211272218,,74,0,
1369277,1984322,7419843221272218,,74,0,
1369277,1984323,7419843231272218,,74,0,
1369277,1984324,7419843241272218,,74,0,
1369277,1961870,7519618701272218,,75,0,
1369277,1961871,7519618711272218,,75,0,
1369277,1961872,7519618721272218,,75,0,
1369277,1961873,7519618731272218,,75,0,
1369277,1984320,7519843201272218,,75,0,
1369277,1984321,7519843211272218,,75,0,
1369277,1984322,7519843221272218,,75,0,
1369277,1984323,7519843231272218,,75,0,
1369277,1984324,7519843241272218,,75,0,
1369277,1961870,7619618701272218,,76,0,
1369277,1961871,7619618711272218,,76,0,
1369277,1961872,7619618721272218,,76,0,
1369277,1961873,7619618731272218,,76,0,
1369277,1984320,7619843201272218,,76,0,
1369277,1984321,7619843211272218,,76,0,
1369277,1984322,7619843221272218,,76,0,
1369277,1984323,7619843231272218,,76,0,
1369277,1984324,7619843241272218,,76,0,
1369277,1961870,7719618701272218,,77,0,
1369277,1961871,7719618711272218,,77,0,
1369277,1961872,7719618721272218,,77,0,
1369277,1961873,7719618731272218,,77,0,
1369277,1984320,7719843201272218,,77,0,
1369277,1984321,7719843211272218,,77,0,
1369277,1984322,7719843221272218,,77,0,
1369277,1984323,7719843231272218,,77,0,
1369277,1984324,7719843241272218,,77,0,
1369277,1961870,7819618701272218,,78,0,
1369277,1961871,7819618711272218,,78,0,
1369277,1961872,7819618721272218,,78,0,
1369277,1961873,7819618731272218,,78,0,
1369277,1984320,7819843201272218,,78,0,
1369277,1984321,7819843211272218,,78,0,
1369277,1984322,7819843221272218,,78,0,
1369277,1984323,7819843231272218,,78,0,
1369277,1984324,7819843241272218,,78,0,
1369277,1961870,7919618701272218,,79,0,
1369277,1961871,7919618711272218,,79,0,
1369277,1961872,7919618721272218,,79,0,
1369277,1961873,7919618731272218,,79,0,
1369277,1984320,7919843201272218,,79,0,
1369277,1984321,7919843211272218,,79,0,
1369277,1984322,7919843221272218,,79,0,
1369277,1984323,7919843231272218,,79,0,
1369277,1984324,7919843241272218,,79,0,
1369277,1961870,8019618701272218,,80,0,
1369277,1961871,8019618711272218,,80,0,
1369277,1961872,8019618721272218,,80,0,
1369277,1961873,8019618731272218,,80,0,
1369277,1984320,8019843201272218,,80,0,
1369277,1984321,8019843211272218,,80,0,
1369277,1984322,8019843221272218,,80,0,
1369277,1984323,8019843231272218,,80,0,
1369277,1984324,8019843241272218,,80,0,
1369277,1961870,8119618701272218,,81,0,
1369277,1961871,8119618711272218,,81,0,
1369277,1961872,8119618721272218,,81,0,
1369277,1961873,8119618731272218,,81,0,
1369277,1984320,8119843201272218,,81,0,
1369277,1984321,8119843211272218,,81,0,
1369277,1984322,8119843221272218,,81,0,
1369277,1984323,8119843231272218,,81,0,
1369277,1984324,8119843241272218,,81,0,
1369277,1961870,819618701272218,,8,0,
1369277,1961871,819618711272218,,8,0,
1369277,1961872,819618721272218,,8,0,
1369277,1961873,819618731272218,,8,0,
1369277,1984320,819843201272218,,8,0,
1369277,1984321,819843211272218,,8,0,
1369277,1984322,819843221272218,,8,0,
1369277,1984323,819843231272218,,8,0,
1369277,1984324,819843241272218,,8,0,
1369277,11961870,8219618701272218,,82,0,
1369277,1961871,8219618711272218,,82,0,
1369277,1961872,8219618721272218,,82,0,
1369277,1961873,8219618731272218,,82,0,
1369277,11984320,8219843201272218,,82,0,
1369277,1984321,8219843211272218,,82,0,
1369277,1984322,8219843221272218,,82,0,
1369277,1984323,8219843231272218,,82,0,
1369277,1984324,8219843241272218,,82,0,
1369277,11961870,8319618701272218,,83,0,
1369277,1961871,8319618711272218,,83,0,
1369277,1961872,8319618721272218,,83,0,
1369277,1961873,8319618731272218,,83,0,
1369277,11984320,8319843201272218,,83,0,
1369277,1984321,8319843211272218,,83,0,
1369277,1984322,8319843221272218,,83,0,
1369277,1984323,8319843231272218,,83,0,
1369277,1984324,8319843241272218,,83,0,
1369277,1961871,8419618711272218,,84,0,
1369277,1961872,8419618721272218,,84,0,
1369277,1961873,8419618731272218,,84,0,
1369277,1984321,8419843211272218,,84,0,
1369277,1984322,8419843221272218,,84,0,
1369277,1984323,8419843231272218,,84,0,
1369277,1984324,8419843241272218,,84,0,
1369277,1961871,8519618711272218,,85,0,
1369277,1961872,8519618721272218,,85,0,
1369277,1961873,8519618731272218,,85,0,
1369277,1984321,8519843211272218,,85,0,
1369277,1984322,8519843221272218,,85,0,
1369277,1984323,8519843231272218,,85,0,
1369277,1984324,8519843241272218,,85,0,
1369277,1961871,8619618711272218,,86,0,
1369277,1961872,8619618721272218,,86,0,
1369277,1961873,8619618731272218,,86,0,
1369277,1984321,8619843211272218,,86,0,
1369277,1984322,8619843221272218,,86,0,
1369277,1984323,8619843231272218,,86,0,
1369277,1984324,8619843241272218,,86,0,
1369277,1961871,8719618711272218,,87,0,
1369277,1961872,8719618721272218,,87,0,
1369277,1961873,8719618731272218,,87,0,
1369277,1984321,8719843211272218,,87,0,
1369277,1984322,8719843221272218,,87,0,
1369277,1984323,8719843231272218,,87,0,
1369277,1984324,8719843241272218,,87,0,
1369277,1961871,8819618711272218,,88,0,
1369277,1961872,8819618721272218,,88,0,
1369277,1961873,8819618731272218,,88,0,
1369277,1984321,8819843211272218,,88,0,
1369277,1984322,8819843221272218,,88,0,
1369277,1984323,8819843231272218,,88,0,
1369277,1984324,8819843241272218,,88,0,
1369277,1961871,8919618711272218,,89,0,
1369277,1961872,8919618721272218,,89,0,
1369277,1961873,8919618731272218,,89,0,
1369277,1984321,8919843211272218,,89,0,
1369277,1984322,8919843221272218,,89,0,
1369277,1984323,8919843231272218,,89,0,
1369277,1984324,8919843241272218,,89,0,
1369277,1961871,9019618711272218,,90,0,
1369277,1961872,9019618721272218,,90,0,
1369277,1961873,9019618731272218,,90,0,
1369277,1984321,9019843211272218,,90,0,
1369277,1984322,9019843221272218,,90,0,
1369277,1984323,9019843231272218,,90,0,
1369277,1984324,9019843241272218,,90,0,
1369277,1961871,9119618711272218,,91,0,
1369277,1961872,9119618721272218,,91,0,
1369277,1961873,9119618731272218,,91,0,
1369277,1984321,9119843211272218,,91,0,
1369277,1984322,9119843221272218,,91,0,
1369277,1984323,9119843231272218,,91,0,
1369277,1984324,9119843241272218,,91,0,
1369277,1961870,919618701272218,,9,0,
1369277,1961871,919618711272218,,9,0,
1369277,1961872,919618721272218,,9,0,
1369277,1961873,919618731272218,,9,0,
1369277,1984320,919843201272218,,9,0,
1369277,1984321,919843211272218,,9,0,
1369277,1984322,919843221272218,,9,0,
1369277,1984323,919843231272218,,9,0,
1369277,1984324,919843241272218,,9,0,
1369277,1961871,9219618711272218,,92,0,
1369277,1961872,9219618721272218,,92,0,
1369277,1961873,9219618731272218,,92,0,
1369277,1984321,9219843211272218,,92,0,
1369277,1984322,9219843221272218,,92,0,
1369277,1984323,9219843231272218,,92,0,
1369277,1984324,9219843241272218,,92,0,
1369277,1961871,9319618711272218,,93,0,
1369277,1961872,9319618721272218,,93,0,
1369277,1961873,9319618731272218,,93,0,
1369277,1984321,9319843211272218,,93,0,
1369277,1984322,9319843221272218,,93,0,
1369277,1984323,9319843231272218,,93,0,
1369277,1984324,9319843241272218,,93,0,
1369277,1961871,9419618711272218,,94,0,
1369277,1961872,9419618721272218,,94,0,
1369277,1961873,9419618731272218,,94,0,
1369277,1984321,9419843211272218,,94,0,
1369277,1984322,9419843221272218,,94,0,
1369277,1984323,9419843231272218,,94,0,
1369277,1984324,9419843241272218,,94,0,
1369277,1961871,9519618711272218,,95,0,
1369277,1961872,9519618721272218,,95,0,
1369277,1961873,9519618731272218,,95,0,
1369277,1984321,9519843211272218,,95,0,
1369277,1984322,9519843221272218,,95,0,
1369277,1984323,9519843231272218,,95,0,
1369277,1984324,9519843241272218,,95,0,
1369277,1961871,9619618711272218,,96,0,
1369277,1961872,9619618721272218,,96,0,
1369277,1961873,9619618731272218,,96,0,
1369277,1984321,9619843211272218,,96,0,
1369277,1984322,9619843221272218,,96,0,
1369277,1984323,9619843231272218,,96,0,
1369277,1984324,9619843241272218,,96,0,
1369277,1961871,9719618711272218,,97,0,
1369277,1961872,9719618721272218,,97,0,
1369277,1961873,9719618731272218,,97,0,
1369277,1984321,9719843211272218,,97,0,
1369277,1984322,9719843221272218,,97,0,
1369277,1984323,9719843231272218,,97,0,
1369277,1984324,9719843241272218,,97,0,
1369277,11961871,9819618711272218,,98,0,
1369277,1961872,9819618721272218,,98,0,
1369277,11961873,9819618731272218,,98,0,
1369277,1984321,9819843211272218,,98,0,
1369277,1984322,9819843221272218,,98,0,
1369277,1984323,9819843231272218,,98,0,
1369277,1984324,9819843241272218,,98,0,
1369277,11961871,9919618711272218,,99,0,
1369277,1961872,9919618721272218,,99,0,
1369277,11961873,9919618731272218,,99,0,
1369277,1984321,9919843211272218,,99,0,
1369277,1984322,9919843221272218,,99,0,
1369277,1984323,9919843231272218,,99,0,
1369277,1984324,9919843241272218,,99,0,
1369277,1961871,1019618711272221,,10,0,
1369277,1961873,1019618731272221,,10,0,
1369277,1984321,1019843211272221,,10,0,
1369277,1984322,1019843221272221,,10,0,
1369277,1984324,1019843241272221,,10,0,
1369277,1961871,1119618711272221,,11,0,
1369277,1961873,1119618731272221,,11,0,
1369277,1984321,1119843211272221,,11,0,
1369277,1984322,1119843221272221,,11,0,
1369277,1984324,1119843241272221,,11,0,
1369277,1961871,119618711272221,,1,0,
1369277,1961872,119618721272221,,1,0,
1369277,1961873,119618731272221,,1,0,
1369277,1984321,119843211272221,,1,0,
1369277,1984322,119843221272221,,1,0,
1369277,1984323,119843231272221,,1,0,
1369277,1984324,119843241272221,,1,0,
1369277,1961871,1219618711272221,,12,0,
1369277,1961873,1219618731272221,,12,0,
1369277,1984321,1219843211272221,,12,0,
1369277,1984322,1219843221272221,,12,0,
1369277,1984324,1219843241272221,,12,0,
1369277,1961871,1319618711272221,,13,0,
1369277,1961873,1319618731272221,,13,0,
1369277,1984321,1319843211272221,,13,0,
1369277,1984322,1319843221272221,,13,0,
1369277,1984324,1319843241272221,,13,0,
1369277,1961871,1419618711272221,,14,0,
1369277,1961873,1419618731272221,,14,0,
1369277,1984321,1419843211272221,,14,0,
1369277,1984322,1419843221272221,,14,0,
1369277,1984324,1419843241272221,,14,0,
1369277,1961871,1519618711272221,,15,0,
1369277,1961873,1519618731272221,,15,0,
1369277,1984321,1519843211272221,,15,0,
1369277,1984322,1519843221272221,,15,0,
1369277,1984324,1519843241272221,,15,0,
1369277,1961871,1619618711272221,,16,0,
1369277,1961873,1619618731272221,,16,0,
1369277,1984321,1619843211272221,,16,0,
1369277,1984322,1619843221272221,,16,0,
1369277,1984324,1619843241272221,,16,0,
1369277,1961871,1719618711272221,,17,0,
1369277,1961873,1719618731272221,,17,0,
1369277,1984321,1719843211272221,,17,0,
1369277,1984322,1719843221272221,,17,0,
1369277,1984324,1719843241272221,,17,0,
1369277,1961871,1819618711272221,,18,0,
1369277,1961873,1819618731272221,,18,0,
1369277,1984321,1819843211272221,,18,0,
1369277,1984322,1819843221272221,,18,0,
1369277,1984324,1819843241272221,,18,0,
1369277,1961871,1919618711272221,,19,0,
1369277,1961873,1919618731272221,,19,0,
1369277,1984321,1919843211272221,,19,0,
1369277,1984322,1919843221272221,,19,0,
1369277,1984324,1919843241272221,,19,0,
1369277,1961871,2019618711272221,,20,0,
1369277,1961873,2019618731272221,,20,0,
1369277,1984321,2019843211272221,,20,0,
1369277,1984322,2019843221272221,,20,0,
1369277,1984324,2019843241272221,,20,0,
1369277,1961871,2119618711272221,,21,0,
1369277,1961873,2119618731272221,,21,0,
1369277,1984321,2119843211272221,,21,0,
1369277,1984322,2119843221272221,,21,0,
1369277,1984324,2119843241272221,,21,0,
1369277,1961871,219618711272221,,2,0,
1369277,1961872,219618721272221,,2,0,
1369277,1961873,219618731272221,,2,0,
1369277,1984321,219843211272221,,2,0,
1369277,1984322,219843221272221,,2,0,
1369277,1984323,219843231272221,,2,0,
1369277,1984324,219843241272221,,2,0,
1369277,1961871,2219618711272221,,22,0,
1369277,1961873,2219618731272221,,22,0,
1369277,1984321,2219843211272221,,22,0,
1369277,1984322,2219843221272221,,22,0,
1369277,1984324,2219843241272221,,22,0,
1369277,1961871,2319618711272221,,23,0,
1369277,1961873,2319618731272221,,23,0,
1369277,1984321,2319843211272221,,23,0,
1369277,1984322,2319843221272221,,23,0,
1369277,1984324,2319843241272221,,23,0,
1369277,1961871,2419618711272221,,24,0,
1369277,1961873,2419618731272221,,24,0,
1369277,1984321,2419843211272221,,24,0,
1369277,1984322,2419843221272221,,24,0,
1369277,1984324,2419843241272221,,24,0,
1369277,1961871,2519618711272221,,25,0,
1369277,1961873,2519618731272221,,25,0,
1369277,1984321,2519843211272221,,25,0,
1369277,1984322,2519843221272221,,25,0,
1369277,1984324,2519843241272221,,25,0,
1369277,1961871,2619618711272221,,26,0,
1369277,1961873,2619618731272221,,26,0,
1369277,1984321,2619843211272221,,26,0,
1369277,1984322,2619843221272221,,26,0,
1369277,1984324,2619843241272221,,26,0,
1369277,1961871,2719618711272221,,27,0,
1369277,1961873,2719618731272221,,27,0,
1369277,1984321,2719843211272221,,27,0,
1369277,1984322,2719843221272221,,27,0,
1369277,1984324,2719843241272221,,27,0,
1369277,1961871,2819618711272221,,28,0,
1369277,1961873,2819618731272221,,28,0,
1369277,1984321,2819843211272221,,28,0,
1369277,1984322,2819843221272221,,28,0,
1369277,1984324,2819843241272221,,28,0,
1369277,1961871,2919618711272221,,29,0,
1369277,1961873,2919618731272221,,29,0,
1369277,1984321,2919843211272221,,29,0,
1369277,1984322,2919843221272221,,29,0,
1369277,1984324,2919843241272221,,29,0,
1369277,1961871,3019618711272221,,30,0,
1369277,1961873,3019618731272221,,30,0,
1369277,1984321,3019843211272221,,30,0,
1369277,1984322,3019843221272221,,30,0,
1369277,1984324,3019843241272221,,30,0,
1369277,1961871,3119618711272221,,31,0,
1369277,1961873,3119618731272221,,31,0,
1369277,1984321,3119843211272221,,31,0,
1369277,1984322,3119843221272221,,31,0,
1369277,1984324,3119843241272221,,31,0,
1369277,1961871,319618711272221,,3,0,
1369277,1961872,319618721272221,,3,0,
1369277,1961873,319618731272221,,3,0,
1369277,1984321,319843211272221,,3,0,
1369277,1984322,319843221272221,,3,0,
1369277,1984323,319843231272221,,3,0,
1369277,1984324,319843241272221,,3,0,
1369277,1961871,3219618711272221,,32,0,
1369277,1961873,3219618731272221,,32,0,
1369277,1984321,3219843211272221,,32,0,
1369277,1984322,3219843221272221,,32,0,
1369277,1984324,3219843241272221,,32,0,
1369277,1961871,3319618711272221,,33,0,
1369277,1961873,3319618731272221,,33,0,
1369277,1984321,3319843211272221,,33,0,
1369277,1984322,3319843221272221,,33,0,
1369277,1984324,3319843241272221,,33,0,
1369277,1961871,3419618711272221,,34,0,
1369277,1961873,3419618731272221,,34,0,
1369277,1984321,3419843211272221,,34,0,
1369277,1984322,3419843221272221,,34,0,
1369277,1984324,3419843241272221,,34,0,
1369277,1961871,3519618711272221,,35,0,
1369277,1961873,3519618731272221,,35,0,
1369277,1984321,3519843211272221,,35,0,
1369277,1984322,3519843221272221,,35,0,
1369277,1984324,3519843241272221,,35,0,
1369277,1961871,3619618711272221,,36,0,
1369277,1961873,3619618731272221,,36,0,
1369277,1984321,3619843211272221,,36,0,
1369277,1984324,3619843241272221,,36,0,
1369277,1961871,3719618711272221,,37,0,
1369277,1961873,3719618731272221,,37,0,
1369277,1984321,3719843211272221,,37,0,
1369277,1984324,3719843241272221,,37,0,
1369277,1961871,3819618711272221,,38,0,
1369277,1961873,3819618731272221,,38,0,
1369277,1984321,3819843211272221,,38,0,
1369277,1984324,3819843241272221,,38,0,
1369277,1961871,3919618711272221,,39,0,
1369277,1961873,3919618731272221,,39,0,
1369277,1984321,3919843211272221,,39,0,
1369277,1984324,3919843241272221,,39,0,
1369277,1961871,4019618711272221,,40,0,
1369277,1961873,4019618731272221,,40,0,
1369277,1984321,4019843211272221,,40,0,
1369277,1984324,4019843241272221,,40,0,
1369277,1961871,4119618711272221,,41,0,
1369277,1961873,4119618731272221,,41,0,
1369277,1984321,4119843211272221,,41,0,
1369277,1984324,4119843241272221,,41,0,
1369277,1961871,419618711272221,,4,0,
1369277,1961873,419618731272221,,4,0,
1369277,1984321,419843211272221,,4,0,
1369277,1984322,419843221272221,,4,0,
1369277,1984324,419843241272221,,4,0,
1369277,1961871,4219618711272221,,42,0,
1369277,1961873,4219618731272221,,42,0,
1369277,1984321,4219843211272221,,42,0,
1369277,1984324,4219843241272221,,42,0,
1369277,1961871,4319618711272221,,43,0,
1369277,1961873,4319618731272221,,43,0,
1369277,1984321,4319843211272221,,43,0,
1369277,1984324,4319843241272221,,43,0,
1369277,1961871,4419618711272221,,44,0,
1369277,1961873,4419618731272221,,44,0,
1369277,1984321,4419843211272221,,44,0,
1369277,1984324,4419843241272221,,44,0,
1369277,1961871,4519618711272221,,45,0,
1369277,1961873,4519618731272221,,45,0,
1369277,1984321,4519843211272221,,45,0,
1369277,1984324,4519843241272221,,45,0,
1369277,1961871,4619618711272221,,46,0,
1369277,1961873,4619618731272221,,46,0,
1369277,1984321,4619843211272221,,46,0,
1369277,1984324,4619843241272221,,46,0,
1369277,1961871,4719618711272221,,47,0,
1369277,1961873,4719618731272221,,47,0,
1369277,1984321,4719843211272221,,47,0,
1369277,1984324,4719843241272221,,47,0,
1369277,1961871,4819618711272221,,48,0,
1369277,1961873,4819618731272221,,48,0,
1369277,1984321,4819843211272221,,48,0,
1369277,1984324,4819843241272221,,48,0,
1369277,1961871,4919618711272221,,49,0,
1369277,1961873,4919618731272221,,49,0,
1369277,1984321,4919843211272221,,49,0,
1369277,1984324,4919843241272221,,49,0,
1369277,1984321,5019843211272221,,50,0,
1369277,1984324,5019843241272221,,50,0,
1369277,1984321,5119843211272221,,51,0,
1369277,1984324,5119843241272221,,51,0,
1369277,1961871,519618711272221,,5,0,
1369277,1961873,519618731272221,,5,0,
1369277,1984321,519843211272221,,5,0,
1369277,1984322,519843221272221,,5,0,
1369277,1984324,519843241272221,,5,0,
1369277,1984321,5219843211272221,,52,0,
1369277,1984324,5219843241272221,,52,0,
1369277,1961871,619618711272221,,6,0,
1369277,1961873,619618731272221,,6,0,
1369277,1984321,619843211272221,,6,0,
1369277,1984322,619843221272221,,6,0,
1369277,1984324,619843241272221,,6,0,
1369277,1961871,719618711272221,,7,0,
1369277,1961873,719618731272221,,7,0,
1369277,1984321,719843211272221,,7,0,
1369277,1984322,719843221272221,,7,0,
1369277,1984324,719843241272221,,7,0,
1369277,1961871,819618711272221,,8,0,
1369277,1961873,819618731272221,,8,0,
1369277,1984321,819843211272221,,8,0,
1369277,1984322,819843221272221,,8,0,
1369277,1984324,819843241272221,,8,0,
1369277,1961871,919618711272221,,9,0,
1369277,1961873,919618731272221,,9,0,
1369277,1984321,919843211272221,,9,0,
1369277,1984322,919843221272221,,9,0,
1369277,1984324,919843241272221,,9,0,
1369278,1961872,10019618721272219,,100,1,
1369278,1984321,10019843211272219,,100,1,
1369278,1984323,10019843231272219,,100,1,
1369278,1984324,10019843241272219,,100,1,
1369278,1961872,10119618721272219,,101,1,
1369278,1984321,10119843211272219,,101,1,
1369278,1984323,10119843231272219,,101,1,
1369278,1984324,10119843241272219,,101,1,
1369278,1961870,1019618701272219,,10,1,
1369278,1961871,1019618711272219,,10,1,
1369278,1961872,1019618721272219,,10,1,
1369278,1961873,1019618731272219,,10,1,
1369278,1984320,1019843201272219,,10,1,
1369278,1984321,1019843211272219,,10,1,
1369278,1984322,1019843221272219,,10,1,
1369278,1984323,1019843231272219,,10,1,
1369278,1984324,1019843241272219,,10,1,
1369278,1961872,10219618721272219,,102,1,
1369278,1984321,10219843211272219,,102,1,
1369278,1984323,10219843231272219,,102,1,
1369278,1984324,10219843241272219,,102,1,
1369278,1961872,10319618721272219,,103,1,
1369278,1984321,10319843211272219,,103,1,
1369278,1984323,10319843231272219,,103,1,
1369278,1984324,10319843241272219,,103,1,
1369278,1961872,10419618721272219,,104,1,
1369278,1984321,10419843211272219,,104,1,
1369278,1984323,10419843231272219,,104,1,
1369278,1984324,10419843241272219,,104,1,
1369278,1961872,10519618721272219,,105,1,
1369278,1984321,10519843211272219,,105,1,
1369278,1984323,10519843231272219,,105,1,
1369278,1984324,10519843241272219,,105,1,
1369278,1961872,10619618721272219,,106,1,
1369278,1984321,10619843211272219,,106,1,
1369278,1984323,10619843231272219,,106,1,
1369278,1984324,10619843241272219,,106,1,
1369278,1961872,10719618721272219,,107,1,
1369278,1984321,10719843211272219,,107,1,
1369278,1984323,10719843231272219,,107,1,
1369278,1984324,10719843241272219,,107,1,
1369278,11961872,10819618721272219,,108,1,
1369278,11984321,10819843211272219,,108,1,
1369278,11984323,10819843231272219,,108,1,
1369278,11984324,10819843241272219,,108,1,
1369278,11961872,10919618721272219,,109,1,
1369278,11984321,10919843211272219,,109,1,
1369278,11984323,10919843231272219,,109,1,
1369278,11984324,10919843241272219,,109,1,
1369278,11961872,11019618721272219,,110,1,
1369278,11984321,11019843211272219,,110,1,
1369278,11984323,11019843231272219,,110,1,
1369278,11984324,11019843241272219,,110,1,
1369278,11961872,11119618721272219,,111,1,
1369278,11984323,11119843231272219,,111,1,
1369278,11984324,11119843241272219,,111,1,
1369278,1961870,1119618701272219,,11,1,
1369278,1961871,1119618711272219,,11,1,
1369278,1961872,1119618721272219,,11,1,
1369278,1961873,1119618731272219,,11,1,
1369278,1984320,1119843201272219,,11,1,
1369278,1984321,1119843211272219,,11,1,
1369278,1984322,1119843221272219,,11,1,
1369278,1984323,1119843231272219,,11,1,
1369278,1984324,1119843241272219,,11,1,
1369278,11961872,11219618721272219,,112,1,
1369278,11984323,11219843231272219,,112,1,
1369278,11984324,11219843241272219,,112,1,
1369278,11961872,11319618721272219,,113,1,
1369278,11984323,11319843231272219,,113,1,
1369278,1961870,119618701272219,,1,1,
1369278,1961871,119618711272219,,1,1,
1369278,1961872,119618721272219,,1,1,
1369278,1961873,119618731272219,,1,1,
1369278,1984320,119843201272219,,1,1,
1369278,1984321,119843211272219,,1,1,
1369278,1984322,119843221272219,,1,1,
1369278,1984323,119843231272219,,1,1,
1369278,1984324,119843241272219,,1,1,
1369278,1961870,1219618701272219,,12,1,
1369278,1961871,1219618711272219,,12,1,
1369278,1961872,1219618721272219,,12,1,
1369278,1961873,1219618731272219,,12,1,
1369278,1984320,1219843201272219,,12,1,
1369278,1984321,1219843211272219,,12,1,
1369278,1984322,1219843221272219,,12,1,
1369278,1984323,1219843231272219,,12,1,
1369278,1984324,1219843241272219,,12,1,
1369278,1961870,1319618701272219,,13,1,
1369278,1961871,1319618711272219,,13,1,
1369278,1961872,1319618721272219,,13,1,
1369278,1961873,1319618731272219,,13,1,
1369278,1984320,1319843201272219,,13,1,
1369278,1984321,1319843211272219,,13,1,
1369278,1984322,1319843221272219,,13,1,
1369278,1984323,1319843231272219,,13,1,
1369278,1984324,1319843241272219,,13,1,
1369278,1961870,1419618701272219,,14,1,
1369278,1961871,1419618711272219,,14,1,
1369278,1961872,1419618721272219,,14,1,
1369278,1961873,1419618731272219,,14,1,
1369278,1984320,1419843201272219,,14,1,
1369278,1984321,1419843211272219,,14,1,
1369278,1984322,1419843221272219,,14,1,
1369278,1984323,1419843231272219,,14,1,
1369278,1984324,1419843241272219,,14,1,
1369278,1961870,1519618701272219,,15,1,
1369278,1961871,1519618711272219,,15,1,
1369278,1961872,1519618721272219,,15,1,
1369278,1961873,1519618731272219,,15,1,
1369278,1984320,1519843201272219,,15,1,
1369278,1984321,1519843211272219,,15,1,
1369278,1984322,1519843221272219,,15,1,
1369278,1984323,1519843231272219,,15,1,
1369278,1984324,1519843241272219,,15,1,
1369278,1961870,1619618701272219,,16,1,
1369278,1961871,1619618711272219,,16,1,
1369278,1961872,1619618721272219,,16,1,
1369278,1961873,1619618731272219,,16,1,
1369278,1984320,1619843201272219,,16,1,
1369278,1984321,1619843211272219,,16,1,
1369278,1984322,1619843221272219,,16,1,
1369278,1984323,1619843231272219,,16,1,
1369278,1984324,1619843241272219,,16,1,
1369278,1961870,1719618701272219,,17,1,
1369278,1961871,1719618711272219,,17,1,
1369278,1961872,1719618721272219,,17,1,
1369278,1961873,1719618731272219,,17,1,
1369278,1984320,1719843201272219,,17,1,
1369278,1984321,1719843211272219,,17,1,
1369278,1984322,1719843221272219,,17,1,
1369278,1984323,1719843231272219,,17,1,
1369278,1984324,1719843241272219,,17,1,
1369278,1961870,1819618701272219,,18,1,
1369278,1961871,1819618711272219,,18,1,
1369278,1961872,1819618721272219,,18,1,
1369278,1961873,1819618731272219,,18,1,
1369278,1984320,1819843201272219,,18,1,
1369278,1984321,1819843211272219,,18,1,
1369278,1984322,1819843221272219,,18,1,
1369278,1984323,1819843231272219,,18,1,
1369278,1984324,1819843241272219,,18,1,
1369278,1961870,1919618701272219,,19,1,
1369278,1961871,1919618711272219,,19,1,
1369278,1961872,1919618721272219,,19,1,
1369278,1961873,1919618731272219,,19,1,
1369278,1984320,1919843201272219,,19,1,
1369278,1984321,1919843211272219,,19,1,
1369278,1984322,1919843221272219,,19,1,
1369278,1984323,1919843231272219,,19,1,
1369278,1984324,1919843241272219,,19,1,
1369278,1961870,2019618701272219,,20,1,
1369278,1961871,2019618711272219,,20,1,
1369278,1961872,2019618721272219,,20,1,
1369278,1961873,2019618731272219,,20,1,
1369278,1984320,2019843201272219,,20,1,
1369278,1984321,2019843211272219,,20,1,
1369278,1984322,2019843221272219,,20,1,
1369278,1984323,2019843231272219,,20,1,
1369278,1984324,2019843241272219,,20,1,
1369278,1961870,2119618701272219,,21,1,
1369278,1961871,2119618711272219,,21,1,
1369278,1961872,2119618721272219,,21,1,
1369278,1961873,2119618731272219,,21,1,
1369278,1984320,2119843201272219,,21,1,
1369278,1984321,2119843211272219,,21,1,
1369278,1984322,2119843221272219,,21,1,
1369278,1984323,2119843231272219,,21,1,
1369278,1984324,2119843241272219,,21,1,
1369278,1961870,219618701272219,,2,1,
1369278,1961871,219618711272219,,2,1,
1369278,1961872,219618721272219,,2,1,
1369278,1961873,219618731272219,,2,1,
1369278,1984320,219843201272219,,2,1,
1369278,1984321,219843211272219,,2,1,
1369278,1984322,219843221272219,,2,1,
1369278,1984323,219843231272219,,2,1,
1369278,1984324,219843241272219,,2,1,
1369278,1961870,2219618701272219,,22,1,
1369278,1961871,2219618711272219,,22,1,
1369278,1961872,2219618721272219,,22,1,
1369278,1961873,2219618731272219,,22,1,
1369278,1984320,2219843201272219,,22,1,
1369278,1984321,2219843211272219,,22,1,
1369278,1984322,2219843221272219,,22,1,
1369278,1984323,2219843231272219,,22,1,
1369278,1984324,2219843241272219,,22,1,
1369278,1961870,2319618701272219,,23,1,
1369278,1961871,2319618711272219,,23,1,
1369278,1961872,2319618721272219,,23,1,
1369278,1961873,2319618731272219,,23,1,
1369278,1984320,2319843201272219,,23,1,
1369278,1984321,2319843211272219,,23,1,
1369278,1984322,2319843221272219,,23,1,
1369278,1984323,2319843231272219,,23,1,
1369278,1984324,2319843241272219,,23,1,
1369278,1961870,2419618701272219,,24,1,
1369278,1961871,2419618711272219,,24,1,
1369278,1961872,2419618721272219,,24,1,
1369278,1961873,2419618731272219,,24,1,
1369278,1984320,2419843201272219,,24,1,
1369278,1984321,2419843211272219,,24,1,
1369278,1984322,2419843221272219,,24,1,
1369278,1984323,2419843231272219,,24,1,
1369278,1984324,2419843241272219,,24,1,
1369278,1961870,2519618701272219,,25,1,
1369278,1961871,2519618711272219,,25,1,
1369278,1961872,2519618721272219,,25,1,
1369278,1961873,2519618731272219,,25,1,
1369278,1984320,2519843201272219,,25,1,
1369278,1984321,2519843211272219,,25,1,
1369278,1984322,2519843221272219,,25,1,
1369278,1984323,2519843231272219,,25,1,
1369278,1984324,2519843241272219,,25,1,
1369278,1961870,2619618701272219,,26,1,
1369278,1961871,2619618711272219,,26,1,
1369278,1961872,2619618721272219,,26,1,
1369278,1961873,2619618731272219,,26,1,
1369278,1984320,2619843201272219,,26,1,
1369278,1984321,2619843211272219,,26,1,
1369278,1984322,2619843221272219,,26,1,
1369278,1984323,2619843231272219,,26,1,
1369278,1984324,2619843241272219,,26,1,
1369278,1961870,2719618701272219,,27,1,
1369278,1961871,2719618711272219,,27,1,
1369278,1961872,2719618721272219,,27,1,
1369278,1961873,2719618731272219,,27,1,
1369278,1984320,2719843201272219,,27,1,
1369278,1984321,2719843211272219,,27,1,
1369278,1984322,2719843221272219,,27,1,
1369278,1984323,2719843231272219,,27,1,
1369278,1984324,2719843241272219,,27,1,
1369278,1961870,2819618701272219,,28,1,
1369278,1961871,2819618711272219,,28,1,
1369278,1961872,2819618721272219,,28,1,
1369278,1961873,2819618731272219,,28,1,
1369278,1984320,2819843201272219,,28,1,
1369278,1984321,2819843211272219,,28,1,
1369278,1984322,2819843221272219,,28,1,
1369278,1984323,2819843231272219,,28,1,
1369278,1984324,2819843241272219,,28,1,
1369278,1961870,2919618701272219,,29,1,
1369278,1961871,2919618711272219,,29,1,
1369278,1961872,2919618721272219,,29,1,
1369278,1961873,2919618731272219,,29,1,
1369278,1984320,2919843201272219,,29,1,
1369278,1984321,2919843211272219,,29,1,
1369278,1984322,2919843221272219,,29,1,
1369278,1984323,2919843231272219,,29,1,
1369278,1984324,2919843241272219,,29,1,
1369278,1961870,3019618701272219,,30,1,
1369278,1961871,3019618711272219,,30,1,
1369278,1961872,3019618721272219,,30,1,
1369278,1961873,3019618731272219,,30,1,
1369278,1984320,3019843201272219,,30,1,
1369278,1984321,3019843211272219,,30,1,
1369278,1984322,3019843221272219,,30,1,
1369278,1984323,3019843231272219,,30,1,
1369278,1984324,3019843241272219,,30,1,
1369278,1961870,3119618701272219,,31,1,
1369278,1961871,3119618711272219,,31,1,
1369278,1961872,3119618721272219,,31,1,
1369278,1961873,3119618731272219,,31,1,
1369278,1984320,3119843201272219,,31,1,
1369278,1984321,3119843211272219,,31,1,
1369278,1984322,3119843221272219,,31,1,
1369278,1984323,3119843231272219,,31,1,
1369278,1984324,3119843241272219,,31,1,
1369278,1961870,319618701272219,,3,1,
1369278,1961871,319618711272219,,3,1,
1369278,1961872,319618721272219,,3,1,
1369278,1961873,319618731272219,,3,1,
1369278,1984320,319843201272219,,3,1,
1369278,1984321,319843211272219,,3,1,
1369278,1984322,319843221272219,,3,1,
1369278,1984323,319843231272219,,3,1,
1369278,1984324,319843241272219,,3,1,
1369278,1961870,3219618701272219,,32,1,
1369278,1961871,3219618711272219,,32,1,
1369278,1961872,3219618721272219,,32,1,
1369278,1961873,3219618731272219,,32,1,
1369278,1984320,3219843201272219,,32,1,
1369278,1984321,3219843211272219,,32,1,
1369278,1984322,3219843221272219,,32,1,
1369278,1984323,3219843231272219,,32,1,
1369278,1984324,3219843241272219,,32,1,
1369278,1961870,3319618701272219,,33,1,
1369278,1961871,3319618711272219,,33,1,
1369278,1961872,3319618721272219,,33,1,
1369278,1961873,3319618731272219,,33,1,
1369278,1984320,3319843201272219,,33,1,
1369278,1984321,3319843211272219,,33,1,
1369278,1984322,3319843221272219,,33,1,
1369278,1984323,3319843231272219,,33,1,
1369278,1984324,3319843241272219,,33,1,
1369278,1961870,3419618701272219,,34,1,
1369278,1961871,3419618711272219,,34,1,
1369278,1961872,3419618721272219,,34,1,
1369278,1961873,3419618731272219,,34,1,
1369278,1984320,3419843201272219,,34,1,
1369278,1984321,3419843211272219,,34,1,
1369278,1984322,3419843221272219,,34,1,
1369278,1984323,3419843231272219,,34,1,
1369278,1984324,3419843241272219,,34,1,
1369278,1961870,3519618701272219,,35,1,
1369278,1961871,3519618711272219,,35,1,
1369278,1961872,3519618721272219,,35,1,
1369278,1961873,3519618731272219,,35,1,
1369278,1984320,3519843201272219,,35,1,
1369278,1984321,3519843211272219,,35,1,
1369278,1984322,3519843221272219,,35,1,
1369278,1984323,3519843231272219,,35,1,
1369278,1984324,3519843241272219,,35,1,
1369278,1961870,3619618701272219,,36,1,
1369278,1961871,3619618711272219,,36,1,
1369278,1961872,3619618721272219,,36,1,
1369278,1961873,3619618731272219,,36,1,
1369278,1984320,3619843201272219,,36,1,
1369278,1984321,3619843211272219,,36,1,
1369278,1984322,3619843221272219,,36,1,
1369278,1984323,3619843231272219,,36,1,
1369278,1984324,3619843241272219,,36,1,
1369278,1961870,3719618701272219,,37,1,
1369278,1961871,3719618711272219,,37,1,
1369278,1961872,3719618721272219,,37,1,
1369278,1961873,3719618731272219,,37,1,
1369278,1984320,3719843201272219,,37,1,
1369278,1984321,3719843211272219,,37,1,
1369278,1984322,3719843221272219,,37,1,
1369278,1984323,3719843231272219,,37,1,
1369278,1984324,3719843241272219,,37,1,
1369278,1961870,3819618701272219,,38,1,
1369278,1961871,3819618711272219,,38,1,
1369278,1961872,3819618721272219,,38,1,
1369278,1961873,3819618731272219,,38,1,
1369278,1984320,3819843201272219,,38,1,
1369278,1984321,3819843211272219,,38,1,
1369278,1984322,3819843221272219,,38,1,
1369278,1984323,3819843231272219,,38,1,
1369278,1984324,3819843241272219,,38,1,
1369278,1961870,3919618701272219,,39,1,
1369278,1961871,3919618711272219,,39,1,
1369278,1961872,3919618721272219,,39,1,
1369278,1961873,3919618731272219,,39,1,
1369278,1984320,3919843201272219,,39,1,
1369278,1984321,3919843211272219,,39,1,
1369278,1984322,3919843221272219,,39,1,
1369278,1984323,3919843231272219,,39,1,
1369278,1984324,3919843241272219,,39,1,
1369278,1961870,4019618701272219,,40,1,
1369278,1961871,4019618711272219,,40,1,
1369278,1961872,4019618721272219,,40,1,
1369278,1961873,4019618731272219,,40,1,
1369278,1984320,4019843201272219,,40,1,
1369278,1984321,4019843211272219,,40,1,
1369278,1984322,4019843221272219,,40,1,
1369278,1984323,4019843231272219,,40,1,
1369278,1984324,4019843241272219,,40,1,
1369278,1961870,4119618701272219,,41,1,
1369278,1961871,4119618711272219,,41,1,
1369278,1961872,4119618721272219,,41,1,
1369278,1961873,4119618731272219,,41,1,
1369278,1984320,4119843201272219,,41,1,
1369278,1984321,4119843211272219,,41,1,
1369278,1984322,4119843221272219,,41,1,
1369278,1984323,4119843231272219,,41,1,
1369278,1984324,4119843241272219,,41,1,
1369278,1961870,419618701272219,,4,1,
1369278,1961871,419618711272219,,4,1,
1369278,1961872,419618721272219,,4,1,
1369278,1961873,419618731272219,,4,1,
1369278,1984320,419843201272219,,4,1,
1369278,1984321,419843211272219,,4,1,
1369278,1984322,419843221272219,,4,1,
1369278,1984323,419843231272219,,4,1,
1369278,1984324,419843241272219,,4,1,
1369278,1961870,4219618701272219,,42,1,
1369278,1961871,4219618711272219,,42,1,
1369278,1961872,4219618721272219,,42,1,
1369278,1961873,4219618731272219,,42,1,
1369278,1984320,4219843201272219,,42,1,
1369278,1984321,4219843211272219,,42,1,
1369278,1984322,4219843221272219,,42,1,
1369278,1984323,4219843231272219,,42,1,
1369278,1984324,4219843241272219,,42,1,
1369278,1961870,4319618701272219,,43,1,
1369278,1961871,4319618711272219,,43,1,
1369278,1961872,4319618721272219,,43,1,
1369278,1961873,4319618731272219,,43,1,
1369278,1984320,4319843201272219,,43,1,
1369278,1984321,4319843211272219,,43,1,
1369278,1984322,4319843221272219,,43,1,
1369278,1984323,4319843231272219,,43,1,
1369278,1984324,4319843241272219,,43,1,
1369278,1961870,4419618701272219,,44,1,
1369278,1961871,4419618711272219,,44,1,
1369278,1961872,4419618721272219,,44,1,
1369278,1961873,4419618731272219,,44,1,
1369278,1984320,4419843201272219,,44,1,
1369278,1984321,4419843211272219,,44,1,
1369278,1984322,4419843221272219,,44,1,
1369278,1984323,4419843231272219,,44,1,
1369278,1984324,4419843241272219,,44,1,
1369278,1961870,4519618701272219,,45,1,
1369278,1961871,4519618711272219,,45,1,
1369278,1961872,4519618721272219,,45,1,
1369278,1961873,4519618731272219,,45,1,
1369278,1984320,4519843201272219,,45,1,
1369278,1984321,4519843211272219,,45,1,
1369278,1984322,4519843221272219,,45,1,
1369278,1984323,4519843231272219,,45,1,
1369278,1984324,4519843241272219,,45,1,
1369278,1961870,4619618701272219,,46,1,
1369278,1961871,4619618711272219,,46,1,
1369278,1961872,4619618721272219,,46,1,
1369278,1961873,4619618731272219,,46,1,
1369278,1984320,4619843201272219,,46,1,
1369278,1984321,4619843211272219,,46,1,
1369278,1984322,4619843221272219,,46,1,
1369278,1984323,4619843231272219,,46,1,
1369278,1984324,4619843241272219,,46,1,
1369278,1961870,4719618701272219,,47,1,
1369278,1961871,4719618711272219,,47,1,
1369278,1961872,4719618721272219,,47,1,
1369278,1961873,4719618731272219,,47,1,
1369278,1984320,4719843201272219,,47,1,
1369278,1984321,4719843211272219,,47,1,
1369278,1984322,4719843221272219,,47,1,
1369278,1984323,4719843231272219,,47,1,
1369278,1984324,4719843241272219,,47,1,
1369278,1961870,4819618701272219,,48,1,
1369278,1961871,4819618711272219,,48,1,
1369278,1961872,4819618721272219,,48,1,
1369278,1961873,4819618731272219,,48,1,
1369278,1984320,4819843201272219,,48,1,
1369278,1984321,4819843211272219,,48,1,
1369278,1984322,4819843221272219,,48,1,
1369278,1984323,4819843231272219,,48,1,
1369278,1984324,4819843241272219,,48,1,
1369278,1961870,4919618701272219,,49,1,
1369278,1961871,4919618711272219,,49,1,
1369278,1961872,4919618721272219,,49,1,
1369278,1961873,4919618731272219,,49,1,
1369278,1984320,4919843201272219,,49,1,
1369278,1984321,4919843211272219,,49,1,
1369278,1984322,4919843221272219,,49,1,
1369278,1984323,4919843231272219,,49,1,
1369278,1984324,4919843241272219,,49,1,
1369278,1961870,5019618701272219,,50,1,
1369278,1961871,5019618711272219,,50,1,
1369278,1961872,5019618721272219,,50,1,
1369278,1961873,5019618731272219,,50,1,
1369278,1984320,5019843201272219,,50,1,
1369278,1984321,5019843211272219,,50,1,
1369278,1984322,5019843221272219,,50,1,
1369278,1984323,5019843231272219,,50,1,
1369278,1984324,5019843241272219,,50,1,
1369278,1961870,5119618701272219,,51,1,
1369278,1961871,5119618711272219,,51,1,
1369278,1961872,5119618721272219,,51,1,
1369278,1961873,5119618731272219,,51,1,
1369278,1984320,5119843201272219,,51,1,
1369278,1984321,5119843211272219,,51,1,
1369278,1984322,5119843221272219,,51,1,
1369278,1984323,5119843231272219,,51,1,
1369278,1984324,5119843241272219,,51,1,
1369278,1961870,519618701272219,,5,1,
1369278,1961871,519618711272219,,5,1,
1369278,1961872,519618721272219,,5,1,
1369278,1961873,519618731272219,,5,1,
1369278,1984320,519843201272219,,5,1,
1369278,1984321,519843211272219,,5,1,
1369278,1984322,519843221272219,,5,1,
1369278,1984323,519843231272219,,5,1,
1369278,1984324,519843241272219,,5,1,
1369278,1961870,5219618701272219,,52,1,
1369278,1961871,5219618711272219,,52,1,
1369278,1961872,5219618721272219,,52,1,
1369278,1961873,5219618731272219,,52,1,
1369278,1984320,5219843201272219,,52,1,
1369278,1984321,5219843211272219,,52,1,
1369278,1984322,5219843221272219,,52,1,
1369278,1984323,5219843231272219,,52,1,
1369278,1984324,5219843241272219,,52,1,
1369278,1961870,5319618701272219,,53,1,
1369278,1961871,5319618711272219,,53,1,
1369278,1961872,5319618721272219,,53,1,
1369278,1961873,5319618731272219,,53,1,
1369278,1984320,5319843201272219,,53,1,
1369278,1984321,5319843211272219,,53,1,
1369278,1984322,5319843221272219,,53,1,
1369278,1984323,5319843231272219,,53,1,
1369278,1984324,5319843241272219,,53,1,
1369278,1961870,5419618701272219,,54,1,
1369278,1961871,5419618711272219,,54,1,
1369278,1961872,5419618721272219,,54,1,
1369278,1961873,5419618731272219,,54,1,
1369278,1984320,5419843201272219,,54,1,
1369278,1984321,5419843211272219,,54,1,
1369278,1984322,5419843221272219,,54,1,
1369278,1984323,5419843231272219,,54,1,
1369278,1984324,5419843241272219,,54,1,
1369278,1961870,5519618701272219,,55,1,
1369278,1961871,5519618711272219,,55,1,
1369278,1961872,5519618721272219,,55,1,
1369278,1961873,5519618731272219,,55,1,
1369278,1984320,5519843201272219,,55,1,
1369278,1984321,5519843211272219,,55,1,
1369278,1984322,5519843221272219,,55,1,
1369278,1984323,5519843231272219,,55,1,
1369278,1984324,5519843241272219,,55,1,
1369278,1961870,5619618701272219,,56,1,
1369278,1961871,5619618711272219,,56,1,
1369278,1961872,5619618721272219,,56,1,
1369278,1961873,5619618731272219,,56,1,
1369278,1984320,5619843201272219,,56,1,
1369278,1984321,5619843211272219,,56,1,
1369278,1984322,5619843221272219,,56,1,
1369278,1984323,5619843231272219,,56,1,
1369278,1984324,5619843241272219,,56,1,
1369278,1961870,5719618701272219,,57,1,
1369278,1961871,5719618711272219,,57,1,
1369278,1961872,5719618721272219,,57,1,
1369278,1961873,5719618731272219,,57,1,
1369278,1984320,5719843201272219,,57,1,
1369278,1984321,5719843211272219,,57,1,
1369278,1984322,5719843221272219,,57,1,
1369278,1984323,5719843231272219,,57,1,
1369278,1984324,5719843241272219,,57,1,
1369278,1961870,5819618701272219,,58,1,
1369278,1961871,5819618711272219,,58,1,
1369278,1961872,5819618721272219,,58,1,
1369278,1961873,5819618731272219,,58,1,
1369278,1984320,5819843201272219,,58,1,
1369278,1984321,5819843211272219,,58,1,
1369278,1984322,5819843221272219,,58,1,
1369278,1984323,5819843231272219,,58,1,
1369278,1984324,5819843241272219,,58,1,
1369278,1961870,5919618701272219,,59,1,
1369278,1961871,5919618711272219,,59,1,
1369278,1961872,5919618721272219,,59,1,
1369278,1961873,5919618731272219,,59,1,
1369278,1984320,5919843201272219,,59,1,
1369278,1984321,5919843211272219,,59,1,
1369278,1984322,5919843221272219,,59,1,
1369278,1984323,5919843231272219,,59,1,
1369278,1984324,5919843241272219,,59,1,
1369278,1961870,6019618701272219,,60,1,
1369278,1961871,6019618711272219,,60,1,
1369278,1961872,6019618721272219,,60,1,
1369278,1961873,6019618731272219,,60,1,
1369278,1984320,6019843201272219,,60,1,
1369278,1984321,6019843211272219,,60,1,
1369278,1984322,6019843221272219,,60,1,
1369278,1984323,6019843231272219,,60,1,
1369278,1984324,6019843241272219,,60,1,
1369278,1961870,6119618701272219,,61,1,
1369278,1961871,6119618711272219,,61,1,
1369278,1961872,6119618721272219,,61,1,
1369278,1961873,6119618731272219,,61,1,
1369278,1984320,6119843201272219,,61,1,
1369278,1984321,6119843211272219,,61,1,
1369278,1984322,6119843221272219,,61,1,
1369278,1984323,6119843231272219,,61,1,
1369278,1984324,6119843241272219,,61,1,
1369278,1961870,619618701272219,,6,1,
1369278,1961871,619618711272219,,6,1,
1369278,1961872,619618721272219,,6,1,
1369278,1961873,619618731272219,,6,1,
1369278,1984320,619843201272219,,6,1,
1369278,1984321,619843211272219,,6,1,
1369278,1984322,619843221272219,,6,1,
1369278,1984323,619843231272219,,6,1,
1369278,1984324,619843241272219,,6,1,
1369278,1961870,6219618701272219,,62,1,
1369278,1961871,6219618711272219,,62,1,
1369278,1961872,6219618721272219,,62,1,
1369278,1961873,6219618731272219,,62,1,
1369278,1984320,6219843201272219,,62,1,
1369278,1984321,6219843211272219,,62,1,
1369278,1984322,6219843221272219,,62,1,
1369278,1984323,6219843231272219,,62,1,
1369278,1984324,6219843241272219,,62,1,
1369278,1961870,6319618701272219,,63,1,
1369278,1961871,6319618711272219,,63,1,
1369278,1961872,6319618721272219,,63,1,
1369278,1961873,6319618731272219,,63,1,
1369278,1984320,6319843201272219,,63,1,
1369278,1984321,6319843211272219,,63,1,
1369278,1984322,6319843221272219,,63,1,
1369278,1984323,6319843231272219,,63,1,
1369278,1984324,6319843241272219,,63,1,
1369278,1961870,6419618701272219,,64,1,
1369278,1961871,6419618711272219,,64,1,
1369278,1961872,6419618721272219,,64,1,
1369278,1961873,6419618731272219,,64,1,
1369278,1984320,6419843201272219,,64,1,
1369278,1984321,6419843211272219,,64,1,
1369278,1984322,6419843221272219,,64,1,
1369278,1984323,6419843231272219,,64,1,
1369278,1984324,6419843241272219,,64,1,
1369278,1961870,6519618701272219,,65,1,
1369278,1961871,6519618711272219,,65,1,
1369278,1961872,6519618721272219,,65,1,
1369278,1961873,6519618731272219,,65,1,
1369278,1984320,6519843201272219,,65,1,
1369278,1984321,6519843211272219,,65,1,
1369278,1984322,6519843221272219,,65,1,
1369278,1984323,6519843231272219,,65,1,
1369278,1984324,6519843241272219,,65,1,
1369278,1961870,6619618701272219,,66,1,
1369278,1961871,6619618711272219,,66,1,
1369278,1961872,6619618721272219,,66,1,
1369278,1961873,6619618731272219,,66,1,
1369278,1984320,6619843201272219,,66,1,
1369278,1984321,6619843211272219,,66,1,
1369278,1984322,6619843221272219,,66,1,
1369278,1984323,6619843231272219,,66,1,
1369278,1984324,6619843241272219,,66,1,
1369278,1961870,6719618701272219,,67,1,
1369278,1961871,6719618711272219,,67,1,
1369278,1961872,6719618721272219,,67,1,
1369278,1961873,6719618731272219,,67,1,
1369278,1984320,6719843201272219,,67,1,
1369278,1984321,6719843211272219,,67,1,
1369278,1984322,6719843221272219,,67,1,
1369278,1984323,6719843231272219,,67,1,
1369278,1984324,6719843241272219,,67,1,
1369278,1961870,6819618701272219,,68,1,
1369278,1961871,6819618711272219,,68,1,
1369278,1961872,6819618721272219,,68,1,
1369278,1961873,6819618731272219,,68,1,
1369278,1984320,6819843201272219,,68,1,
1369278,1984321,6819843211272219,,68,1,
1369278,1984322,6819843221272219,,68,1,
1369278,1984323,6819843231272219,,68,1,
1369278,1984324,6819843241272219,,68,1,
1369278,1961870,6919618701272219,,69,1,
1369278,1961871,6919618711272219,,69,1,
1369278,1961872,6919618721272219,,69,1,
1369278,1961873,6919618731272219,,69,1,
1369278,1984320,6919843201272219,,69,1,
1369278,1984321,6919843211272219,,69,1,
1369278,1984322,6919843221272219,,69,1,
1369278,1984323,6919843231272219,,69,1,
1369278,1984324,6919843241272219,,69,1,
1369278,1961870,7019618701272219,,70,1,
1369278,1961871,7019618711272219,,70,1,
1369278,1961872,7019618721272219,,70,1,
1369278,1961873,7019618731272219,,70,1,
1369278,1984320,7019843201272219,,70,1,
1369278,1984321,7019843211272219,,70,1,
1369278,1984322,7019843221272219,,70,1,
1369278,1984323,7019843231272219,,70,1,
1369278,1984324,7019843241272219,,70,1,
1369278,1961870,7119618701272219,,71,1,
1369278,1961871,7119618711272219,,71,1,
1369278,1961872,7119618721272219,,71,1,
1369278,1961873,7119618731272219,,71,1,
1369278,1984320,7119843201272219,,71,1,
1369278,1984321,7119843211272219,,71,1,
1369278,1984322,7119843221272219,,71,1,
1369278,1984323,7119843231272219,,71,1,
1369278,1984324,7119843241272219,,71,1,
1369278,1961870,719618701272219,,7,1,
1369278,1961871,719618711272219,,7,1,
1369278,1961872,719618721272219,,7,1,
1369278,1961873,719618731272219,,7,1,
1369278,1984320,719843201272219,,7,1,
1369278,1984321,719843211272219,,7,1,
1369278,1984322,719843221272219,,7,1,
1369278,1984323,719843231272219,,7,1,
1369278,1984324,719843241272219,,7,1,
1369278,1961870,7219618701272219,,72,1,
1369278,1961871,7219618711272219,,72,1,
1369278,1961872,7219618721272219,,72,1,
1369278,1961873,7219618731272219,,72,1,
1369278,1984320,7219843201272219,,72,1,
1369278,1984321,7219843211272219,,72,1,
1369278,1984322,7219843221272219,,72,1,
1369278,1984323,7219843231272219,,72,1,
1369278,1984324,7219843241272219,,72,1,
1369278,1961870,7319618701272219,,73,1,
1369278,1961871,7319618711272219,,73,1,
1369278,1961872,7319618721272219,,73,1,
1369278,1961873,7319618731272219,,73,1,
1369278,1984320,7319843201272219,,73,1,
1369278,1984321,7319843211272219,,73,1,
1369278,1984322,7319843221272219,,73,1,
1369278,1984323,7319843231272219,,73,1,
1369278,1984324,7319843241272219,,73,1,
1369278,1961870,7419618701272219,,74,1,
1369278,1961871,7419618711272219,,74,1,
1369278,1961872,7419618721272219,,74,1,
1369278,1961873,7419618731272219,,74,1,
1369278,1984320,7419843201272219,,74,1,
1369278,1984321,7419843211272219,,74,1,
1369278,1984322,7419843221272219,,74,1,
1369278,1984323,7419843231272219,,74,1,
1369278,1984324,7419843241272219,,74,1,
1369278,1961870,7519618701272219,,75,1,
1369278,1961871,7519618711272219,,75,1,
1369278,1961872,7519618721272219,,75,1,
1369278,1961873,7519618731272219,,75,1,
1369278,1984320,7519843201272219,,75,1,
1369278,1984321,7519843211272219,,75,1,
1369278,1984322,7519843221272219,,75,1,
1369278,1984323,7519843231272219,,75,1,
1369278,1984324,7519843241272219,,75,1,
1369278,1961870,7619618701272219,,76,1,
1369278,1961871,7619618711272219,,76,1,
1369278,1961872,7619618721272219,,76,1,
1369278,1961873,7619618731272219,,76,1,
1369278,1984320,7619843201272219,,76,1,
1369278,1984321,7619843211272219,,76,1,
1369278,1984322,7619843221272219,,76,1,
1369278,1984323,7619843231272219,,76,1,
1369278,1984324,7619843241272219,,76,1,
1369278,1961870,7719618701272219,,77,1,
1369278,1961871,7719618711272219,,77,1,
1369278,1961872,7719618721272219,,77,1,
1369278,1961873,7719618731272219,,77,1,
1369278,1984320,7719843201272219,,77,1,
1369278,1984321,7719843211272219,,77,1,
1369278,1984322,7719843221272219,,77,1,
1369278,1984323,7719843231272219,,77,1,
1369278,1984324,7719843241272219,,77,1,
1369278,11961870,7819618701272219,,78,1,
1369278,1961871,7819618711272219,,78,1,
1369278,1961872,7819618721272219,,78,1,
1369278,1961873,7819618731272219,,78,1,
1369278,11984320,7819843201272219,,78,1,
1369278,1984321,7819843211272219,,78,1,
1369278,1984322,7819843221272219,,78,1,
1369278,1984323,7819843231272219,,78,1,
1369278,1984324,7819843241272219,,78,1,
1369278,11961870,7919618701272219,,79,1,
1369278,1961871,7919618711272219,,79,1,
1369278,1961872,7919618721272219,,79,1,
1369278,1961873,7919618731272219,,79,1,
1369278,11984320,7919843201272219,,79,1,
1369278,1984321,7919843211272219,,79,1,
1369278,1984322,7919843221272219,,79,1,
1369278,1984323,7919843231272219,,79,1,
1369278,1984324,7919843241272219,,79,1,
1369278,11961870,8019618701272219,,80,1,
1369278,1961871,8019618711272219,,80,1,
1369278,1961872,8019618721272219,,80,1,
1369278,1961873,8019618731272219,,80,1,
1369278,11984320,8019843201272219,,80,1,
1369278,1984321,8019843211272219,,80,1,
1369278,1984322,8019843221272219,,80,1,
1369278,1984323,8019843231272219,,80,1,
1369278,1984324,8019843241272219,,80,1,
1369278,1961871,8119618711272219,,81,1,
1369278,1961872,8119618721272219,,81,1,
1369278,1961873,8119618731272219,,81,1,
1369278,1984321,8119843211272219,,81,1,
1369278,1984322,8119843221272219,,81,1,
1369278,1984323,8119843231272219,,81,1,
1369278,1984324,8119843241272219,,81,1,
1369278,1961870,819618701272219,,8,1,
1369278,1961871,819618711272219,,8,1,
1369278,1961872,819618721272219,,8,1,
1369278,1961873,819618731272219,,8,1,
1369278,1984320,819843201272219,,8,1,
1369278,1984321,819843211272219,,8,1,
1369278,1984322,819843221272219,,8,1,
1369278,1984323,819843231272219,,8,1,
1369278,1984324,819843241272219,,8,1,
1369278,1961871,8219618711272219,,82,1,
1369278,1961872,8219618721272219,,82,1,
1369278,1961873,8219618731272219,,82,1,
1369278,1984321,8219843211272219,,82,1,
1369278,1984322,8219843221272219,,82,1,
1369278,1984323,8219843231272219,,82,1,
1369278,1984324,8219843241272219,,82,1,
1369278,1961871,8319618711272219,,83,1,
1369278,1961872,8319618721272219,,83,1,
1369278,1961873,8319618731272219,,83,1,
1369278,1984321,8319843211272219,,83,1,
1369278,1984322,8319843221272219,,83,1,
1369278,1984323,8319843231272219,,83,1,
1369278,1984324,8319843241272219,,83,1,
1369278,1961871,8419618711272219,,84,1,
1369278,1961872,8419618721272219,,84,1,
1369278,1961873,8419618731272219,,84,1,
1369278,1984321,8419843211272219,,84,1,
1369278,1984322,8419843221272219,,84,1,
1369278,1984323,8419843231272219,,84,1,
1369278,1984324,8419843241272219,,84,1,
1369278,1961871,8519618711272219,,85,1,
1369278,1961872,8519618721272219,,85,1,
1369278,1961873,8519618731272219,,85,1,
1369278,1984321,8519843211272219,,85,1,
1369278,1984322,8519843221272219,,85,1,
1369278,1984323,8519843231272219,,85,1,
1369278,1984324,8519843241272219,,85,1,
1369278,1961871,8619618711272219,,86,1,
1369278,1961872,8619618721272219,,86,1,
1369278,1961873,8619618731272219,,86,1,
1369278,1984321,8619843211272219,,86,1,
1369278,1984322,8619843221272219,,86,1,
1369278,1984323,8619843231272219,,86,1,
1369278,1984324,8619843241272219,,86,1,
1369278,1961871,8719618711272219,,87,1,
1369278,1961872,8719618721272219,,87,1,
1369278,1961873,8719618731272219,,87,1,
1369278,1984321,8719843211272219,,87,1,
1369278,1984322,8719843221272219,,87,1,
1369278,1984323,8719843231272219,,87,1,
1369278,1984324,8719843241272219,,87,1,
1369278,1961871,8819618711272219,,88,1,
1369278,1961872,8819618721272219,,88,1,
1369278,1961873,8819618731272219,,88,1,
1369278,1984321,8819843211272219,,88,1,
1369278,1984322,8819843221272219,,88,1,
1369278,1984323,8819843231272219,,88,1,
1369278,1984324,8819843241272219,,88,1,
1369278,1961871,8919618711272219,,89,1,
1369278,1961872,8919618721272219,,89,1,
1369278,1961873,8919618731272219,,89,1,
1369278,1984321,8919843211272219,,89,1,
1369278,1984322,8919843221272219,,89,1,
1369278,1984323,8919843231272219,,89,1,
1369278,1984324,8919843241272219,,89,1,
1369278,1961871,9019618711272219,,90,1,
1369278,1961872,9019618721272219,,90,1,
1369278,1961873,9019618731272219,,90,1,
1369278,1984321,9019843211272219,,90,1,
1369278,1984322,9019843221272219,,90,1,
1369278,1984323,9019843231272219,,90,1,
1369278,1984324,9019843241272219,,90,1,
1369278,1961871,9119618711272219,,91,1,
1369278,1961872,9119618721272219,,91,1,
1369278,1961873,9119618731272219,,91,1,
1369278,1984321,9119843211272219,,91,1,
1369278,1984322,9119843221272219,,91,1,
1369278,1984323,9119843231272219,,91,1,
1369278,1984324,9119843241272219,,91,1,
1369278,1961870,919618701272219,,9,1,
1369278,1961871,919618711272219,,9,1,
1369278,1961872,919618721272219,,9,1,
1369278,1961873,919618731272219,,9,1,
1369278,1984320,919843201272219,,9,1,
1369278,1984321,919843211272219,,9,1,
1369278,1984322,919843221272219,,9,1,
1369278,1984323,919843231272219,,9,1,
1369278,1984324,919843241272219,,9,1,
1369278,1961871,9219618711272219,,92,1,
1369278,1961872,9219618721272219,,92,1,
1369278,1961873,9219618731272219,,92,1,
1369278,1984321,9219843211272219,,92,1,
1369278,1984322,9219843221272219,,92,1,
1369278,1984323,9219843231272219,,92,1,
1369278,1984324,9219843241272219,,92,1,
1369278,1961871,9319618711272219,,93,1,
1369278,1961872,9319618721272219,,93,1,
1369278,1961873,9319618731272219,,93,1,
1369278,1984321,9319843211272219,,93,1,
1369278,1984322,9319843221272219,,93,1,
1369278,1984323,9319843231272219,,93,1,
1369278,1984324,9319843241272219,,93,1,
1369278,11961871,9419618711272219,,94,1,
1369278,1961872,9419618721272219,,94,1,
1369278,11961873,9419618731272219,,94,1,
1369278,1984321,9419843211272219,,94,1,
1369278,1984322,9419843221272219,,94,1,
1369278,1984323,9419843231272219,,94,1,
1369278,1984324,9419843241272219,,94,1,
1369278,11961871,9519618711272219,,95,1,
1369278,1961872,9519618721272219,,95,1,
1369278,11961873,9519618731272219,,95,1,
1369278,1984321,9519843211272219,,95,1,
1369278,11984322,9519843221272219,,95,1,
1369278,1984323,9519843231272219,,95,1,
1369278,1984324,9519843241272219,,95,1,
1369278,11961871,9619618711272219,,96,1,
1369278,1961872,9619618721272219,,96,1,
1369278,11961873,9619618731272219,,96,1,
1369278,1984321,9619843211272219,,96,1,
1369278,11984322,9619843221272219,,96,1,
1369278,1984323,9619843231272219,,96,1,
1369278,1984324,9619843241272219,,96,1,
1369278,1961872,9719618721272219,,97,1,
1369278,11961873,9719618731272219,,97,1,
1369278,1984321,9719843211272219,,97,1,
1369278,11984322,9719843221272219,,97,1,
1369278,1984323,9719843231272219,,97,1,
1369278,1984324,9719843241272219,,97,1,
1369278,1961872,9819618721272219,,98,1,
1369278,11961873,9819618731272219,,98,1,
1369278,1984321,9819843211272219,,98,1,
1369278,1984323,9819843231272219,,98,1,
1369278,1984324,9819843241272219,,98,1,
1369278,1961872,9919618721272219,,99,1,
1369278,11961873,9919618731272219,,99,1,
1369278,1984321,9919843211272219,,99,1,
1369278,1984323,9919843231272219,,99,1,
1369278,1984324,9919843241272219,,99,1,
1369278,1961871,1019618711272220,,10,1,
1369278,1961873,1019618731272220,,10,1,
1369278,1984321,1019843211272220,,10,1,
1369278,1984322,1019843221272220,,10,1,
1369278,1984324,1019843241272220,,10,1,
1369278,1961871,1119618711272220,,11,1,
1369278,1961873,1119618731272220,,11,1,
1369278,1984321,1119843211272220,,11,1,
1369278,1984322,1119843221272220,,11,1,
1369278,1984324,1119843241272220,,11,1,
1369278,1961871,119618711272220,,1,1,
1369278,1961872,119618721272220,,1,1,
1369278,1961873,119618731272220,,1,1,
1369278,1984321,119843211272220,,1,1,
1369278,1984322,119843221272220,,1,1,
1369278,1984323,119843231272220,,1,1,
1369278,1984324,119843241272220,,1,1,
1369278,1961871,1219618711272220,,12,1,
1369278,1961873,1219618731272220,,12,1,
1369278,1984321,1219843211272220,,12,1,
1369278,1984322,1219843221272220,,12,1,
1369278,1984324,1219843241272220,,12,1,
1369278,1961871,1319618711272220,,13,1,
1369278,1961873,1319618731272220,,13,1,
1369278,1984321,1319843211272220,,13,1,
1369278,1984322,1319843221272220,,13,1,
1369278,1984324,1319843241272220,,13,1,
1369278,1961871,1419618711272220,,14,1,
1369278,1961873,1419618731272220,,14,1,
1369278,1984321,1419843211272220,,14,1,
1369278,1984322,1419843221272220,,14,1,
1369278,1984324,1419843241272220,,14,1,
1369278,1961871,1519618711272220,,15,1,
1369278,1961873,1519618731272220,,15,1,
1369278,1984321,1519843211272220,,15,1,
1369278,1984322,1519843221272220,,15,1,
1369278,1984324,1519843241272220,,15,1,
1369278,1961871,1619618711272220,,16,1,
1369278,1961873,1619618731272220,,16,1,
1369278,1984321,1619843211272220,,16,1,
1369278,1984322,1619843221272220,,16,1,
1369278,1984324,1619843241272220,,16,1,
1369278,1961871,1719618711272220,,17,1,
1369278,1961873,1719618731272220,,17,1,
1369278,1984321,1719843211272220,,17,1,
1369278,1984322,1719843221272220,,17,1,
1369278,1984324,1719843241272220,,17,1,
1369278,1961871,1819618711272220,,18,1,
1369278,1961873,1819618731272220,,18,1,
1369278,1984321,1819843211272220,,18,1,
1369278,1984322,1819843221272220,,18,1,
1369278,1984324,1819843241272220,,18,1,
1369278,1961871,1919618711272220,,19,1,
1369278,1961873,1919618731272220,,19,1,
1369278,1984321,1919843211272220,,19,1,
1369278,1984322,1919843221272220,,19,1,
1369278,1984324,1919843241272220,,19,1,
1369278,1961871,2019618711272220,,20,1,
1369278,1961873,2019618731272220,,20,1,
1369278,1984321,2019843211272220,,20,1,
1369278,1984322,2019843221272220,,20,1,
1369278,1984324,2019843241272220,,20,1,
1369278,1961871,2119618711272220,,21,1,
1369278,1961873,2119618731272220,,21,1,
1369278,1984321,2119843211272220,,21,1,
1369278,1984322,2119843221272220,,21,1,
1369278,1984324,2119843241272220,,21,1,
1369278,1961871,219618711272220,,2,1,
1369278,1961872,219618721272220,,2,1,
1369278,1961873,219618731272220,,2,1,
1369278,1984321,219843211272220,,2,1,
1369278,1984322,219843221272220,,2,1,
1369278,1984323,219843231272220,,2,1,
1369278,1984324,219843241272220,,2,1,
1369278,1961871,2219618711272220,,22,1,
1369278,1961873,2219618731272220,,22,1,
1369278,1984321,2219843211272220,,22,1,
1369278,1984322,2219843221272220,,22,1,
1369278,1984324,2219843241272220,,22,1,
1369278,1961871,2319618711272220,,23,1,
1369278,1961873,2319618731272220,,23,1,
1369278,1984321,2319843211272220,,23,1,
1369278,1984322,2319843221272220,,23,1,
1369278,1984324,2319843241272220,,23,1,
1369278,1961871,2419618711272220,,24,1,
1369278,1961873,2419618731272220,,24,1,
1369278,1984321,2419843211272220,,24,1,
1369278,1984322,2419843221272220,,24,1,
1369278,1984324,2419843241272220,,24,1,
1369278,1961871,2519618711272220,,25,1,
1369278,1961873,2519618731272220,,25,1,
1369278,1984321,2519843211272220,,25,1,
1369278,1984322,2519843221272220,,25,1,
1369278,1984324,2519843241272220,,25,1,
1369278,1961871,2619618711272220,,26,1,
1369278,1961873,2619618731272220,,26,1,
1369278,1984321,2619843211272220,,26,1,
1369278,1984322,2619843221272220,,26,1,
1369278,1984324,2619843241272220,,26,1,
1369278,1961871,2719618711272220,,27,1,
1369278,1961873,2719618731272220,,27,1,
1369278,1984321,2719843211272220,,27,1,
1369278,1984322,2719843221272220,,27,1,
1369278,1984324,2719843241272220,,27,1,
1369278,1961871,2819618711272220,,28,1,
1369278,1961873,2819618731272220,,28,1,
1369278,1984321,2819843211272220,,28,1,
1369278,1984322,2819843221272220,,28,1,
1369278,1984324,2819843241272220,,28,1,
1369278,1961871,2919618711272220,,29,1,
1369278,1961873,2919618731272220,,29,1,
1369278,1984321,2919843211272220,,29,1,
1369278,1984322,2919843221272220,,29,1,
1369278,1984324,2919843241272220,,29,1,
1369278,1961871,3019618711272220,,30,1,
1369278,1961873,3019618731272220,,30,1,
1369278,1984321,3019843211272220,,30,1,
1369278,1984322,3019843221272220,,30,1,
1369278,1984324,3019843241272220,,30,1,
1369278,1961871,3119618711272220,,31,1,
1369278,1961873,3119618731272220,,31,1,
1369278,1984321,3119843211272220,,31,1,
1369278,1984322,3119843221272220,,31,1,
1369278,1984324,3119843241272220,,31,1,
1369278,1961871,319618711272220,,3,1,
1369278,1961872,319618721272220,,3,1,
1369278,1961873,319618731272220,,3,1,
1369278,1984321,319843211272220,,3,1,
1369278,1984322,319843221272220,,3,1,
1369278,1984323,319843231272220,,3,1,
1369278,1984324,319843241272220,,3,1,
1369278,1961871,3219618711272220,,32,1,
1369278,1961873,3219618731272220,,32,1,
1369278,1984321,3219843211272220,,32,1,
1369278,1984322,3219843221272220,,32,1,
1369278,1984324,3219843241272220,,32,1,
1369278,1961871,3319618711272220,,33,1,
1369278,1961873,3319618731272220,,33,1,
1369278,1984321,3319843211272220,,33,1,
1369278,1984322,3319843221272220,,33,1,
1369278,1984324,3319843241272220,,33,1,
1369278,1961871,3419618711272220,,34,1,
1369278,1961873,3419618731272220,,34,1,
1369278,1984321,3419843211272220,,34,1,
1369278,1984322,3419843221272220,,34,1,
1369278,1984324,3419843241272220,,34,1,
1369278,1961871,3519618711272220,,35,1,
1369278,1961873,3519618731272220,,35,1,
1369278,1984321,3519843211272220,,35,1,
1369278,1984322,3519843221272220,,35,1,
1369278,1984324,3519843241272220,,35,1,
1369278,1961871,3619618711272220,,36,1,
1369278,1961873,3619618731272220,,36,1,
1369278,1984321,3619843211272220,,36,1,
1369278,1984322,3619843221272220,,36,1,
1369278,1984324,3619843241272220,,36,1,
1369278,1961871,3719618711272220,,37,1,
1369278,1961873,3719618731272220,,37,1,
1369278,1984321,3719843211272220,,37,1,
1369278,1984322,3719843221272220,,37,1,
1369278,1984324,3719843241272220,,37,1,
1369278,1961871,3819618711272220,,38,1,
1369278,1961873,3819618731272220,,38,1,
1369278,1984321,3819843211272220,,38,1,
1369278,1984322,3819843221272220,,38,1,
1369278,1984324,3819843241272220,,38,1,
1369278,1961871,3919618711272220,,39,1,
1369278,1961873,3919618731272220,,39,1,
1369278,1984321,3919843211272220,,39,1,
1369278,1984322,3919843221272220,,39,1,
1369278,1984324,3919843241272220,,39,1,
1369278,1961871,4019618711272220,,40,1,
1369278,1961873,4019618731272220,,40,1,
1369278,1984321,4019843211272220,,40,1,
1369278,1984322,4019843221272220,,40,1,
1369278,1984324,4019843241272220,,40,1,
1369278,1961871,4119618711272220,,41,1,
1369278,1961873,4119618731272220,,41,1,
1369278,1984321,4119843211272220,,41,1,
1369278,1984322,4119843221272220,,41,1,
1369278,1984324,4119843241272220,,41,1,
1369278,1961871,419618711272220,,4,1,
1369278,1961872,419618721272220,,4,1,
1369278,1961873,419618731272220,,4,1,
1369278,1984321,419843211272220,,4,1,
1369278,1984322,419843221272220,,4,1,
1369278,1984323,419843231272220,,4,1,
1369278,1984324,419843241272220,,4,1,
1369278,1961871,4219618711272220,,42,1,
1369278,1961873,4219618731272220,,42,1,
1369278,1984321,4219843211272220,,42,1,
1369278,1984324,4219843241272220,,42,1,
1369278,1961871,4319618711272220,,43,1,
1369278,1961873,4319618731272220,,43,1,
1369278,1984321,4319843211272220,,43,1,
1369278,1984324,4319843241272220,,43,1,
1369278,1961871,4419618711272220,,44,1,
1369278,1961873,4419618731272220,,44,1,
1369278,1984321,4419843211272220,,44,1,
1369278,1984324,4419843241272220,,44,1,
1369278,1961871,4519618711272220,,45,1,
1369278,1961873,4519618731272220,,45,1,
1369278,1984321,4519843211272220,,45,1,
1369278,1984324,4519843241272220,,45,1,
1369278,1961871,4619618711272220,,46,1,
1369278,1961873,4619618731272220,,46,1,
1369278,1984321,4619843211272220,,46,1,
1369278,1984324,4619843241272220,,46,1,
1369278,1961871,4719618711272220,,47,1,
1369278,1961873,4719618731272220,,47,1,
1369278,1984321,4719843211272220,,47,1,
1369278,1984324,4719843241272220,,47,1,
1369278,1961871,4819618711272220,,48,1,
1369278,1961873,4819618731272220,,48,1,
1369278,1984321,4819843211272220,,48,1,
1369278,1984324,4819843241272220,,48,1,
1369278,1961871,4919618711272220,,49,1,
1369278,1961873,4919618731272220,,49,1,
1369278,1984321,4919843211272220,,49,1,
1369278,1984324,4919843241272220,,49,1,
1369278,1961871,5019618711272220,,50,1,
1369278,1961873,5019618731272220,,50,1,
1369278,1984321,5019843211272220,,50,1,
1369278,1984324,5019843241272220,,50,1,
1369278,1961871,5119618711272220,,51,1,
1369278,1961873,5119618731272220,,51,1,
1369278,1984321,5119843211272220,,51,1,
1369278,1984324,5119843241272220,,51,1,
1369278,1961871,519618711272220,,5,1,
1369278,1961872,519618721272220,,5,1,
1369278,1961873,519618731272220,,5,1,
1369278,1984321,519843211272220,,5,1,
1369278,1984322,519843221272220,,5,1,
1369278,1984323,519843231272220,,5,1,
1369278,1984324,519843241272220,,5,1,
1369278,1961871,5219618711272220,,52,1,
1369278,1961873,5219618731272220,,52,1,
1369278,1984321,5219843211272220,,52,1,
1369278,1984324,5219843241272220,,52,1,
1369278,1961871,5319618711272220,,53,1,
1369278,1961873,5319618731272220,,53,1,
1369278,1984321,5319843211272220,,53,1,
1369278,1984324,5319843241272220,,53,1,
1369278,1984321,5419843211272220,,54,1,
1369278,1984324,5419843241272220,,54,1,
1369278,1984321,5519843211272220,,55,1,
1369278,1984324,5519843241272220,,55,1,
1369278,1961871,619618711272220,,6,1,
1369278,1961872,619618721272220,,6,1,
1369278,1961873,619618731272220,,6,1,
1369278,1984321,619843211272220,,6,1,
1369278,1984322,619843221272220,,6,1,
1369278,1984323,619843231272220,,6,1,
1369278,1984324,619843241272220,,6,1,
1369278,1961871,719618711272220,,7,1,
1369278,1961873,719618731272220,,7,1,
1369278,1984321,719843211272220,,7,1,
1369278,1984322,719843221272220,,7,1,
1369278,1984324,719843241272220,,7,1,
1369278,1961871,819618711272220,,8,1,
1369278,1961873,819618731272220,,8,1,
1369278,1984321,819843211272220,,8,1,
1369278,1984322,819843221272220,,8,1,
1369278,1984324,819843241272220,,8,1,
1369278,1961871,919618711272220,,9,1,
1369278,1961873,919618731272220,,9,1,
1369278,1984321,919843211272220,,9,1,
1369278,1984322,919843221272220,,9,1,
1369278,1984324,919843241272220,,9,1,
