route_id,service_id,trip_id,trip_headsign,trip_short_name,direction_id,shape_id
1176202,2002024,1020020240963998,,10,1,
1176202,2002024,1120020240963998,,11,1,
1176202,1936888,119368880963998,,1,1,
1176202,2002023,120020230963998,,1,1,
1176202,2002024,120020240963998,,1,1,
1176202,2002025,120020250963998,,1,1,
1176202,2002026,120020260963998,,1,1,
1176202,1936888,219368880963998,,2,1,
1176202,2002023,220020230963998,,2,1,
1176202,2002024,220020240963998,,2,1,
1176202,2002025,220020250963998,,2,1,
1176202,2002026,220020260963998,,2,1,
1176202,1936888,319368880963998,,3,1,
1176202,2002023,320020230963998,,3,1,
1176202,2002024,320020240963998,,3,1,
1176202,2002025,320020250963998,,3,1,
1176202,2002026,320020260963998,,3,1,
1176202,1936888,419368880963998,,4,1,
1176202,2002023,420020230963998,,4,1,
1176202,2002024,420020240963998,,4,1,
1176202,2002025,420020250963998,,4,1,
1176202,2002026,420020260963998,,4,1,
1176202,1936888,519368880963998,,5,1,
1176202,2002023,520020230963998,,5,1,
1176202,2002024,520020240963998,,5,1,
1176202,2002025,520020250963998,,5,1,
1176202,2002026,520020260963998,,5,1,
1176202,1936888,619368880963998,,6,1,
1176202,2002023,620020230963998,,6,1,
1176202,2002024,620020240963998,,6,1,
1176202,2002025,620020250963998,,6,1,
1176202,2002026,620020260963998,,6,1,
1176202,1936888,719368880963998,,7,1,
1176202,2002023,720020230963998,,7,1,
1176202,2002024,720020240963998,,7,1,
1176202,2002026,720020260963998,,7,1,
1176202,1936888,819368880963998,,8,1,
1176202,2002024,820020240963998,,8,1,
1176202,2002026,820020260963998,,8,1,
1176202,2002024,920020240963998,,9,1,
1176202,2002026,920020260963998,,9,1,
1176202,1936888,119368880963999,,1,1,
1176202,2002023,120020230963999,,1,1,
1176202,2002024,120020240963999,,1,1,
1176202,2002025,120020250963999,,1,1,
1176202,2002026,120020260963999,,1,1,
1176202,1936888,219368880963999,,2,1,
1176202,2002023,220020230963999,,2,1,
1176202,2002024,220020240963999,,2,1,
1176202,2002025,220020250963999,,2,1,
1176202,2002026,220020260963999,,2,1,
1176202,1936888,319368880963999,,3,1,
1176202,2002024,320020240963999,,3,1,
1176202,2002025,320020250963999,,3,1,
1176202,2002026,320020260963999,,3,1,
1176202,1936888,419368880963999,,4,1,
1176202,2002024,420020240963999,,4,1,
1176202,2002025,420020250963999,,4,1,
1176202,2002026,420020260963999,,4,1,
1176202,2002024,520020240963999,,5,1,
1176202,2002025,520020250963999,,5,1,
1176202,2002025,620020250963999,,6,1,
1176202,2002025,720020250963999,,7,1,
1241582,2002020,1020020201240839,,10,1,
1241582,2002021,1020020211240839,,10,1,
1241582,2002020,1120020201240839,,11,1,
1241582,2002021,1120020211240839,,11,1,
1241582,1936883,119368831240839,,1,1,
1241582,2002019,120020191240839,,1,1,
1241582,2002020,120020201240839,,1,1,
1241582,2002021,120020211240839,,1,1,
1241582,2002022,120020221240839,,1,1,
1241582,2002020,1220020201240839,,12,1,
1241582,2002021,1220020211240839,,12,1,
1241582,2002020,1320020201240839,,13,1,
1241582,2002021,1320020211240839,,13,1,
1241582,2002020,1420020201240839,,14,1,
1241582,2002021,1420020211240839,,14,1,
1241582,2002020,1520020201240839,,15,1,
1241582,2002021,1520020211240839,,15,1,
1241582,2002020,1620020201240839,,16,1,
1241582,2002021,1620020211240839,,16,1,
1241582,2002020,1720020201240839,,17,1,
1241582,2002021,1720020211240839,,17,1,
1241582,2002020,1820020201240839,,18,1,
1241582,2002021,1820020211240839,,18,1,
1241582,2002020,1920020201240839,,19,1,
1241582,2002021,1920020211240839,,19,1,
1241582,2002020,2020020201240839,,20,1,
1241582,2002021,2020020211240839,,20,1,
1241582,2002020,2120020201240839,,21,1,
1241582,2002021,2120020211240839,,21,1,
1241582,1936883,219368831240839,,2,1,
1241582,2002019,220020191240839,,2,1,
1241582,2002020,220020201240839,,2,1,
1241582,2002021,220020211240839,,2,1,
1241582,2002022,220020221240839,,2,1,
1241582,2002020,2220020201240839,,22,1,
1241582,2002021,2220020211240839,,22,1,
1241582,2002020,2320020201240839,,23,1,
1241582,2002021,2320020211240839,,23,1,
1241582,2002020,2420020201240839,,24,1,
1241582,2002021,2420020211240839,,24,1,
1241582,2002020,2520020201240839,,25,1,
1241582,2002021,2520020211240839,,25,1,
1241582,1936883,319368831240839,,3,1,
1241582,2002020,320020201240839,,3,1,
1241582,2002021,320020211240839,,3,1,
1241582,2002022,320020221240839,,3,1,
1241582,1936883,419368831240839,,4,1,
1241582,2002020,420020201240839,,4,1,
1241582,2002021,420020211240839,,4,1,
1241582,2002022,420020221240839,,4,1,
1241582,1936883,519368831240839,,5,1,
1241582,2002020,520020201240839,,5,1,
1241582,2002021,520020211240839,,5,1,
1241582,2002022,520020221240839,,5,1,
1241582,1936883,619368831240839,,6,1,
1241582,2002020,620020201240839,,6,1,
1241582,2002021,620020211240839,,6,1,
1241582,2002022,620020221240839,,6,1,
1241582,1936883,719368831240839,,7,1,
1241582,2002020,720020201240839,,7,1,
1241582,2002021,720020211240839,,7,1,
1241582,2002022,720020221240839,,7,1,
1241582,1936883,819368831240839,,8,1,
1241582,2002020,820020201240839,,8,1,
1241582,2002021,820020211240839,,8,1,
1241582,2002022,820020221240839,,8,1,
1241582,1936883,919368831240839,,9,1,
1241582,2002020,920020201240839,,9,1,
1241582,2002021,920020211240839,,9,1,
1241582,2002022,920020221240839,,9,1,
1368832,1936878,1019368780939843,,10,0,
1368832,2002015,1020020150939843,,10,0,
1368832,2002016,1020020160939843,,10,0,
1368832,2002017,1020020170939843,,10,0,
1368832,2002018,1020020180939843,,10,0,
1368832,1936878,1119368780939843,,11,0,
1368832,2002015,1120020150939843,,11,0,
1368832,2002016,1120020160939843,,11,0,
1368832,2002017,1120020170939843,,11,0,
1368832,2002018,1120020180939843,,11,0,
1368832,1936878,119368780939843,,1,0,
1368832,2002015,120020150939843,,1,0,
1368832,2002016,120020160939843,,1,0,
1368832,2002017,120020170939843,,1,0,
1368832,2002018,120020180939843,,1,0,
1368832,1936878,1219368780939843,,12,0,
1368832,2002015,1220020150939843,,12,0,
1368832,2002016,1220020160939843,,12,0,
1368832,2002017,1220020170939843,,12,0,
1368832,2002018,1220020180939843,,12,0,
1368832,1936878,1319368780939843,,13,0,
1368832,2002015,1320020150939843,,13,0,
1368832,2002016,1320020160939843,,13,0,
1368832,2002017,1320020170939843,,13,0,
1368832,2002018,1320020180939843,,13,0,
1368832,1936878,1419368780939843,,14,0,
1368832,2002015,1420020150939843,,14,0,
1368832,2002016,1420020160939843,,14,0,
1368832,2002017,1420020170939843,,14,0,
1368832,2002018,1420020180939843,,14,0,
1368832,1936878,1519368780939843,,15,0,
1368832,2002015,1520020150939843,,15,0,
1368832,2002016,1520020160939843,,15,0,
1368832,2002017,1520020170939843,,15,0,
1368832,2002018,1520020180939843,,15,0,
1368832,1936878,1619368780939843,,16,0,
1368832,2002015,1620020150939843,,16,0,
1368832,2002016,1620020160939843,,16,0,
1368832,2002017,1620020170939843,,16,0,
1368832,2002018,1620020180939843,,16,0,
1368832,1936878,1719368780939843,,17,0,
1368832,2002015,1720020150939843,,17,0,
1368832,2002016,1720020160939843,,17,0,
1368832,2002017,1720020170939843,,17,0,
1368832,2002018,1720020180939843,,17,0,
1368832,1936878,1819368780939843,,18,0,
1368832,2002015,1820020150939843,,18,0,
1368832,2002016,1820020160939843,,18,0,
1368832,2002017,1820020170939843,,18,0,
1368832,2002018,1820020180939843,,18,0,
1368832,1936878,1919368780939843,,19,0,
1368832,2002015,1920020150939843,,19,0,
1368832,2002016,1920020160939843,,19,0,
1368832,2002017,1920020170939843,,19,0,
1368832,2002018,1920020180939843,,19,0,
1368832,1936878,2019368780939843,,20,0,
1368832,2002015,2020020150939843,,20,0,
1368832,2002016,2020020160939843,,20,0,
1368832,2002017,2020020170939843,,20,0,
1368832,2002018,2020020180939843,,20,0,
1368832,1936878,2119368780939843,,21,0,
1368832,2002015,2120020150939843,,21,0,
1368832,2002016,2120020160939843,,21,0,
1368832,2002017,2120020170939843,,21,0,
1368832,2002018,2120020180939843,,21,0,
1368832,1936878,219368780939843,,2,0,
1368832,2002015,220020150939843,,2,0,
1368832,2002016,220020160939843,,2,0,
1368832,2002017,220020170939843,,2,0,
1368832,2002018,220020180939843,,2,0,
1368832,1936878,2219368780939843,,22,0,
1368832,2002015,2220020150939843,,22,0,
1368832,2002016,2220020160939843,,22,0,
1368832,2002017,2220020170939843,,22,0,
1368832,2002018,2220020180939843,,22,0,
1368832,1936878,2319368780939843,,23,0,
1368832,2002015,2320020150939843,,23,0,
1368832,2002016,2320020160939843,,23,0,
1368832,2002017,2320020170939843,,23,0,
1368832,2002018,2320020180939843,,23,0,
1368832,1936878,2419368780939843,,24,0,
1368832,2002015,2420020150939843,,24,0,
1368832,2002016,2420020160939843,,24,0,
1368832,2002017,2420020170939843,,24,0,
1368832,2002018,2420020180939843,,24,0,
1368832,1936878,2519368780939843,,25,0,
1368832,2002015,2520020150939843,,25,0,
1368832,2002016,2520020160939843,,25,0,
1368832,2002017,2520020170939843,,25,0,
1368832,2002018,2520020180939843,,25,0,
1368832,1936878,2619368780939843,,26,0,
1368832,2002015,2620020150939843,,26,0,
1368832,2002016,2620020160939843,,26,0,
1368832,2002017,2620020170939843,,26,0,
1368832,2002018,2620020180939843,,26,0,
1368832,1936878,2719368780939843,,27,0,
1368832,2002015,2720020150939843,,27,0,
1368832,2002016,2720020160939843,,27,0,
1368832,2002017,2720020170939843,,27,0,
1368832,2002018,2720020180939843,,27,0,
1368832,1936878,2819368780939843,,28,0,
1368832,2002015,2820020150939843,,28,0,
1368832,2002016,2820020160939843,,28,0,
1368832,2002017,2820020170939843,,28,0,
1368832,2002018,2820020180939843,,28,0,
1368832,1936878,2919368780939843,,29,0,
1368832,2002015,2920020150939843,,29,0,
1368832,2002016,2920020160939843,,29,0,
1368832,2002017,2920020170939843,,29,0,
1368832,2002018,2920020180939843,,29,0,
1368832,1936878,3019368780939843,,30,0,
1368832,2002015,3020020150939843,,30,0,
1368832,2002016,3020020160939843,,30,0,
1368832,2002017,3020020170939843,,30,0,
1368832,2002018,3020020180939843,,30,0,
1368832,1936878,3119368780939843,,31,0,
1368832,2002016,3120020160939843,,31,0,
1368832,2002017,3120020170939843,,31,0,
1368832,2002018,3120020180939843,,31,0,
1368832,1936878,319368780939843,,3,0,
1368832,2002015,320020150939843,,3,0,
1368832,2002016,320020160939843,,3,0,
1368832,2002017,320020170939843,,3,0,
1368832,2002018,320020180939843,,3,0,
1368832,1936878,3219368780939843,,32,0,
1368832,2002016,3220020160939843,,32,0,
1368832,2002017,3220020170939843,,32,0,
1368832,2002018,3220020180939843,,32,0,
1368832,1936878,3319368780939843,,33,0,
1368832,2002016,3320020160939843,,33,0,
1368832,2002017,3320020170939843,,33,0,
1368832,2002018,3320020180939843,,33,0,
1368832,1936878,3419368780939843,,34,0,
1368832,2002016,3420020160939843,,34,0,
1368832,2002017,3420020170939843,,34,0,
1368832,2002018,3420020180939843,,34,0,
1368832,1936878,3519368780939843,,35,0,
1368832,2002016,3520020160939843,,35,0,
1368832,2002017,3520020170939843,,35,0,
1368832,2002018,3520020180939843,,35,0,
1368832,1936878,3619368780939843,,36,0,
1368832,2002016,3620020160939843,,36,0,
1368832,2002017,3620020170939843,,36,0,
1368832,2002018,3620020180939843,,36,0,
1368832,1936878,3719368780939843,,37,0,
1368832,2002016,3720020160939843,,37,0,
1368832,2002017,3720020170939843,,37,0,
1368832,2002018,3720020180939843,,37,0,
1368832,1936878,3819368780939843,,38,0,
1368832,2002016,3820020160939843,,38,0,
1368832,2002017,3820020170939843,,38,0,
1368832,2002018,3820020180939843,,38,0,
1368832,1936878,3919368780939843,,39,0,
1368832,2002016,3920020160939843,,39,0,
1368832,2002017,3920020170939843,,39,0,
1368832,2002018,3920020180939843,,39,0,
1368832,1936878,4019368780939843,,40,0,
1368832,2002016,4020020160939843,,40,0,
1368832,2002017,4020020170939843,,40,0,
1368832,2002018,4020020180939843,,40,0,
1368832,1936878,4119368780939843,,41,0,
1368832,2002016,4120020160939843,,41,0,
1368832,2002017,4120020170939843,,41,0,
1368832,2002018,4120020180939843,,41,0,
1368832,1936878,419368780939843,,4,0,
1368832,2002015,420020150939843,,4,0,
1368832,2002016,420020160939843,,4,0,
1368832,2002017,420020170939843,,4,0,
1368832,2002018,420020180939843,,4,0,
1368832,1936878,4219368780939843,,42,0,
1368832,2002016,4220020160939843,,42,0,
1368832,2002017,4220020170939843,,42,0,
1368832,2002018,4220020180939843,,42,0,
1368832,1936878,4319368780939843,,43,0,
1368832,2002016,4320020160939843,,43,0,
1368832,2002017,4320020170939843,,43,0,
1368832,2002018,4320020180939843,,43,0,
1368832,1936878,4419368780939843,,44,0,
1368832,2002016,4420020160939843,,44,0,
1368832,2002017,4420020170939843,,44,0,
1368832,2002018,4420020180939843,,44,0,
1368832,2002016,4520020160939843,,45,0,
1368832,2002018,4520020180939843,,45,0,
1368832,2002016,4620020160939843,,46,0,
1368832,2002018,4620020180939843,,46,0,
1368832,2002016,4720020160939843,,47,0,
1368832,2002018,4720020180939843,,47,0,
1368832,2002016,4820020160939843,,48,0,
1368832,2002016,4920020160939843,,49,0,
1368832,2002016,5020020160939843,,50,0,
1368832,1936878,519368780939843,,5,0,
1368832,2002015,520020150939843,,5,0,
1368832,2002016,520020160939843,,5,0,
1368832,2002017,520020170939843,,5,0,
1368832,2002018,520020180939843,,5,0,
1368832,1936878,619368780939843,,6,0,
1368832,2002015,620020150939843,,6,0,
1368832,2002016,620020160939843,,6,0,
1368832,2002017,620020170939843,,6,0,
1368832,2002018,620020180939843,,6,0,
1368832,1936878,719368780939843,,7,0,
1368832,2002015,720020150939843,,7,0,
1368832,2002016,720020160939843,,7,0,
1368832,2002017,720020170939843,,7,0,
1368832,2002018,720020180939843,,7,0,
1368832,1936878,819368780939843,,8,0,
1368832,2002015,820020150939843,,8,0,
1368832,2002016,820020160939843,,8,0,
1368832,2002017,820020170939843,,8,0,
1368832,2002018,820020180939843,,8,0,
1368832,1936878,919368780939843,,9,0,
1368832,2002015,920020150939843,,9,0,
1368832,2002016,920020160939843,,9,0,
1368832,2002017,920020170939843,,9,0,
1368832,2002018,920020180939843,,9,0,
1368832,1936878,119368780939844,,1,0,
1368832,2002015,120020150939844,,1,0,
1368832,2002016,120020160939844,,1,0,
1368832,2002017,120020170939844,,1,0,
1368832,2002018,120020180939844,,1,0,
1368832,2002016,220020160939844,,2,0,
1368832,2002017,220020170939844,,2,0,
1368833,1936878,1019368781034263,,10,1,
1368833,2002015,1020020151034263,,10,1,
1368833,2002016,1020020161034263,,10,1,
1368833,2002017,1020020171034263,,10,1,
1368833,2002018,1020020181034263,,10,1,
1368833,1936878,1119368781034263,,11,1,
1368833,2002015,1120020151034263,,11,1,
1368833,2002016,1120020161034263,,11,1,
1368833,2002017,1120020171034263,,11,1,
1368833,2002018,1120020181034263,,11,1,
1368833,1936878,119368781034263,,1,1,
1368833,2002015,120020151034263,,1,1,
1368833,2002016,120020161034263,,1,1,
1368833,2002017,120020171034263,,1,1,
1368833,2002018,120020181034263,,1,1,
1368833,1936878,1219368781034263,,12,1,
1368833,2002015,1220020151034263,,12,1,
1368833,2002016,1220020161034263,,12,1,
1368833,2002017,1220020171034263,,12,1,
1368833,2002018,1220020181034263,,12,1,
1368833,1936878,1319368781034263,,13,1,
1368833,2002015,1320020151034263,,13,1,
1368833,2002016,1320020161034263,,13,1,
1368833,2002017,1320020171034263,,13,1,
1368833,2002018,1320020181034263,,13,1,
1368833,1936878,1419368781034263,,14,1,
1368833,2002015,1420020151034263,,14,1,
1368833,2002016,1420020161034263,,14,1,
1368833,2002017,1420020171034263,,14,1,
1368833,2002018,1420020181034263,,14,1,
1368833,1936878,1519368781034263,,15,1,
1368833,2002015,1520020151034263,,15,1,
1368833,2002016,1520020161034263,,15,1,
1368833,2002017,1520020171034263,,15,1,
1368833,2002018,1520020181034263,,15,1,
1368833,1936878,1619368781034263,,16,1,
1368833,2002015,1620020151034263,,16,1,
1368833,2002016,1620020161034263,,16,1,
1368833,2002017,1620020171034263,,16,1,
1368833,2002018,1620020181034263,,16,1,
1368833,1936878,1719368781034263,,17,1,
1368833,2002015,1720020151034263,,17,1,
1368833,2002016,1720020161034263,,17,1,
1368833,2002017,1720020171034263,,17,1,
1368833,2002018,1720020181034263,,17,1,
1368833,1936878,1819368781034263,,18,1,
1368833,2002015,1820020151034263,,18,1,
1368833,2002016,1820020161034263,,18,1,
1368833,2002017,1820020171034263,,18,1,
1368833,2002018,1820020181034263,,18,1,
1368833,1936878,1919368781034263,,19,1,
1368833,2002015,1920020151034263,,19,1,
1368833,2002016,1920020161034263,,19,1,
1368833,2002017,1920020171034263,,19,1,
1368833,2002018,1920020181034263,,19,1,
1368833,1936878,2019368781034263,,20,1,
1368833,2002015,2020020151034263,,20,1,
1368833,2002016,2020020161034263,,20,1,
1368833,2002017,2020020171034263,,20,1,
1368833,2002018,2020020181034263,,20,1,
1368833,1936878,2119368781034263,,21,1,
1368833,2002015,2120020151034263,,21,1,
1368833,2002016,2120020161034263,,21,1,
1368833,2002017,2120020171034263,,21,1,
1368833,2002018,2120020181034263,,21,1,
1368833,1936878,219368781034263,,2,1,
1368833,2002015,220020151034263,,2,1,
1368833,2002016,220020161034263,,2,1,
1368833,2002017,220020171034263,,2,1,
1368833,2002018,220020181034263,,2,1,
1368833,1936878,2219368781034263,,22,1,
1368833,2002015,2220020151034263,,22,1,
1368833,2002016,2220020161034263,,22,1,
1368833,2002017,2220020171034263,,22,1,
1368833,2002018,2220020181034263,,22,1,
1368833,1936878,2319368781034263,,23,1,
1368833,2002015,2320020151034263,,23,1,
1368833,2002016,2320020161034263,,23,1,
1368833,2002017,2320020171034263,,23,1,
1368833,2002018,2320020181034263,,23,1,
1368833,1936878,2419368781034263,,24,1,
1368833,2002015,2420020151034263,,24,1,
1368833,2002016,2420020161034263,,24,1,
1368833,2002017,2420020171034263,,24,1,
1368833,2002018,2420020181034263,,24,1,
1368833,1936878,2519368781034263,,25,1,
1368833,2002016,2520020161034263,,25,1,
1368833,2002017,2520020171034263,,25,1,
1368833,2002018,2520020181034263,,25,1,
1368833,1936878,2619368781034263,,26,1,
1368833,2002016,2620020161034263,,26,1,
1368833,2002017,2620020171034263,,26,1,
1368833,2002018,2620020181034263,,26,1,
1368833,1936878,2719368781034263,,27,1,
1368833,2002016,2720020161034263,,27,1,
1368833,2002017,2720020171034263,,27,1,
1368833,2002018,2720020181034263,,27,1,
1368833,1936878,2819368781034263,,28,1,
1368833,2002016,2820020161034263,,28,1,
1368833,2002017,2820020171034263,,28,1,
1368833,2002018,2820020181034263,,28,1,
1368833,1936878,2919368781034263,,29,1,
1368833,2002016,2920020161034263,,29,1,
1368833,2002017,2920020171034263,,29,1,
1368833,2002018,2920020181034263,,29,1,
1368833,1936878,3019368781034263,,30,1,
1368833,2002016,3020020161034263,,30,1,
1368833,2002017,3020020171034263,,30,1,
1368833,2002018,3020020181034263,,30,1,
1368833,1936878,3119368781034263,,31,1,
1368833,2002016,3120020161034263,,31,1,
1368833,2002017,3120020171034263,,31,1,
1368833,2002018,3120020181034263,,31,1,
1368833,1936878,319368781034263,,3,1,
1368833,2002015,320020151034263,,3,1,
1368833,2002016,320020161034263,,3,1,
1368833,2002017,320020171034263,,3,1,
1368833,2002018,320020181034263,,3,1,
1368833,1936878,3219368781034263,,32,1,
1368833,2002016,3220020161034263,,32,1,
1368833,2002017,3220020171034263,,32,1,
1368833,2002018,3220020181034263,,32,1,
1368833,1936878,3319368781034263,,33,1,
1368833,2002016,3320020161034263,,33,1,
1368833,2002017,3320020171034263,,33,1,
1368833,2002018,3320020181034263,,33,1,
1368833,1936878,3419368781034263,,34,1,
1368833,2002016,3420020161034263,,34,1,
1368833,2002017,3420020171034263,,34,1,
1368833,2002018,3420020181034263,,34,1,
1368833,1936878,3519368781034263,,35,1,
1368833,2002016,3520020161034263,,35,1,
1368833,2002017,3520020171034263,,35,1,
1368833,2002018,3520020181034263,,35,1,
1368833,1936878,3619368781034263,,36,1,
1368833,2002016,3620020161034263,,36,1,
1368833,2002017,3620020171034263,,36,1,
1368833,2002018,3620020181034263,,36,1,
1368833,1936878,3719368781034263,,37,1,
1368833,2002016,3720020161034263,,37,1,
1368833,2002017,3720020171034263,,37,1,
1368833,2002018,3720020181034263,,37,1,
1368833,2002016,3820020161034263,,38,1,
1368833,2002017,3820020171034263,,38,1,
1368833,2002018,3820020181034263,,38,1,
1368833,2002016,3920020161034263,,39,1,
1368833,2002017,3920020171034263,,39,1,
1368833,2002018,3920020181034263,,39,1,
1368833,2002016,4020020161034263,,40,1,
1368833,2002017,4020020171034263,,40,1,
1368833,2002016,4120020161034263,,41,1,
1368833,1936878,419368781034263,,4,1,
1368833,2002015,420020151034263,,4,1,
1368833,2002016,420020161034263,,4,1,
1368833,2002017,420020171034263,,4,1,
1368833,2002018,420020181034263,,4,1,
1368833,1936878,519368781034263,,5,1,
1368833,2002015,520020151034263,,5,1,
1368833,2002016,520020161034263,,5,1,
1368833,2002017,520020171034263,,5,1,
1368833,2002018,520020181034263,,5,1,
1368833,1936878,619368781034263,,6,1,
1368833,2002015,620020151034263,,6,1,
1368833,2002016,620020161034263,,6,1,
1368833,2002017,620020171034263,,6,1,
1368833,2002018,620020181034263,,6,1,
1368833,1936878,719368781034263,,7,1,
1368833,2002015,720020151034263,,7,1,
1368833,2002016,720020161034263,,7,1,
1368833,2002017,720020171034263,,7,1,
1368833,2002018,720020181034263,,7,1,
1368833,1936878,819368781034263,,8,1,
1368833,2002015,820020151034263,,8,1,
1368833,2002016,820020161034263,,8,1,
1368833,2002017,820020171034263,,8,1,
1368833,2002018,820020181034263,,8,1,
1368833,1936878,919368781034263,,9,1,
1368833,2002015,920020151034263,,9,1,
1368833,2002016,920020161034263,,9,1,
1368833,2002017,920020171034263,,9,1,
1368833,2002018,920020181034263,,9,1,
1368833,2002016,1020020160939845,,10,1,
1368833,2002017,1020020170939845,,10,1,
1368833,2002016,1120020160939845,,11,1,
1368833,2002017,1120020170939845,,11,1,
1368833,1936878,119368780939845,,1,1,
1368833,2002016,120020160939845,,1,1,
1368833,2002017,120020170939845,,1,1,
1368833,2002018,120020180939845,,1,1,
1368833,2002016,1220020160939845,,12,1,
1368833,2002017,1220020170939845,,12,1,
1368833,2002016,1320020160939845,,13,1,
1368833,2002017,1320020170939845,,13,1,
1368833,2002016,1420020160939845,,14,1,
1368833,2002017,1420020170939845,,14,1,
1368833,2002016,1520020160939845,,15,1,
1368833,2002017,1520020170939845,,15,1,
1368833,2002016,1620020160939845,,16,1,
1368833,2002017,1620020170939845,,16,1,
1368833,2002016,1720020160939845,,17,1,
1368833,2002017,1720020170939845,,17,1,
1368833,2002016,1820020160939845,,18,1,
1368833,2002017,1820020170939845,,18,1,
1368833,2002016,1920020160939845,,19,1,
1368833,2002016,2020020160939845,,20,1,
1368833,1936878,219368780939845,,2,1,
1368833,2002016,220020160939845,,2,1,
1368833,2002017,220020170939845,,2,1,
1368833,2002018,220020180939845,,2,1,
1368833,1936878,319368780939845,,3,1,
1368833,2002016,320020160939845,,3,1,
1368833,2002017,320020170939845,,3,1,
1368833,2002018,320020180939845,,3,1,
1368833,1936878,419368780939845,,4,1,
1368833,2002016,420020160939845,,4,1,
1368833,2002017,420020170939845,,4,1,
1368833,2002018,420020180939845,,4,1,
1368833,1936878,519368780939845,,5,1,
1368833,2002016,520020160939845,,5,1,
1368833,2002017,520020170939845,,5,1,
1368833,2002018,520020180939845,,5,1,
1368833,2002016,620020160939845,,6,1,
1368833,2002017,620020170939845,,6,1,
1368833,2002016,720020160939845,,7,1,
1368833,2002017,720020170939845,,7,1,
1368833,2002016,820020160939845,,8,1,
1368833,2002017,820020170939845,,8,1,
1368833,2002016,920020160939845,,9,1,
1368833,2002017,920020170939845,,9,1,
