route_id,service_id,trip_id,trip_headsign,trip_short_name,direction_id,shape_id
1368814,1878341,10018783410883691,,100,0,
1368814,1878343,10018783430883691,,100,0,
1368814,1878363,10018783630883691,,100,0,
1368814,1878364,10018783640883691,,100,0,
1368814,1878365,10018783650883691,,100,0,
1368814,1878341,10118783410883691,,101,0,
1368814,1878343,10118783430883691,,101,0,
1368814,1878363,10118783630883691,,101,0,
1368814,1878364,10118783640883691,,101,0,
1368814,1878365,10118783650883691,,101,0,
1368814,1878341,1018783410883691,,10,0,
1368814,1878343,1018783430883691,,10,0,
1368814,1878363,1018783630883691,,10,0,
1368814,1878364,1018783640883691,,10,0,
1368814,1878365,1018783650883691,,10,0,
1368814,1878341,10218783410883691,,102,0,
1368814,1878343,10218783430883691,,102,0,
1368814,1878363,10218783630883691,,102,0,
1368814,1878364,10218783640883691,,102,0,
1368814,1878365,10218783650883691,,102,0,
1368814,1878341,10318783410883691,,103,0,
1368814,1878343,10318783430883691,,103,0,
1368814,1878363,10318783630883691,,103,0,
1368814,1878364,10318783640883691,,103,0,
1368814,1878365,10318783650883691,,103,0,
1368814,1878341,10418783410883691,,104,0,
1368814,1878343,10418783430883691,,104,0,
1368814,1878363,10418783630883691,,104,0,
1368814,1878364,10418783640883691,,104,0,
1368814,1878365,10418783650883691,,104,0,
1368814,1878341,10518783410883691,,105,0,
1368814,1878343,10518783430883691,,105,0,
1368814,1878363,10518783630883691,,105,0,
1368814,1878364,10518783640883691,,105,0,
1368814,1878365,10518783650883691,,105,0,
1368814,11878341,10618783410883691,,106,0,
1368814,1878343,10618783430883691,,106,0,
1368814,1878363,10618783630883691,,106,0,
1368814,1878364,10618783640883691,,106,0,
1368814,1878365,10618783650883691,,106,0,
1368814,11878341,10718783410883691,,107,0,
1368814,1878343,10718783430883691,,107,0,
1368814,1878363,10718783630883691,,107,0,
1368814,1878364,10718783640883691,,107,0,
1368814,1878365,10718783650883691,,107,0,
1368814,11878341,10818783410883691,,108,0,
1368814,1878343,10818783430883691,,108,0,
1368814,1878363,10818783630883691,,108,0,
1368814,1878364,10818783640883691,,108,0,
1368814,1878365,10818783650883691,,108,0,
1368814,1878343,10918783430883691,,109,0,
1368814,1878363,10918783630883691,,109,0,
1368814,1878364,10918783640883691,,109,0,
1368814,1878365,10918783650883691,,109,0,
1368814,1878343,11018783430883691,,110,0,
1368814,1878363,11018783630883691,,110,0,
1368814,1878364,11018783640883691,,110,0,
1368814,1878365,11018783650883691,,110,0,
1368814,1878343,11118783430883691,,111,0,
1368814,1878363,11118783630883691,,111,0,
1368814,1878364,11118783640883691,,111,0,
1368814,1878365,11118783650883691,,111,0,
1368814,1878341,1118783410883691,,11,0,
1368814,1878343,1118783430883691,,11,0,
1368814,1878363,1118783630883691,,11,0,
1368814,1878364,1118783640883691,,11,0,
1368814,1878365,1118783650883691,,11,0,
1368814,1878343,11218783430883691,,112,0,
1368814,1878363,11218783630883691,,112,0,
1368814,1878364,11218783640883691,,112,0,
1368814,1878365,11218783650883691,,112,0,
1368814,1878343,11318783430883691,,113,0,
1368814,1878363,11318783630883691,,113,0,
1368814,1878364,11318783640883691,,113,0,
1368814,1878365,11318783650883691,,113,0,
1368814,1878343,11418783430883691,,114,0,
1368814,1878363,11418783630883691,,114,0,
1368814,1878364,11418783640883691,,114,0,
1368814,1878365,11418783650883691,,114,0,
1368814,1878343,11518783430883691,,115,0,
1368814,1878363,11518783630883691,,115,0,
1368814,1878364,11518783640883691,,115,0,
1368814,1878365,11518783650883691,,115,0,
1368814,1878343,11618783430883691,,116,0,
1368814,1878363,11618783630883691,,116,0,
1368814,1878364,11618783640883691,,116,0,
1368814,1878365,11618783650883691,,116,0,
1368814,1878343,11718783430883691,,117,0,
1368814,1878363,11718783630883691,,117,0,
1368814,1878364,11718783640883691,,117,0,
1368814,1878365,11718783650883691,,117,0,
1368814,1878343,11818783430883691,,118,0,
1368814,1878363,11818783630883691,,118,0,
1368814,1878364,11818783640883691,,118,0,
1368814,1878365,11818783650883691,,118,0,
1368814,1878341,118783410883691,,1,0,
1368814,1878343,118783430883691,,1,0,
1368814,1878363,118783630883691,,1,0,
1368814,1878364,118783640883691,,1,0,
1368814,1878365,118783650883691,,1,0,
1368814,1878343,11918783430883691,,119,0,
1368814,1878363,11918783630883691,,119,0,
1368814,1878364,11918783640883691,,119,0,
1368814,1878365,11918783650883691,,119,0,
1368814,1878343,12018783430883691,,120,0,
1368814,1878363,12018783630883691,,120,0,
1368814,1878364,12018783640883691,,120,0,
1368814,1878365,12018783650883691,,120,0,
1368814,1878343,12118783430883691,,121,0,
1368814,1878363,12118783630883691,,121,0,
1368814,1878364,12118783640883691,,121,0,
1368814,1878365,12118783650883691,,121,0,
1368814,1878341,1218783410883691,,12,0,
1368814,1878343,1218783430883691,,12,0,
1368814,1878363,1218783630883691,,12,0,
1368814,1878364,1218783640883691,,12,0,
1368814,1878365,1218783650883691,,12,0,
1368814,1878343,12218783430883691,,122,0,
1368814,1878363,12218783630883691,,122,0,
1368814,1878364,12218783640883691,,122,0,
1368814,1878365,12218783650883691,,122,0,
1368814,1878343,12318783430883691,,123,0,
1368814,1878363,12318783630883691,,123,0,
1368814,1878364,12318783640883691,,123,0,
1368814,1878365,12318783650883691,,123,0,
1368814,1878343,12418783430883691,,124,0,
1368814,1878363,12418783630883691,,124,0,
1368814,1878364,12418783640883691,,124,0,
1368814,1878365,12418783650883691,,124,0,
1368814,1878343,12518783430883691,,125,0,
1368814,1878363,12518783630883691,,125,0,
1368814,1878364,12518783640883691,,125,0,
1368814,1878365,12518783650883691,,125,0,
1368814,1878343,12618783430883691,,126,0,
1368814,1878363,12618783630883691,,126,0,
1368814,1878364,12618783640883691,,126,0,
1368814,1878365,12618783650883691,,126,0,
1368814,1878343,12718783430883691,,127,0,
1368814,1878363,12718783630883691,,127,0,
1368814,1878364,12718783640883691,,127,0,
1368814,1878365,12718783650883691,,127,0,
1368814,1878343,12818783430883691,,128,0,
1368814,1878363,12818783630883691,,128,0,
1368814,1878364,12818783640883691,,128,0,
1368814,1878365,12818783650883691,,128,0,
1368814,1878343,12918783430883691,,129,0,
1368814,1878363,12918783630883691,,129,0,
1368814,1878364,12918783640883691,,129,0,
1368814,1878365,12918783650883691,,129,0,
1368814,1878343,13018783430883691,,130,0,
1368814,1878363,13018783630883691,,130,0,
1368814,1878364,13018783640883691,,130,0,
1368814,1878365,13018783650883691,,130,0,
1368814,1878343,13118783430883691,,131,0,
1368814,1878363,13118783630883691,,131,0,
1368814,1878364,13118783640883691,,131,0,
1368814,1878365,13118783650883691,,131,0,
1368814,1878341,1318783410883691,,13,0,
1368814,1878343,1318783430883691,,13,0,
1368814,1878363,1318783630883691,,13,0,
1368814,1878364,1318783640883691,,13,0,
1368814,1878365,1318783650883691,,13,0,
1368814,1878343,13218783430883691,,132,0,
1368814,1878363,13218783630883691,,132,0,
1368814,1878364,13218783640883691,,132,0,
1368814,1878365,13218783650883691,,132,0,
1368814,1878343,13318783430883691,,133,0,
1368814,1878363,13318783630883691,,133,0,
1368814,1878364,13318783640883691,,133,0,
1368814,1878365,13318783650883691,,133,0,
1368814,1878343,13418783430883691,,134,0,
1368814,1878363,13418783630883691,,134,0,
1368814,1878364,13418783640883691,,134,0,
1368814,1878365,13418783650883691,,134,0,
1368814,1878343,13518783430883691,,135,0,
1368814,1878363,13518783630883691,,135,0,
1368814,1878364,13518783640883691,,135,0,
1368814,1878365,13518783650883691,,135,0,
1368814,1878343,13618783430883691,,136,0,
1368814,1878363,13618783630883691,,136,0,
1368814,1878364,13618783640883691,,136,0,
1368814,1878365,13618783650883691,,136,0,
1368814,1878343,13718783430883691,,137,0,
1368814,1878363,13718783630883691,,137,0,
1368814,1878364,13718783640883691,,137,0,
1368814,1878365,13718783650883691,,137,0,
1368814,1878343,13818783430883691,,138,0,
1368814,1878363,13818783630883691,,138,0,
1368814,1878364,13818783640883691,,138,0,
1368814,1878365,13818783650883691,,138,0,
1368814,1878343,13918783430883691,,139,0,
1368814,1878363,13918783630883691,,139,0,
1368814,1878364,13918783640883691,,139,0,
1368814,1878365,13918783650883691,,139,0,
1368814,1878343,14018783430883691,,140,0,
1368814,1878363,14018783630883691,,140,0,
1368814,1878364,14018783640883691,,140,0,
1368814,1878365,14018783650883691,,140,0,
1368814,1878343,14118783430883691,,141,0,
1368814,1878363,14118783630883691,,141,0,
1368814,1878364,14118783640883691,,141,0,
1368814,1878365,14118783650883691,,141,0,
1368814,1878341,1418783410883691,,14,0,
1368814,1878343,1418783430883691,,14,0,
1368814,1878363,1418783630883691,,14,0,
1368814,1878364,1418783640883691,,14,0,
1368814,1878365,1418783650883691,,14,0,
1368814,1878343,14218783430883691,,142,0,
1368814,1878363,14218783630883691,,142,0,
1368814,1878364,14218783640883691,,142,0,
1368814,1878365,14218783650883691,,142,0,
1368814,1878343,14318783430883691,,143,0,
1368814,1878363,14318783630883691,,143,0,
1368814,1878364,14318783640883691,,143,0,
1368814,1878365,14318783650883691,,143,0,
1368814,1878343,14418783430883691,,144,0,
1368814,1878363,14418783630883691,,144,0,
1368814,1878364,14418783640883691,,144,0,
1368814,1878365,14418783650883691,,144,0,
1368814,1878343,14518783430883691,,145,0,
1368814,1878363,14518783630883691,,145,0,
1368814,1878364,14518783640883691,,145,0,
1368814,1878365,14518783650883691,,145,0,
1368814,1878343,14618783430883691,,146,0,
1368814,1878363,14618783630883691,,146,0,
1368814,1878364,14618783640883691,,146,0,
1368814,1878365,14618783650883691,,146,0,
1368814,1878343,14718783430883691,,147,0,
1368814,1878363,14718783630883691,,147,0,
1368814,1878364,14718783640883691,,147,0,
1368814,1878365,14718783650883691,,147,0,
1368814,1878343,14818783430883691,,148,0,
1368814,1878363,14818783630883691,,148,0,
1368814,1878364,14818783640883691,,148,0,
1368814,1878365,14818783650883691,,148,0,
1368814,1878343,14918783430883691,,149,0,
1368814,1878363,14918783630883691,,149,0,
1368814,1878364,14918783640883691,,149,0,
1368814,1878365,14918783650883691,,149,0,
1368814,1878343,15018783430883691,,150,0,
1368814,1878363,15018783630883691,,150,0,
1368814,1878364,15018783640883691,,150,0,
1368814,1878365,15018783650883691,,150,0,
1368814,1878343,15118783430883691,,151,0,
1368814,1878363,15118783630883691,,151,0,
1368814,1878364,15118783640883691,,151,0,
1368814,1878365,15118783650883691,,151,0,
1368814,1878341,1518783410883691,,15,0,
1368814,1878343,1518783430883691,,15,0,
1368814,1878363,1518783630883691,,15,0,
1368814,1878364,1518783640883691,,15,0,
1368814,1878365,1518783650883691,,15,0,
1368814,1878343,15218783430883691,,152,0,
1368814,1878363,15218783630883691,,152,0,
1368814,1878364,15218783640883691,,152,0,
1368814,1878365,15218783650883691,,152,0,
1368814,1878343,15318783430883691,,153,0,
1368814,1878363,15318783630883691,,153,0,
1368814,1878364,15318783640883691,,153,0,
1368814,1878365,15318783650883691,,153,0,
1368814,1878343,15418783430883691,,154,0,
1368814,1878363,15418783630883691,,154,0,
1368814,1878364,15418783640883691,,154,0,
1368814,1878365,15418783650883691,,154,0,
1368814,1878343,15518783430883691,,155,0,
1368814,1878363,15518783630883691,,155,0,
1368814,1878364,15518783640883691,,155,0,
1368814,1878365,15518783650883691,,155,0,
1368814,1878343,15618783430883691,,156,0,
1368814,1878363,15618783630883691,,156,0,
1368814,1878364,15618783640883691,,156,0,
1368814,11878365,15618783650883691,,156,0,
1368814,1878343,15718783430883691,,157,0,
1368814,1878363,15718783630883691,,157,0,
1368814,1878364,15718783640883691,,157,0,
1368814,11878365,15718783650883691,,157,0,
1368814,1878343,15818783430883691,,158,0,
1368814,1878363,15818783630883691,,158,0,
1368814,1878364,15818783640883691,,158,0,
1368814,11878365,15818783650883691,,158,0,
1368814,1878343,15918783430883691,,159,0,
1368814,1878363,15918783630883691,,159,0,
1368814,1878364,15918783640883691,,159,0,
1368814,1878343,16018783430883691,,160,0,
1368814,1878363,16018783630883691,,160,0,
1368814,1878364,16018783640883691,,160,0,
1368814,1878343,16118783430883691,,161,0,
1368814,1878363,16118783630883691,,161,0,
1368814,1878364,16118783640883691,,161,0,
1368814,1878341,1618783410883691,,16,0,
1368814,1878343,1618783430883691,,16,0,
1368814,1878363,1618783630883691,,16,0,
1368814,1878364,1618783640883691,,16,0,
1368814,1878365,1618783650883691,,16,0,
1368814,1878343,16218783430883691,,162,0,
1368814,1878363,16218783630883691,,162,0,
1368814,1878364,16218783640883691,,162,0,
1368814,1878343,16318783430883691,,163,0,
1368814,1878363,16318783630883691,,163,0,
1368814,1878364,16318783640883691,,163,0,
1368814,1878343,16418783430883691,,164,0,
1368814,1878363,16418783630883691,,164,0,
1368814,1878364,16418783640883691,,164,0,
1368814,1878343,16518783430883691,,165,0,
1368814,1878363,16518783630883691,,165,0,
1368814,1878364,16518783640883691,,165,0,
1368814,1878343,16618783430883691,,166,0,
1368814,1878363,16618783630883691,,166,0,
1368814,1878364,16618783640883691,,166,0,
1368814,1878343,16718783430883691,,167,0,
1368814,1878363,16718783630883691,,167,0,
1368814,1878364,16718783640883691,,167,0,
1368814,1878343,16818783430883691,,168,0,
1368814,1878363,16818783630883691,,168,0,
1368814,1878364,16818783640883691,,168,0,
1368814,1878343,16918783430883691,,169,0,
1368814,1878363,16918783630883691,,169,0,
1368814,1878364,16918783640883691,,169,0,
1368814,1878343,17018783430883691,,170,0,
1368814,1878363,17018783630883691,,170,0,
1368814,1878364,17018783640883691,,170,0,
1368814,1878343,17118783430883691,,171,0,
1368814,1878363,17118783630883691,,171,0,
1368814,1878364,17118783640883691,,171,0,
1368814,1878341,1718783410883691,,17,0,
1368814,1878343,1718783430883691,,17,0,
1368814,1878363,1718783630883691,,17,0,
1368814,1878364,1718783640883691,,17,0,
1368814,1878365,1718783650883691,,17,0,
1368814,1878343,17218783430883691,,172,0,
1368814,1878363,17218783630883691,,172,0,
1368814,1878364,17218783640883691,,172,0,
1368814,1878343,17318783430883691,,173,0,
1368814,1878363,17318783630883691,,173,0,
1368814,1878364,17318783640883691,,173,0,
1368814,1878343,17418783430883691,,174,0,
1368814,1878363,17418783630883691,,174,0,
1368814,1878364,17418783640883691,,174,0,
1368814,1878343,17518783430883691,,175,0,
1368814,1878363,17518783630883691,,175,0,
1368814,1878364,17518783640883691,,175,0,
1368814,1878343,17618783430883691,,176,0,
1368814,1878363,17618783630883691,,176,0,
1368814,1878364,17618783640883691,,176,0,
1368814,1878343,17718783430883691,,177,0,
1368814,1878363,17718783630883691,,177,0,
1368814,1878364,17718783640883691,,177,0,
1368814,1878343,17818783430883691,,178,0,
1368814,1878363,17818783630883691,,178,0,
1368814,1878364,17818783640883691,,178,0,
1368814,1878343,17918783430883691,,179,0,
1368814,1878363,17918783630883691,,179,0,
1368814,1878364,17918783640883691,,179,0,
1368814,1878343,18018783430883691,,180,0,
1368814,1878363,18018783630883691,,180,0,
1368814,1878364,18018783640883691,,180,0,
1368814,1878343,18118783430883691,,181,0,
1368814,1878363,18118783630883691,,181,0,
1368814,1878364,18118783640883691,,181,0,
1368814,1878341,1818783410883691,,18,0,
1368814,1878343,1818783430883691,,18,0,
1368814,1878363,1818783630883691,,18,0,
1368814,1878364,1818783640883691,,18,0,
1368814,1878365,1818783650883691,,18,0,
1368814,1878343,18218783430883691,,182,0,
1368814,1878363,18218783630883691,,182,0,
1368814,1878364,18218783640883691,,182,0,
1368814,1878343,18318783430883691,,183,0,
1368814,1878363,18318783630883691,,183,0,
1368814,1878364,18318783640883691,,183,0,
1368814,1878343,18418783430883691,,184,0,
1368814,1878363,18418783630883691,,184,0,
1368814,1878364,18418783640883691,,184,0,
1368814,1878343,18518783430883691,,185,0,
1368814,1878363,18518783630883691,,185,0,
1368814,1878364,18518783640883691,,185,0,
1368814,1878343,18618783430883691,,186,0,
1368814,1878363,18618783630883691,,186,0,
1368814,1878364,18618783640883691,,186,0,
1368814,1878343,18718783430883691,,187,0,
1368814,1878363,18718783630883691,,187,0,
1368814,1878364,18718783640883691,,187,0,
1368814,1878343,18818783430883691,,188,0,
1368814,1878363,18818783630883691,,188,0,
1368814,1878364,18818783640883691,,188,0,
1368814,11878343,18918783430883691,,189,0,
1368814,1878363,18918783630883691,,189,0,
1368814,1878364,18918783640883691,,189,0,
1368814,11878343,19018783430883691,,190,0,
1368814,1878363,19018783630883691,,190,0,
1368814,1878364,19018783640883691,,190,0,
1368814,11878343,19118783430883691,,191,0,
1368814,1878363,19118783630883691,,191,0,
1368814,1878364,19118783640883691,,191,0,
1368814,1878341,1918783410883691,,19,0,
1368814,1878343,1918783430883691,,19,0,
1368814,1878363,1918783630883691,,19,0,
1368814,1878364,1918783640883691,,19,0,
1368814,1878365,1918783650883691,,19,0,
1368814,1878363,19218783630883691,,192,0,
1368814,1878364,19218783640883691,,192,0,
1368814,1878363,19318783630883691,,193,0,
1368814,1878364,19318783640883691,,193,0,
1368814,1878363,19418783630883691,,194,0,
1368814,1878364,19418783640883691,,194,0,
1368814,1878363,19518783630883691,,195,0,
1368814,1878364,19518783640883691,,195,0,
1368814,11878363,19618783630883691,,196,0,
1368814,1878364,19618783640883691,,196,0,
1368814,11878363,19718783630883691,,197,0,
1368814,11878364,19718783640883691,,197,0,
1368814,11878363,19818783630883691,,198,0,
1368814,11878364,19818783640883691,,198,0,
1368814,11878364,19918783640883691,,199,0,
1368814,1878341,2018783410883691,,20,0,
1368814,1878343,2018783430883691,,20,0,
1368814,1878363,2018783630883691,,20,0,
1368814,1878364,2018783640883691,,20,0,
1368814,1878365,2018783650883691,,20,0,
1368814,1878341,2118783410883691,,21,0,
1368814,1878343,2118783430883691,,21,0,
1368814,1878363,2118783630883691,,21,0,
1368814,1878364,2118783640883691,,21,0,
1368814,1878365,2118783650883691,,21,0,
1368814,1878341,218783410883691,,2,0,
1368814,1878343,218783430883691,,2,0,
1368814,1878363,218783630883691,,2,0,
1368814,1878364,218783640883691,,2,0,
1368814,1878365,218783650883691,,2,0,
1368814,1878341,2218783410883691,,22,0,
1368814,1878343,2218783430883691,,22,0,
1368814,1878363,2218783630883691,,22,0,
1368814,1878364,2218783640883691,,22,0,
1368814,1878365,2218783650883691,,22,0,
1368814,1878341,2318783410883691,,23,0,
1368814,1878343,2318783430883691,,23,0,
1368814,1878363,2318783630883691,,23,0,
1368814,1878364,2318783640883691,,23,0,
1368814,1878365,2318783650883691,,23,0,
1368814,1878341,2418783410883691,,24,0,
1368814,1878343,2418783430883691,,24,0,
1368814,1878363,2418783630883691,,24,0,
1368814,1878364,2418783640883691,,24,0,
1368814,1878365,2418783650883691,,24,0,
1368814,1878341,2518783410883691,,25,0,
1368814,1878343,2518783430883691,,25,0,
1368814,1878363,2518783630883691,,25,0,
1368814,1878364,2518783640883691,,25,0,
1368814,1878365,2518783650883691,,25,0,
1368814,1878341,2618783410883691,,26,0,
1368814,1878343,2618783430883691,,26,0,
1368814,1878363,2618783630883691,,26,0,
1368814,1878364,2618783640883691,,26,0,
1368814,1878365,2618783650883691,,26,0,
1368814,1878341,2718783410883691,,27,0,
1368814,1878343,2718783430883691,,27,0,
1368814,1878363,2718783630883691,,27,0,
1368814,1878364,2718783640883691,,27,0,
1368814,1878365,2718783650883691,,27,0,
1368814,1878341,2818783410883691,,28,0,
1368814,1878343,2818783430883691,,28,0,
1368814,1878363,2818783630883691,,28,0,
1368814,1878364,2818783640883691,,28,0,
1368814,1878365,2818783650883691,,28,0,
1368814,1878341,2918783410883691,,29,0,
1368814,1878343,2918783430883691,,29,0,
1368814,1878363,2918783630883691,,29,0,
1368814,1878364,2918783640883691,,29,0,
1368814,1878365,2918783650883691,,29,0,
1368814,1878341,3018783410883691,,30,0,
1368814,1878343,3018783430883691,,30,0,
1368814,1878363,3018783630883691,,30,0,
1368814,1878364,3018783640883691,,30,0,
1368814,1878365,3018783650883691,,30,0,
1368814,1878341,3118783410883691,,31,0,
1368814,1878343,3118783430883691,,31,0,
1368814,1878363,3118783630883691,,31,0,
1368814,1878364,3118783640883691,,31,0,
1368814,1878365,3118783650883691,,31,0,
1368814,1878341,318783410883691,,3,0,
1368814,1878343,318783430883691,,3,0,
1368814,1878363,318783630883691,,3,0,
1368814,1878364,318783640883691,,3,0,
1368814,1878365,318783650883691,,3,0,
1368814,1878341,3218783410883691,,32,0,
1368814,1878343,3218783430883691,,32,0,
1368814,1878363,3218783630883691,,32,0,
1368814,1878364,3218783640883691,,32,0,
1368814,1878365,3218783650883691,,32,0,
1368814,1878341,3318783410883691,,33,0,
1368814,1878343,3318783430883691,,33,0,
1368814,1878363,3318783630883691,,33,0,
1368814,1878364,3318783640883691,,33,0,
1368814,1878365,3318783650883691,,33,0,
1368814,1878341,3418783410883691,,34,0,
1368814,1878343,3418783430883691,,34,0,
1368814,1878363,3418783630883691,,34,0,
1368814,1878364,3418783640883691,,34,0,
1368814,1878365,3418783650883691,,34,0,
1368814,1878341,3518783410883691,,35,0,
1368814,1878343,3518783430883691,,35,0,
1368814,1878363,3518783630883691,,35,0,
1368814,1878364,3518783640883691,,35,0,
1368814,1878365,3518783650883691,,35,0,
1368814,1878341,3618783410883691,,36,0,
1368814,1878343,3618783430883691,,36,0,
1368814,1878363,3618783630883691,,36,0,
1368814,1878364,3618783640883691,,36,0,
1368814,1878365,3618783650883691,,36,0,
1368814,1878341,3718783410883691,,37,0,
1368814,1878343,3718783430883691,,37,0,
1368814,1878363,3718783630883691,,37,0,
1368814,1878364,3718783640883691,,37,0,
1368814,1878365,3718783650883691,,37,0,
1368814,1878341,3818783410883691,,38,0,
1368814,1878343,3818783430883691,,38,0,
1368814,1878363,3818783630883691,,38,0,
1368814,1878364,3818783640883691,,38,0,
1368814,1878365,3818783650883691,,38,0,
1368814,1878341,3918783410883691,,39,0,
1368814,1878343,3918783430883691,,39,0,
1368814,1878363,3918783630883691,,39,0,
1368814,1878364,3918783640883691,,39,0,
1368814,1878365,3918783650883691,,39,0,
1368814,1878341,4018783410883691,,40,0,
1368814,1878343,4018783430883691,,40,0,
1368814,1878363,4018783630883691,,40,0,
1368814,1878364,4018783640883691,,40,0,
1368814,1878365,4018783650883691,,40,0,
1368814,1878341,4118783410883691,,41,0,
1368814,1878343,4118783430883691,,41,0,
1368814,1878363,4118783630883691,,41,0,
1368814,1878364,4118783640883691,,41,0,
1368814,1878365,4118783650883691,,41,0,
1368814,1878341,418783410883691,,4,0,
1368814,1878343,418783430883691,,4,0,
1368814,1878363,418783630883691,,4,0,
1368814,1878364,418783640883691,,4,0,
1368814,1878365,418783650883691,,4,0,
1368814,1878341,4218783410883691,,42,0,
1368814,1878343,4218783430883691,,42,0,
1368814,1878363,4218783630883691,,42,0,
1368814,1878364,4218783640883691,,42,0,
1368814,1878365,4218783650883691,,42,0,
1368814,1878341,4318783410883691,,43,0,
1368814,1878343,4318783430883691,,43,0,
1368814,1878363,4318783630883691,,43,0,
1368814,1878364,4318783640883691,,43,0,
1368814,1878365,4318783650883691,,43,0,
1368814,1878341,4418783410883691,,44,0,
1368814,1878343,4418783430883691,,44,0,
1368814,1878363,4418783630883691,,44,0,
1368814,1878364,4418783640883691,,44,0,
1368814,1878365,4418783650883691,,44,0,
1368814,1878341,4518783410883691,,45,0,
1368814,1878343,4518783430883691,,45,0,
1368814,1878363,4518783630883691,,45,0,
1368814,1878364,4518783640883691,,45,0,
1368814,1878365,4518783650883691,,45,0,
1368814,1878341,4618783410883691,,46,0,
1368814,1878343,4618783430883691,,46,0,
1368814,1878363,4618783630883691,,46,0,
1368814,1878364,4618783640883691,,46,0,
1368814,1878365,4618783650883691,,46,0,
1368814,1878341,4718783410883691,,47,0,
1368814,1878343,4718783430883691,,47,0,
1368814,1878363,4718783630883691,,47,0,
1368814,1878364,4718783640883691,,47,0,
1368814,1878365,4718783650883691,,47,0,
1368814,1878341,4818783410883691,,48,0,
1368814,1878343,4818783430883691,,48,0,
1368814,1878363,4818783630883691,,48,0,
1368814,1878364,4818783640883691,,48,0,
1368814,1878365,4818783650883691,,48,0,
1368814,1878341,4918783410883691,,49,0,
1368814,1878343,4918783430883691,,49,0,
1368814,1878363,4918783630883691,,49,0,
1368814,1878364,4918783640883691,,49,0,
1368814,1878365,4918783650883691,,49,0,
1368814,1878341,5018783410883691,,50,0,
1368814,1878343,5018783430883691,,50,0,
1368814,1878363,5018783630883691,,50,0,
1368814,1878364,5018783640883691,,50,0,
1368814,1878365,5018783650883691,,50,0,
1368814,1878341,5118783410883691,,51,0,
1368814,1878343,5118783430883691,,51,0,
1368814,1878363,5118783630883691,,51,0,
1368814,1878364,5118783640883691,,51,0,
1368814,1878365,5118783650883691,,51,0,
1368814,1878341,518783410883691,,5,0,
1368814,1878343,518783430883691,,5,0,
1368814,1878363,518783630883691,,5,0,
1368814,1878364,518783640883691,,5,0,
1368814,1878365,518783650883691,,5,0,
1368814,1878341,5218783410883691,,52,0,
1368814,1878343,5218783430883691,,52,0,
1368814,1878363,5218783630883691,,52,0,
1368814,1878364,5218783640883691,,52,0,
1368814,1878365,5218783650883691,,52,0,
1368814,1878341,5318783410883691,,53,0,
1368814,1878343,5318783430883691,,53,0,
1368814,1878363,5318783630883691,,53,0,
1368814,1878364,5318783640883691,,53,0,
1368814,1878365,5318783650883691,,53,0,
1368814,1878341,5418783410883691,,54,0,
1368814,1878343,5418783430883691,,54,0,
1368814,1878363,5418783630883691,,54,0,
1368814,1878364,5418783640883691,,54,0,
1368814,1878365,5418783650883691,,54,0,
1368814,1878341,5518783410883691,,55,0,
1368814,1878343,5518783430883691,,55,0,
1368814,1878363,5518783630883691,,55,0,
1368814,1878364,5518783640883691,,55,0,
1368814,1878365,5518783650883691,,55,0,
1368814,1878341,5618783410883691,,56,0,
1368814,1878343,5618783430883691,,56,0,
1368814,1878363,5618783630883691,,56,0,
1368814,1878364,5618783640883691,,56,0,
1368814,1878365,5618783650883691,,56,0,
1368814,1878341,5718783410883691,,57,0,
1368814,1878343,5718783430883691,,57,0,
1368814,1878363,5718783630883691,,57,0,
1368814,1878364,5718783640883691,,57,0,
1368814,1878365,5718783650883691,,57,0,
1368814,1878341,5818783410883691,,58,0,
1368814,1878343,5818783430883691,,58,0,
1368814,1878363,5818783630883691,,58,0,
1368814,1878364,5818783640883691,,58,0,
1368814,1878365,5818783650883691,,58,0,
1368814,1878341,5918783410883691,,59,0,
1368814,1878343,5918783430883691,,59,0,
1368814,1878363,5918783630883691,,59,0,
1368814,1878364,5918783640883691,,59,0,
1368814,1878365,5918783650883691,,59,0,
1368814,1878341,6018783410883691,,60,0,
1368814,1878343,6018783430883691,,60,0,
1368814,1878363,6018783630883691,,60,0,
1368814,1878364,6018783640883691,,60,0,
1368814,1878365,6018783650883691,,60,0,
1368814,1878341,6118783410883691,,61,0,
1368814,1878343,6118783430883691,,61,0,
1368814,1878363,6118783630883691,,61,0,
1368814,1878364,6118783640883691,,61,0,
1368814,1878365,6118783650883691,,61,0,
1368814,1878341,618783410883691,,6,0,
1368814,1878343,618783430883691,,6,0,
1368814,1878363,618783630883691,,6,0,
1368814,1878364,618783640883691,,6,0,
1368814,1878365,618783650883691,,6,0,
1368814,1878341,6218783410883691,,62,0,
1368814,1878343,6218783430883691,,62,0,
1368814,1878363,6218783630883691,,62,0,
1368814,1878364,6218783640883691,,62,0,
1368814,1878365,6218783650883691,,62,0,
1368814,1878341,6318783410883691,,63,0,
1368814,1878343,6318783430883691,,63,0,
1368814,1878363,6318783630883691,,63,0,
1368814,1878364,6318783640883691,,63,0,
1368814,1878365,6318783650883691,,63,0,
1368814,1878341,6418783410883691,,64,0,
1368814,1878343,6418783430883691,,64,0,
1368814,1878363,6418783630883691,,64,0,
1368814,1878364,6418783640883691,,64,0,
1368814,1878365,6418783650883691,,64,0,
1368814,1878341,6518783410883691,,65,0,
1368814,1878343,6518783430883691,,65,0,
1368814,1878363,6518783630883691,,65,0,
1368814,1878364,6518783640883691,,65,0,
1368814,1878365,6518783650883691,,65,0,
1368814,1878341,6618783410883691,,66,0,
1368814,1878343,6618783430883691,,66,0,
1368814,1878363,6618783630883691,,66,0,
1368814,1878364,6618783640883691,,66,0,
1368814,1878365,6618783650883691,,66,0,
1368814,1878341,6718783410883691,,67,0,
1368814,1878343,6718783430883691,,67,0,
1368814,1878363,6718783630883691,,67,0,
1368814,1878364,6718783640883691,,67,0,
1368814,1878365,6718783650883691,,67,0,
1368814,1878341,6818783410883691,,68,0,
1368814,1878343,6818783430883691,,68,0,
1368814,1878363,6818783630883691,,68,0,
1368814,1878364,6818783640883691,,68,0,
1368814,1878365,6818783650883691,,68,0,
1368814,1878341,6918783410883691,,69,0,
1368814,1878343,6918783430883691,,69,0,
1368814,1878363,6918783630883691,,69,0,
1368814,1878364,6918783640883691,,69,0,
1368814,1878365,6918783650883691,,69,0,
1368814,1878341,7018783410883691,,70,0,
1368814,1878343,7018783430883691,,70,0,
1368814,1878363,7018783630883691,,70,0,
1368814,1878364,7018783640883691,,70,0,
1368814,1878365,7018783650883691,,70,0,
1368814,1878341,7118783410883691,,71,0,
1368814,1878343,7118783430883691,,71,0,
1368814,1878363,7118783630883691,,71,0,
1368814,1878364,7118783640883691,,71,0,
1368814,1878365,7118783650883691,,71,0,
1368814,1878341,718783410883691,,7,0,
1368814,1878343,718783430883691,,7,0,
1368814,1878363,718783630883691,,7,0,
1368814,1878364,718783640883691,,7,0,
1368814,1878365,718783650883691,,7,0,
1368814,1878341,7218783410883691,,72,0,
1368814,1878343,7218783430883691,,72,0,
1368814,1878363,7218783630883691,,72,0,
1368814,1878364,7218783640883691,,72,0,
1368814,1878365,7218783650883691,,72,0,
1368814,1878341,7318783410883691,,73,0,
1368814,1878343,7318783430883691,,73,0,
1368814,1878363,7318783630883691,,73,0,
1368814,1878364,7318783640883691,,73,0,
1368814,1878365,7318783650883691,,73,0,
1368814,1878341,7418783410883691,,74,0,
1368814,1878343,7418783430883691,,74,0,
1368814,1878363,7418783630883691,,74,0,
1368814,1878364,7418783640883691,,74,0,
1368814,1878365,7418783650883691,,74,0,
1368814,1878341,7518783410883691,,75,0,
1368814,1878343,7518783430883691,,75,0,
1368814,1878363,7518783630883691,,75,0,
1368814,1878364,7518783640883691,,75,0,
1368814,1878365,7518783650883691,,75,0,
1368814,1878341,7618783410883691,,76,0,
1368814,1878343,7618783430883691,,76,0,
1368814,1878363,7618783630883691,,76,0,
1368814,1878364,7618783640883691,,76,0,
1368814,1878365,7618783650883691,,76,0,
1368814,1878341,7718783410883691,,77,0,
1368814,1878343,7718783430883691,,77,0,
1368814,1878363,7718783630883691,,77,0,
1368814,1878364,7718783640883691,,77,0,
1368814,1878365,7718783650883691,,77,0,
1368814,1878341,7818783410883691,,78,0,
1368814,1878343,7818783430883691,,78,0,
1368814,1878363,7818783630883691,,78,0,
1368814,1878364,7818783640883691,,78,0,
1368814,1878365,7818783650883691,,78,0,
1368814,1878341,7918783410883691,,79,0,
1368814,1878343,7918783430883691,,79,0,
1368814,1878363,7918783630883691,,79,0,
1368814,1878364,7918783640883691,,79,0,
1368814,1878365,7918783650883691,,79,0,
1368814,1878341,8018783410883691,,80,0,
1368814,1878343,8018783430883691,,80,0,
1368814,1878363,8018783630883691,,80,0,
1368814,1878364,8018783640883691,,80,0,
1368814,1878365,8018783650883691,,80,0,
1368814,1878341,8118783410883691,,81,0,
1368814,1878343,8118783430883691,,81,0,
1368814,1878363,8118783630883691,,81,0,
1368814,1878364,8118783640883691,,81,0,
1368814,1878365,8118783650883691,,81,0,
1368814,1878341,818783410883691,,8,0,
1368814,1878343,818783430883691,,8,0,
1368814,1878363,818783630883691,,8,0,
1368814,1878364,818783640883691,,8,0,
1368814,1878365,818783650883691,,8,0,
1368814,1878341,8218783410883691,,82,0,
1368814,1878343,8218783430883691,,82,0,
1368814,1878363,8218783630883691,,82,0,
1368814,1878364,8218783640883691,,82,0,
1368814,1878365,8218783650883691,,82,0,
1368814,1878341,8318783410883691,,83,0,
1368814,1878343,8318783430883691,,83,0,
1368814,1878363,8318783630883691,,83,0,
1368814,1878364,8318783640883691,,83,0,
1368814,1878365,8318783650883691,,83,0,
1368814,1878341,8418783410883691,,84,0,
1368814,1878343,8418783430883691,,84,0,
1368814,1878363,8418783630883691,,84,0,
1368814,1878364,8418783640883691,,84,0,
1368814,1878365,8418783650883691,,84,0,
1368814,1878341,8518783410883691,,85,0,
1368814,1878343,8518783430883691,,85,0,
1368814,1878363,8518783630883691,,85,0,
1368814,1878364,8518783640883691,,85,0,
1368814,1878365,8518783650883691,,85,0,
1368814,1878341,8618783410883691,,86,0,
1368814,1878343,8618783430883691,,86,0,
1368814,1878363,8618783630883691,,86,0,
1368814,1878364,8618783640883691,,86,0,
1368814,1878365,8618783650883691,,86,0,
1368814,1878341,8718783410883691,,87,0,
1368814,1878343,8718783430883691,,87,0,
1368814,1878363,8718783630883691,,87,0,
1368814,1878364,8718783640883691,,87,0,
1368814,1878365,8718783650883691,,87,0,
1368814,1878341,8818783410883691,,88,0,
1368814,1878343,8818783430883691,,88,0,
1368814,1878363,8818783630883691,,88,0,
1368814,1878364,8818783640883691,,88,0,
1368814,1878365,8818783650883691,,88,0,
1368814,1878341,8918783410883691,,89,0,
1368814,1878343,8918783430883691,,89,0,
1368814,1878363,8918783630883691,,89,0,
1368814,1878364,8918783640883691,,89,0,
1368814,1878365,8918783650883691,,89,0,
1368814,1878341,9018783410883691,,90,0,
1368814,1878343,9018783430883691,,90,0,
1368814,1878363,9018783630883691,,90,0,
1368814,1878364,9018783640883691,,90,0,
1368814,1878365,9018783650883691,,90,0,
1368814,1878341,9118783410883691,,91,0,
1368814,1878343,9118783430883691,,91,0,
1368814,1878363,9118783630883691,,91,0,
1368814,1878364,9118783640883691,,91,0,
1368814,1878365,9118783650883691,,91,0,
1368814,1878341,918783410883691,,9,0,
1368814,1878343,918783430883691,,9,0,
1368814,1878363,918783630883691,,9,0,
1368814,1878364,918783640883691,,9,0,
1368814,1878365,918783650883691,,9,0,
1368814,1878341,9218783410883691,,92,0,
1368814,1878343,9218783430883691,,92,0,
1368814,1878363,9218783630883691,,92,0,
1368814,1878364,9218783640883691,,92,0,
1368814,1878365,9218783650883691,,92,0,
1368814,1878341,9318783410883691,,93,0,
1368814,1878343,9318783430883691,,93,0,
1368814,1878363,9318783630883691,,93,0,
1368814,1878364,9318783640883691,,93,0,
1368814,1878365,9318783650883691,,93,0,
1368814,1878341,9418783410883691,,94,0,
1368814,1878343,9418783430883691,,94,0,
1368814,1878363,9418783630883691,,94,0,
1368814,1878364,9418783640883691,,94,0,
1368814,1878365,9418783650883691,,94,0,
1368814,1878341,9518783410883691,,95,0,
1368814,1878343,9518783430883691,,95,0,
1368814,1878363,9518783630883691,,95,0,
1368814,1878364,9518783640883691,,95,0,
1368814,1878365,9518783650883691,,95,0,
1368814,1878341,9618783410883691,,96,0,
1368814,1878343,9618783430883691,,96,0,
1368814,1878363,9618783630883691,,96,0,
1368814,1878364,9618783640883691,,96,0,
1368814,1878365,9618783650883691,,96,0,
1368814,1878341,9718783410883691,,97,0,
1368814,1878343,9718783430883691,,97,0,
1368814,1878363,9718783630883691,,97,0,
1368814,1878364,9718783640883691,,97,0,
1368814,1878365,9718783650883691,,97,0,
1368814,1878341,9818783410883691,,98,0,
1368814,1878343,9818783430883691,,98,0,
1368814,1878363,9818783630883691,,98,0,
1368814,1878364,9818783640883691,,98,0,
1368814,1878365,9818783650883691,,98,0,
1368814,1878341,9918783410883691,,99,0,
1368814,1878343,9918783430883691,,99,0,
1368814,1878363,9918783630883691,,99,0,
1368814,1878364,9918783640883691,,99,0,
1368814,1878365,9918783650883691,,99,0,
1368814,1878341,118783410883689,,1,0,
1368814,1878343,118783430883689,,1,0,
1368814,1878363,118783630883689,,1,0,
1368814,1878364,118783640883689,,1,0,
1368814,1878365,118783650883689,,1,0,
1368814,1878341,218783410883689,,2,0,
1368814,1878343,218783430883689,,2,0,
1368814,1878363,218783630883689,,2,0,
1368814,1878364,218783640883689,,2,0,
1368814,1878365,218783650883689,,2,0,
1368814,1878341,318783410883689,,3,0,
1368814,1878343,318783430883689,,3,0,
1368814,1878363,318783630883689,,3,0,
1368814,1878364,318783640883689,,3,0,
1368814,1878365,318783650883689,,3,0,
1368814,1878343,418783430883689,,4,0,
1368814,1878363,418783630883689,,4,0,
1368814,1878364,418783640883689,,4,0,
1368814,1878364,518783640883689,,5,0,
1368814,1878364,618783640883689,,6,0,
1368814,11878341,118783410883693,,1,0,
1368814,11878343,118783430883693,,1,0,
1368814,11878363,118783630883693,,1,0,
1368814,11878364,118783640883693,,1,0,
1368814,11878365,118783650883693,,1,0,
1368814,11878341,218783410883693,,2,0,
1368814,11878343,218783430883693,,2,0,
1368814,11878363,218783630883693,,2,0,
1368814,11878364,218783640883693,,2,0,
1368814,11878365,218783650883693,,2,0,
1368815,1878341,10018783410883690,,100,1,
1368815,1878343,10018783430883690,,100,1,
1368815,1878363,10018783630883690,,100,1,
1368815,1878364,10018783640883690,,100,1,
1368815,1878365,10018783650883690,,100,1,
1368815,1878341,10118783410883690,,101,1,
1368815,1878343,10118783430883690,,101,1,
1368815,1878363,10118783630883690,,101,1,
1368815,1878364,10118783640883690,,101,1,
1368815,1878365,10118783650883690,,101,1,
1368815,1878341,1018783410883690,,10,1,
1368815,1878343,1018783430883690,,10,1,
1368815,1878363,1018783630883690,,10,1,
1368815,1878364,1018783640883690,,10,1,
1368815,1878365,1018783650883690,,10,1,
1368815,1878341,10218783410883690,,102,1,
1368815,1878343,10218783430883690,,102,1,
1368815,1878363,10218783630883690,,102,1,
1368815,1878364,10218783640883690,,102,1,
1368815,1878365,10218783650883690,,102,1,
1368815,1878341,10318783410883690,,103,1,
1368815,1878343,10318783430883690,,103,1,
1368815,1878363,10318783630883690,,103,1,
1368815,1878364,10318783640883690,,103,1,
1368815,1878365,10318783650883690,,103,1,
1368815,1878341,10418783410883690,,104,1,
1368815,1878343,10418783430883690,,104,1,
1368815,1878363,10418783630883690,,104,1,
1368815,1878364,10418783640883690,,104,1,
1368815,1878365,10418783650883690,,104,1,
1368815,1878341,10518783410883690,,105,1,
1368815,1878343,10518783430883690,,105,1,
1368815,1878363,10518783630883690,,105,1,
1368815,1878364,10518783640883690,,105,1,
1368815,1878365,10518783650883690,,105,1,
1368815,11878341,10618783410883690,,106,1,
1368815,1878343,10618783430883690,,106,1,
1368815,1878363,10618783630883690,,106,1,
1368815,1878364,10618783640883690,,106,1,
1368815,1878365,10618783650883690,,106,1,
1368815,11878341,10718783410883690,,107,1,
1368815,1878343,10718783430883690,,107,1,
1368815,1878363,10718783630883690,,107,1,
1368815,1878364,10718783640883690,,107,1,
1368815,1878365,10718783650883690,,107,1,
1368815,11878341,10818783410883690,,108,1,
1368815,1878343,10818783430883690,,108,1,
1368815,1878363,10818783630883690,,108,1,
1368815,1878364,10818783640883690,,108,1,
1368815,1878365,10818783650883690,,108,1,
1368815,1878343,10918783430883690,,109,1,
1368815,1878363,10918783630883690,,109,1,
1368815,1878364,10918783640883690,,109,1,
1368815,1878365,10918783650883690,,109,1,
1368815,1878343,11018783430883690,,110,1,
1368815,1878363,11018783630883690,,110,1,
1368815,1878364,11018783640883690,,110,1,
1368815,1878365,11018783650883690,,110,1,
1368815,1878343,11118783430883690,,111,1,
1368815,1878363,11118783630883690,,111,1,
1368815,1878364,11118783640883690,,111,1,
1368815,1878365,11118783650883690,,111,1,
1368815,1878341,1118783410883690,,11,1,
1368815,1878343,1118783430883690,,11,1,
1368815,1878363,1118783630883690,,11,1,
1368815,1878364,1118783640883690,,11,1,
1368815,1878365,1118783650883690,,11,1,
1368815,1878343,11218783430883690,,112,1,
1368815,1878363,11218783630883690,,112,1,
1368815,1878364,11218783640883690,,112,1,
1368815,1878365,11218783650883690,,112,1,
1368815,1878343,11318783430883690,,113,1,
1368815,1878363,11318783630883690,,113,1,
1368815,1878364,11318783640883690,,113,1,
1368815,1878365,11318783650883690,,113,1,
1368815,1878343,11418783430883690,,114,1,
1368815,1878363,11418783630883690,,114,1,
1368815,1878364,11418783640883690,,114,1,
1368815,1878365,11418783650883690,,114,1,
1368815,1878343,11518783430883690,,115,1,
1368815,1878363,11518783630883690,,115,1,
1368815,1878364,11518783640883690,,115,1,
1368815,1878365,11518783650883690,,115,1,
1368815,1878343,11618783430883690,,116,1,
1368815,1878363,11618783630883690,,116,1,
1368815,1878364,11618783640883690,,116,1,
1368815,1878365,11618783650883690,,116,1,
1368815,1878343,11718783430883690,,117,1,
1368815,1878363,11718783630883690,,117,1,
1368815,1878364,11718783640883690,,117,1,
1368815,1878365,11718783650883690,,117,1,
1368815,1878343,11818783430883690,,118,1,
1368815,1878363,11818783630883690,,118,1,
1368815,1878364,11818783640883690,,118,1,
1368815,1878365,11818783650883690,,118,1,
1368815,1878341,118783410883690,,1,1,
1368815,1878343,118783430883690,,1,1,
1368815,1878363,118783630883690,,1,1,
1368815,1878364,118783640883690,,1,1,
1368815,1878365,118783650883690,,1,1,
1368815,1878343,11918783430883690,,119,1,
1368815,1878363,11918783630883690,,119,1,
1368815,1878364,11918783640883690,,119,1,
1368815,1878365,11918783650883690,,119,1,
1368815,1878343,12018783430883690,,120,1,
1368815,1878363,12018783630883690,,120,1,
1368815,1878364,12018783640883690,,120,1,
1368815,1878365,12018783650883690,,120,1,
1368815,1878343,12118783430883690,,121,1,
1368815,1878363,12118783630883690,,121,1,
1368815,1878364,12118783640883690,,121,1,
1368815,1878365,12118783650883690,,121,1,
1368815,1878341,1218783410883690,,12,1,
1368815,1878343,1218783430883690,,12,1,
1368815,1878363,1218783630883690,,12,1,
1368815,1878364,1218783640883690,,12,1,
1368815,1878365,1218783650883690,,12,1,
1368815,1878343,12218783430883690,,122,1,
1368815,1878363,12218783630883690,,122,1,
1368815,1878364,12218783640883690,,122,1,
1368815,1878365,12218783650883690,,122,1,
1368815,1878343,12318783430883690,,123,1,
1368815,1878363,12318783630883690,,123,1,
1368815,1878364,12318783640883690,,123,1,
1368815,1878365,12318783650883690,,123,1,
1368815,1878343,12418783430883690,,124,1,
1368815,1878363,12418783630883690,,124,1,
1368815,1878364,12418783640883690,,124,1,
1368815,1878365,12418783650883690,,124,1,
1368815,1878343,12518783430883690,,125,1,
1368815,1878363,12518783630883690,,125,1,
1368815,1878364,12518783640883690,,125,1,
1368815,1878365,12518783650883690,,125,1,
1368815,1878343,12618783430883690,,126,1,
1368815,1878363,12618783630883690,,126,1,
1368815,1878364,12618783640883690,,126,1,
1368815,1878365,12618783650883690,,126,1,
1368815,1878343,12718783430883690,,127,1,
1368815,1878363,12718783630883690,,127,1,
1368815,1878364,12718783640883690,,127,1,
1368815,1878365,12718783650883690,,127,1,
1368815,1878343,12818783430883690,,128,1,
1368815,1878363,12818783630883690,,128,1,
1368815,1878364,12818783640883690,,128,1,
1368815,1878365,12818783650883690,,128,1,
1368815,1878343,12918783430883690,,129,1,
1368815,1878363,12918783630883690,,129,1,
1368815,1878364,12918783640883690,,129,1,
1368815,1878365,12918783650883690,,129,1,
1368815,1878343,13018783430883690,,130,1,
1368815,1878363,13018783630883690,,130,1,
1368815,1878364,13018783640883690,,130,1,
1368815,1878365,13018783650883690,,130,1,
1368815,1878343,13118783430883690,,131,1,
1368815,1878363,13118783630883690,,131,1,
1368815,1878364,13118783640883690,,131,1,
1368815,1878365,13118783650883690,,131,1,
1368815,1878341,1318783410883690,,13,1,
1368815,1878343,1318783430883690,,13,1,
1368815,1878363,1318783630883690,,13,1,
1368815,1878364,1318783640883690,,13,1,
1368815,1878365,1318783650883690,,13,1,
1368815,1878343,13218783430883690,,132,1,
1368815,1878363,13218783630883690,,132,1,
1368815,1878364,13218783640883690,,132,1,
1368815,1878365,13218783650883690,,132,1,
1368815,1878343,13318783430883690,,133,1,
1368815,1878363,13318783630883690,,133,1,
1368815,1878364,13318783640883690,,133,1,
1368815,1878365,13318783650883690,,133,1,
1368815,1878343,13418783430883690,,134,1,
1368815,1878363,13418783630883690,,134,1,
1368815,1878364,13418783640883690,,134,1,
1368815,1878365,13418783650883690,,134,1,
1368815,1878343,13518783430883690,,135,1,
1368815,1878363,13518783630883690,,135,1,
1368815,1878364,13518783640883690,,135,1,
1368815,1878365,13518783650883690,,135,1,
1368815,1878343,13618783430883690,,136,1,
1368815,1878363,13618783630883690,,136,1,
1368815,1878364,13618783640883690,,136,1,
1368815,1878365,13618783650883690,,136,1,
1368815,1878343,13718783430883690,,137,1,
1368815,1878363,13718783630883690,,137,1,
1368815,1878364,13718783640883690,,137,1,
1368815,1878365,13718783650883690,,137,1,
1368815,1878343,13818783430883690,,138,1,
1368815,1878363,13818783630883690,,138,1,
1368815,1878364,13818783640883690,,138,1,
1368815,1878365,13818783650883690,,138,1,
1368815,1878343,13918783430883690,,139,1,
1368815,1878363,13918783630883690,,139,1,
1368815,1878364,13918783640883690,,139,1,
1368815,1878365,13918783650883690,,139,1,
1368815,1878343,14018783430883690,,140,1,
1368815,1878363,14018783630883690,,140,1,
1368815,1878364,14018783640883690,,140,1,
1368815,1878365,14018783650883690,,140,1,
1368815,1878343,14118783430883690,,141,1,
1368815,1878363,14118783630883690,,141,1,
1368815,1878364,14118783640883690,,141,1,
1368815,1878365,14118783650883690,,141,1,
1368815,1878341,1418783410883690,,14,1,
1368815,1878343,1418783430883690,,14,1,
1368815,1878363,1418783630883690,,14,1,
1368815,1878364,1418783640883690,,14,1,
1368815,1878365,1418783650883690,,14,1,
1368815,1878343,14218783430883690,,142,1,
1368815,1878363,14218783630883690,,142,1,
1368815,1878364,14218783640883690,,142,1,
1368815,1878365,14218783650883690,,142,1,
1368815,1878343,14318783430883690,,143,1,
1368815,1878363,14318783630883690,,143,1,
1368815,1878364,14318783640883690,,143,1,
1368815,1878365,14318783650883690,,143,1,
1368815,1878343,14418783430883690,,144,1,
1368815,1878363,14418783630883690,,144,1,
1368815,1878364,14418783640883690,,144,1,
1368815,1878365,14418783650883690,,144,1,
1368815,1878343,14518783430883690,,145,1,
1368815,1878363,14518783630883690,,145,1,
1368815,1878364,14518783640883690,,145,1,
1368815,1878365,14518783650883690,,145,1,
1368815,1878343,14618783430883690,,146,1,
1368815,1878363,14618783630883690,,146,1,
1368815,1878364,14618783640883690,,146,1,
1368815,1878365,14618783650883690,,146,1,
1368815,1878343,14718783430883690,,147,1,
1368815,1878363,14718783630883690,,147,1,
1368815,1878364,14718783640883690,,147,1,
1368815,1878365,14718783650883690,,147,1,
1368815,1878343,14818783430883690,,148,1,
1368815,1878363,14818783630883690,,148,1,
1368815,1878364,14818783640883690,,148,1,
1368815,1878365,14818783650883690,,148,1,
1368815,1878343,14918783430883690,,149,1,
1368815,1878363,14918783630883690,,149,1,
1368815,1878364,14918783640883690,,149,1,
1368815,1878365,14918783650883690,,149,1,
1368815,1878343,15018783430883690,,150,1,
1368815,1878363,15018783630883690,,150,1,
1368815,1878364,15018783640883690,,150,1,
1368815,1878365,15018783650883690,,150,1,
1368815,1878343,15118783430883690,,151,1,
1368815,1878363,15118783630883690,,151,1,
1368815,1878364,15118783640883690,,151,1,
1368815,1878365,15118783650883690,,151,1,
1368815,1878341,1518783410883690,,15,1,
1368815,1878343,1518783430883690,,15,1,
1368815,1878363,1518783630883690,,15,1,
1368815,1878364,1518783640883690,,15,1,
1368815,1878365,1518783650883690,,15,1,
1368815,1878343,15218783430883690,,152,1,
1368815,1878363,15218783630883690,,152,1,
1368815,1878364,15218783640883690,,152,1,
1368815,1878365,15218783650883690,,152,1,
1368815,1878343,15318783430883690,,153,1,
1368815,1878363,15318783630883690,,153,1,
1368815,1878364,15318783640883690,,153,1,
1368815,1878365,15318783650883690,,153,1,
1368815,1878343,15418783430883690,,154,1,
1368815,1878363,15418783630883690,,154,1,
1368815,1878364,15418783640883690,,154,1,
1368815,1878365,15418783650883690,,154,1,
1368815,1878343,15518783430883690,,155,1,
1368815,1878363,15518783630883690,,155,1,
1368815,1878364,15518783640883690,,155,1,
1368815,1878365,15518783650883690,,155,1,
1368815,1878343,15618783430883690,,156,1,
1368815,1878363,15618783630883690,,156,1,
1368815,1878364,15618783640883690,,156,1,
1368815,1878365,15618783650883690,,156,1,
1368815,1878343,15718783430883690,,157,1,
1368815,1878363,15718783630883690,,157,1,
1368815,1878364,15718783640883690,,157,1,
1368815,1878365,15718783650883690,,157,1,
1368815,1878343,15818783430883690,,158,1,
1368815,1878363,15818783630883690,,158,1,
1368815,1878364,15818783640883690,,158,1,
1368815,1878365,15818783650883690,,158,1,
1368815,1878343,15918783430883690,,159,1,
1368815,1878363,15918783630883690,,159,1,
1368815,1878364,15918783640883690,,159,1,
1368815,11878365,15918783650883690,,159,1,
1368815,1878343,16018783430883690,,160,1,
1368815,1878363,16018783630883690,,160,1,
1368815,1878364,16018783640883690,,160,1,
1368815,11878365,16018783650883690,,160,1,
1368815,1878343,16118783430883690,,161,1,
1368815,1878363,16118783630883690,,161,1,
1368815,1878364,16118783640883690,,161,1,
1368815,11878365,16118783650883690,,161,1,
1368815,1878341,1618783410883690,,16,1,
1368815,1878343,1618783430883690,,16,1,
1368815,1878363,1618783630883690,,16,1,
1368815,1878364,1618783640883690,,16,1,
1368815,1878365,1618783650883690,,16,1,
1368815,1878343,16218783430883690,,162,1,
1368815,1878363,16218783630883690,,162,1,
1368815,1878364,16218783640883690,,162,1,
1368815,1878343,16318783430883690,,163,1,
1368815,1878363,16318783630883690,,163,1,
1368815,1878364,16318783640883690,,163,1,
1368815,1878343,16418783430883690,,164,1,
1368815,1878363,16418783630883690,,164,1,
1368815,1878364,16418783640883690,,164,1,
1368815,1878343,16518783430883690,,165,1,
1368815,1878363,16518783630883690,,165,1,
1368815,1878364,16518783640883690,,165,1,
1368815,1878343,16618783430883690,,166,1,
1368815,1878363,16618783630883690,,166,1,
1368815,1878364,16618783640883690,,166,1,
1368815,1878343,16718783430883690,,167,1,
1368815,1878363,16718783630883690,,167,1,
1368815,1878364,16718783640883690,,167,1,
1368815,1878343,16818783430883690,,168,1,
1368815,1878363,16818783630883690,,168,1,
1368815,1878364,16818783640883690,,168,1,
1368815,1878343,16918783430883690,,169,1,
1368815,1878363,16918783630883690,,169,1,
1368815,1878364,16918783640883690,,169,1,
1368815,1878343,17018783430883690,,170,1,
1368815,1878363,17018783630883690,,170,1,
1368815,1878364,17018783640883690,,170,1,
1368815,1878343,17118783430883690,,171,1,
1368815,1878363,17118783630883690,,171,1,
1368815,1878364,17118783640883690,,171,1,
1368815,1878341,1718783410883690,,17,1,
1368815,1878343,1718783430883690,,17,1,
1368815,1878363,1718783630883690,,17,1,
1368815,1878364,1718783640883690,,17,1,
1368815,1878365,1718783650883690,,17,1,
1368815,1878343,17218783430883690,,172,1,
1368815,1878363,17218783630883690,,172,1,
1368815,1878364,17218783640883690,,172,1,
1368815,1878343,17318783430883690,,173,1,
1368815,1878363,17318783630883690,,173,1,
1368815,1878364,17318783640883690,,173,1,
1368815,1878343,17418783430883690,,174,1,
1368815,1878363,17418783630883690,,174,1,
1368815,1878364,17418783640883690,,174,1,
1368815,1878343,17518783430883690,,175,1,
1368815,1878363,17518783630883690,,175,1,
1368815,1878364,17518783640883690,,175,1,
1368815,1878343,17618783430883690,,176,1,
1368815,1878363,17618783630883690,,176,1,
1368815,1878364,17618783640883690,,176,1,
1368815,1878343,17718783430883690,,177,1,
1368815,1878363,17718783630883690,,177,1,
1368815,1878364,17718783640883690,,177,1,
1368815,1878343,17818783430883690,,178,1,
1368815,1878363,17818783630883690,,178,1,
1368815,1878364,17818783640883690,,178,1,
1368815,1878343,17918783430883690,,179,1,
1368815,1878363,17918783630883690,,179,1,
1368815,1878364,17918783640883690,,179,1,
1368815,1878343,18018783430883690,,180,1,
1368815,1878363,18018783630883690,,180,1,
1368815,1878364,18018783640883690,,180,1,
1368815,1878343,18118783430883690,,181,1,
1368815,1878363,18118783630883690,,181,1,
1368815,1878364,18118783640883690,,181,1,
1368815,1878341,1818783410883690,,18,1,
1368815,1878343,1818783430883690,,18,1,
1368815,1878363,1818783630883690,,18,1,
1368815,1878364,1818783640883690,,18,1,
1368815,1878365,1818783650883690,,18,1,
1368815,1878343,18218783430883690,,182,1,
1368815,1878363,18218783630883690,,182,1,
1368815,1878364,18218783640883690,,182,1,
1368815,1878343,18318783430883690,,183,1,
1368815,1878363,18318783630883690,,183,1,
1368815,1878364,18318783640883690,,183,1,
1368815,1878343,18418783430883690,,184,1,
1368815,1878363,18418783630883690,,184,1,
1368815,1878364,18418783640883690,,184,1,
1368815,1878343,18518783430883690,,185,1,
1368815,1878363,18518783630883690,,185,1,
1368815,1878364,18518783640883690,,185,1,
1368815,1878343,18618783430883690,,186,1,
1368815,1878363,18618783630883690,,186,1,
1368815,1878364,18618783640883690,,186,1,
1368815,1878343,18718783430883690,,187,1,
1368815,1878363,18718783630883690,,187,1,
1368815,1878364,18718783640883690,,187,1,
1368815,1878343,18818783430883690,,188,1,
1368815,1878363,18818783630883690,,188,1,
1368815,1878364,18818783640883690,,188,1,
1368815,11878343,18918783430883690,,189,1,
1368815,1878363,18918783630883690,,189,1,
1368815,1878364,18918783640883690,,189,1,
1368815,11878343,19018783430883690,,190,1,
1368815,1878363,19018783630883690,,190,1,
1368815,1878364,19018783640883690,,190,1,
1368815,11878343,19118783430883690,,191,1,
1368815,1878363,19118783630883690,,191,1,
1368815,1878364,19118783640883690,,191,1,
1368815,1878341,1918783410883690,,19,1,
1368815,1878343,1918783430883690,,19,1,
1368815,1878363,1918783630883690,,19,1,
1368815,1878364,1918783640883690,,19,1,
1368815,1878365,1918783650883690,,19,1,
1368815,1878363,19218783630883690,,192,1,
1368815,1878364,19218783640883690,,192,1,
1368815,1878363,19318783630883690,,193,1,
1368815,1878364,19318783640883690,,193,1,
1368815,1878363,19418783630883690,,194,1,
1368815,1878364,19418783640883690,,194,1,
1368815,1878363,19518783630883690,,195,1,
1368815,1878364,19518783640883690,,195,1,
1368815,11878363,19618783630883690,,196,1,
1368815,1878364,19618783640883690,,196,1,
1368815,11878363,19718783630883690,,197,1,
1368815,1878364,19718783640883690,,197,1,
1368815,11878363,19818783630883690,,198,1,
1368815,1878364,19818783640883690,,198,1,
1368815,1878364,19918783640883690,,199,1,
1368815,11878364,20018783640883690,,200,1,
1368815,11878364,20118783640883690,,201,1,
1368815,1878341,2018783410883690,,20,1,
1368815,1878343,2018783430883690,,20,1,
1368815,1878363,2018783630883690,,20,1,
1368815,1878364,2018783640883690,,20,1,
1368815,1878365,2018783650883690,,20,1,
1368815,11878364,20218783640883690,,202,1,
1368815,1878341,2118783410883690,,21,1,
1368815,1878343,2118783430883690,,21,1,
1368815,1878363,2118783630883690,,21,1,
1368815,1878364,2118783640883690,,21,1,
1368815,1878365,2118783650883690,,21,1,
1368815,1878341,218783410883690,,2,1,
1368815,1878343,218783430883690,,2,1,
1368815,1878363,218783630883690,,2,1,
1368815,1878364,218783640883690,,2,1,
1368815,1878365,218783650883690,,2,1,
1368815,1878341,2218783410883690,,22,1,
1368815,1878343,2218783430883690,,22,1,
1368815,1878363,2218783630883690,,22,1,
1368815,1878364,2218783640883690,,22,1,
1368815,1878365,2218783650883690,,22,1,
1368815,1878341,2318783410883690,,23,1,
1368815,1878343,2318783430883690,,23,1,
1368815,1878363,2318783630883690,,23,1,
1368815,1878364,2318783640883690,,23,1,
1368815,1878365,2318783650883690,,23,1,
1368815,1878341,2418783410883690,,24,1,
1368815,1878343,2418783430883690,,24,1,
1368815,1878363,2418783630883690,,24,1,
1368815,1878364,2418783640883690,,24,1,
1368815,1878365,2418783650883690,,24,1,
1368815,1878341,2518783410883690,,25,1,
1368815,1878343,2518783430883690,,25,1,
1368815,1878363,2518783630883690,,25,1,
1368815,1878364,2518783640883690,,25,1,
1368815,1878365,2518783650883690,,25,1,
1368815,1878341,2618783410883690,,26,1,
1368815,1878343,2618783430883690,,26,1,
1368815,1878363,2618783630883690,,26,1,
1368815,1878364,2618783640883690,,26,1,
1368815,1878365,2618783650883690,,26,1,
1368815,1878341,2718783410883690,,27,1,
1368815,1878343,2718783430883690,,27,1,
1368815,1878363,2718783630883690,,27,1,
1368815,1878364,2718783640883690,,27,1,
1368815,1878365,2718783650883690,,27,1,
1368815,1878341,2818783410883690,,28,1,
1368815,1878343,2818783430883690,,28,1,
1368815,1878363,2818783630883690,,28,1,
1368815,1878364,2818783640883690,,28,1,
1368815,1878365,2818783650883690,,28,1,
1368815,1878341,2918783410883690,,29,1,
1368815,1878343,2918783430883690,,29,1,
1368815,1878363,2918783630883690,,29,1,
1368815,1878364,2918783640883690,,29,1,
1368815,1878365,2918783650883690,,29,1,
1368815,1878341,3018783410883690,,30,1,
1368815,1878343,3018783430883690,,30,1,
1368815,1878363,3018783630883690,,30,1,
1368815,1878364,3018783640883690,,30,1,
1368815,1878365,3018783650883690,,30,1,
1368815,1878341,3118783410883690,,31,1,
1368815,1878343,3118783430883690,,31,1,
1368815,1878363,3118783630883690,,31,1,
1368815,1878364,3118783640883690,,31,1,
1368815,1878365,3118783650883690,,31,1,
1368815,1878341,318783410883690,,3,1,
1368815,1878343,318783430883690,,3,1,
1368815,1878363,318783630883690,,3,1,
1368815,1878364,318783640883690,,3,1,
1368815,1878365,318783650883690,,3,1,
1368815,1878341,3218783410883690,,32,1,
1368815,1878343,3218783430883690,,32,1,
1368815,1878363,3218783630883690,,32,1,
1368815,1878364,3218783640883690,,32,1,
1368815,1878365,3218783650883690,,32,1,
1368815,1878341,3318783410883690,,33,1,
1368815,1878343,3318783430883690,,33,1,
1368815,1878363,3318783630883690,,33,1,
1368815,1878364,3318783640883690,,33,1,
1368815,1878365,3318783650883690,,33,1,
1368815,1878341,3418783410883690,,34,1,
1368815,1878343,3418783430883690,,34,1,
1368815,1878363,3418783630883690,,34,1,
1368815,1878364,3418783640883690,,34,1,
1368815,1878365,3418783650883690,,34,1,
1368815,1878341,3518783410883690,,35,1,
1368815,1878343,3518783430883690,,35,1,
1368815,1878363,3518783630883690,,35,1,
1368815,1878364,3518783640883690,,35,1,
1368815,1878365,3518783650883690,,35,1,
1368815,1878341,3618783410883690,,36,1,
1368815,1878343,3618783430883690,,36,1,
1368815,1878363,3618783630883690,,36,1,
1368815,1878364,3618783640883690,,36,1,
1368815,1878365,3618783650883690,,36,1,
1368815,1878341,3718783410883690,,37,1,
1368815,1878343,3718783430883690,,37,1,
1368815,1878363,3718783630883690,,37,1,
1368815,1878364,3718783640883690,,37,1,
1368815,1878365,3718783650883690,,37,1,
1368815,1878341,3818783410883690,,38,1,
1368815,1878343,3818783430883690,,38,1,
1368815,1878363,3818783630883690,,38,1,
1368815,1878364,3818783640883690,,38,1,
1368815,1878365,3818783650883690,,38,1,
1368815,1878341,3918783410883690,,39,1,
1368815,1878343,3918783430883690,,39,1,
1368815,1878363,3918783630883690,,39,1,
1368815,1878364,3918783640883690,,39,1,
1368815,1878365,3918783650883690,,39,1,
1368815,1878341,4018783410883690,,40,1,
1368815,1878343,4018783430883690,,40,1,
1368815,1878363,4018783630883690,,40,1,
1368815,1878364,4018783640883690,,40,1,
1368815,1878365,4018783650883690,,40,1,
1368815,1878341,4118783410883690,,41,1,
1368815,1878343,4118783430883690,,41,1,
1368815,1878363,4118783630883690,,41,1,
1368815,1878364,4118783640883690,,41,1,
1368815,1878365,4118783650883690,,41,1,
1368815,1878341,418783410883690,,4,1,
1368815,1878343,418783430883690,,4,1,
1368815,1878363,418783630883690,,4,1,
1368815,1878364,418783640883690,,4,1,
1368815,1878365,418783650883690,,4,1,
1368815,1878341,4218783410883690,,42,1,
1368815,1878343,4218783430883690,,42,1,
1368815,1878363,4218783630883690,,42,1,
1368815,1878364,4218783640883690,,42,1,
1368815,1878365,4218783650883690,,42,1,
1368815,1878341,4318783410883690,,43,1,
1368815,1878343,4318783430883690,,43,1,
1368815,1878363,4318783630883690,,43,1,
1368815,1878364,4318783640883690,,43,1,
1368815,1878365,4318783650883690,,43,1,
1368815,1878341,4418783410883690,,44,1,
1368815,1878343,4418783430883690,,44,1,
1368815,1878363,4418783630883690,,44,1,
1368815,1878364,4418783640883690,,44,1,
1368815,1878365,4418783650883690,,44,1,
1368815,1878341,4518783410883690,,45,1,
1368815,1878343,4518783430883690,,45,1,
1368815,1878363,4518783630883690,,45,1,
1368815,1878364,4518783640883690,,45,1,
1368815,1878365,4518783650883690,,45,1,
1368815,1878341,4618783410883690,,46,1,
1368815,1878343,4618783430883690,,46,1,
1368815,1878363,4618783630883690,,46,1,
1368815,1878364,4618783640883690,,46,1,
1368815,1878365,4618783650883690,,46,1,
1368815,1878341,4718783410883690,,47,1,
1368815,1878343,4718783430883690,,47,1,
1368815,1878363,4718783630883690,,47,1,
1368815,1878364,4718783640883690,,47,1,
1368815,1878365,4718783650883690,,47,1,
1368815,1878341,4818783410883690,,48,1,
1368815,1878343,4818783430883690,,48,1,
1368815,1878363,4818783630883690,,48,1,
1368815,1878364,4818783640883690,,48,1,
1368815,1878365,4818783650883690,,48,1,
1368815,1878341,4918783410883690,,49,1,
1368815,1878343,4918783430883690,,49,1,
1368815,1878363,4918783630883690,,49,1,
1368815,1878364,4918783640883690,,49,1,
1368815,1878365,4918783650883690,,49,1,
1368815,1878341,5018783410883690,,50,1,
1368815,1878343,5018783430883690,,50,1,
1368815,1878363,5018783630883690,,50,1,
1368815,1878364,5018783640883690,,50,1,
1368815,1878365,5018783650883690,,50,1,
1368815,1878341,5118783410883690,,51,1,
1368815,1878343,5118783430883690,,51,1,
1368815,1878363,5118783630883690,,51,1,
1368815,1878364,5118783640883690,,51,1,
1368815,1878365,5118783650883690,,51,1,
1368815,1878341,518783410883690,,5,1,
1368815,1878343,518783430883690,,5,1,
1368815,1878363,518783630883690,,5,1,
1368815,1878364,518783640883690,,5,1,
1368815,1878365,518783650883690,,5,1,
1368815,1878341,5218783410883690,,52,1,
1368815,1878343,5218783430883690,,52,1,
1368815,1878363,5218783630883690,,52,1,
1368815,1878364,5218783640883690,,52,1,
1368815,1878365,5218783650883690,,52,1,
1368815,1878341,5318783410883690,,53,1,
1368815,1878343,5318783430883690,,53,1,
1368815,1878363,5318783630883690,,53,1,
1368815,1878364,5318783640883690,,53,1,
1368815,1878365,5318783650883690,,53,1,
1368815,1878341,5418783410883690,,54,1,
1368815,1878343,5418783430883690,,54,1,
1368815,1878363,5418783630883690,,54,1,
1368815,1878364,5418783640883690,,54,1,
1368815,1878365,5418783650883690,,54,1,
1368815,1878341,5518783410883690,,55,1,
1368815,1878343,5518783430883690,,55,1,
1368815,1878363,5518783630883690,,55,1,
1368815,1878364,5518783640883690,,55,1,
1368815,1878365,5518783650883690,,55,1,
1368815,1878341,5618783410883690,,56,1,
1368815,1878343,5618783430883690,,56,1,
1368815,1878363,5618783630883690,,56,1,
1368815,1878364,5618783640883690,,56,1,
1368815,1878365,5618783650883690,,56,1,
1368815,1878341,5718783410883690,,57,1,
1368815,1878343,5718783430883690,,57,1,
1368815,1878363,5718783630883690,,57,1,
1368815,1878364,5718783640883690,,57,1,
1368815,1878365,5718783650883690,,57,1,
1368815,1878341,5818783410883690,,58,1,
1368815,1878343,5818783430883690,,58,1,
1368815,1878363,5818783630883690,,58,1,
1368815,1878364,5818783640883690,,58,1,
1368815,1878365,5818783650883690,,58,1,
1368815,1878341,5918783410883690,,59,1,
1368815,1878343,5918783430883690,,59,1,
1368815,1878363,5918783630883690,,59,1,
1368815,1878364,5918783640883690,,59,1,
1368815,1878365,5918783650883690,,59,1,
1368815,1878341,6018783410883690,,60,1,
1368815,1878343,6018783430883690,,60,1,
1368815,1878363,6018783630883690,,60,1,
1368815,1878364,6018783640883690,,60,1,
1368815,1878365,6018783650883690,,60,1,
1368815,1878341,6118783410883690,,61,1,
1368815,1878343,6118783430883690,,61,1,
1368815,1878363,6118783630883690,,61,1,
1368815,1878364,6118783640883690,,61,1,
1368815,1878365,6118783650883690,,61,1,
1368815,1878341,618783410883690,,6,1,
1368815,1878343,618783430883690,,6,1,
1368815,1878363,618783630883690,,6,1,
1368815,1878364,618783640883690,,6,1,
1368815,1878365,618783650883690,,6,1,
1368815,1878341,6218783410883690,,62,1,
1368815,1878343,6218783430883690,,62,1,
1368815,1878363,6218783630883690,,62,1,
1368815,1878364,6218783640883690,,62,1,
1368815,1878365,6218783650883690,,62,1,
1368815,1878341,6318783410883690,,63,1,
1368815,1878343,6318783430883690,,63,1,
1368815,1878363,6318783630883690,,63,1,
1368815,1878364,6318783640883690,,63,1,
1368815,1878365,6318783650883690,,63,1,
1368815,1878341,6418783410883690,,64,1,
1368815,1878343,6418783430883690,,64,1,
1368815,1878363,6418783630883690,,64,1,
1368815,1878364,6418783640883690,,64,1,
1368815,1878365,6418783650883690,,64,1,
1368815,1878341,6518783410883690,,65,1,
1368815,1878343,6518783430883690,,65,1,
1368815,1878363,6518783630883690,,65,1,
1368815,1878364,6518783640883690,,65,1,
1368815,1878365,6518783650883690,,65,1,
1368815,1878341,6618783410883690,,66,1,
1368815,1878343,6618783430883690,,66,1,
1368815,1878363,6618783630883690,,66,1,
1368815,1878364,6618783640883690,,66,1,
1368815,1878365,6618783650883690,,66,1,
1368815,1878341,6718783410883690,,67,1,
1368815,1878343,6718783430883690,,67,1,
1368815,1878363,6718783630883690,,67,1,
1368815,1878364,6718783640883690,,67,1,
1368815,1878365,6718783650883690,,67,1,
1368815,1878341,6818783410883690,,68,1,
1368815,1878343,6818783430883690,,68,1,
1368815,1878363,6818783630883690,,68,1,
1368815,1878364,6818783640883690,,68,1,
1368815,1878365,6818783650883690,,68,1,
1368815,1878341,6918783410883690,,69,1,
1368815,1878343,6918783430883690,,69,1,
1368815,1878363,6918783630883690,,69,1,
1368815,1878364,6918783640883690,,69,1,
1368815,1878365,6918783650883690,,69,1,
1368815,1878341,7018783410883690,,70,1,
1368815,1878343,7018783430883690,,70,1,
1368815,1878363,7018783630883690,,70,1,
1368815,1878364,7018783640883690,,70,1,
1368815,1878365,7018783650883690,,70,1,
1368815,1878341,7118783410883690,,71,1,
1368815,1878343,7118783430883690,,71,1,
1368815,1878363,7118783630883690,,71,1,
1368815,1878364,7118783640883690,,71,1,
1368815,1878365,7118783650883690,,71,1,
1368815,1878341,718783410883690,,7,1,
1368815,1878343,718783430883690,,7,1,
1368815,1878363,718783630883690,,7,1,
1368815,1878364,718783640883690,,7,1,
1368815,1878365,718783650883690,,7,1,
1368815,1878341,7218783410883690,,72,1,
1368815,1878343,7218783430883690,,72,1,
1368815,1878363,7218783630883690,,72,1,
1368815,1878364,7218783640883690,,72,1,
1368815,1878365,7218783650883690,,72,1,
1368815,1878341,7318783410883690,,73,1,
1368815,1878343,7318783430883690,,73,1,
1368815,1878363,7318783630883690,,73,1,
1368815,1878364,7318783640883690,,73,1,
1368815,1878365,7318783650883690,,73,1,
1368815,1878341,7418783410883690,,74,1,
1368815,1878343,7418783430883690,,74,1,
1368815,1878363,7418783630883690,,74,1,
1368815,1878364,7418783640883690,,74,1,
1368815,1878365,7418783650883690,,74,1,
1368815,1878341,7518783410883690,,75,1,
1368815,1878343,7518783430883690,,75,1,
1368815,1878363,7518783630883690,,75,1,
1368815,1878364,7518783640883690,,75,1,
1368815,1878365,7518783650883690,,75,1,
1368815,1878341,7618783410883690,,76,1,
1368815,1878343,7618783430883690,,76,1,
1368815,1878363,7618783630883690,,76,1,
1368815,1878364,7618783640883690,,76,1,
1368815,1878365,7618783650883690,,76,1,
1368815,1878341,7718783410883690,,77,1,
1368815,1878343,7718783430883690,,77,1,
1368815,1878363,7718783630883690,,77,1,
1368815,1878364,7718783640883690,,77,1,
1368815,1878365,7718783650883690,,77,1,
1368815,1878341,7818783410883690,,78,1,
1368815,1878343,7818783430883690,,78,1,
1368815,1878363,7818783630883690,,78,1,
1368815,1878364,7818783640883690,,78,1,
1368815,1878365,7818783650883690,,78,1,
1368815,1878341,7918783410883690,,79,1,
1368815,1878343,7918783430883690,,79,1,
1368815,1878363,7918783630883690,,79,1,
1368815,1878364,7918783640883690,,79,1,
1368815,1878365,7918783650883690,,79,1,
1368815,1878341,8018783410883690,,80,1,
1368815,1878343,8018783430883690,,80,1,
1368815,1878363,8018783630883690,,80,1,
1368815,1878364,8018783640883690,,80,1,
1368815,1878365,8018783650883690,,80,1,
1368815,1878341,8118783410883690,,81,1,
1368815,1878343,8118783430883690,,81,1,
1368815,1878363,8118783630883690,,81,1,
1368815,1878364,8118783640883690,,81,1,
1368815,1878365,8118783650883690,,81,1,
1368815,1878341,818783410883690,,8,1,
1368815,1878343,818783430883690,,8,1,
1368815,1878363,818783630883690,,8,1,
1368815,1878364,818783640883690,,8,1,
1368815,1878365,818783650883690,,8,1,
1368815,1878341,8218783410883690,,82,1,
1368815,1878343,8218783430883690,,82,1,
1368815,1878363,8218783630883690,,82,1,
1368815,1878364,8218783640883690,,82,1,
1368815,1878365,8218783650883690,,82,1,
1368815,1878341,8318783410883690,,83,1,
1368815,1878343,8318783430883690,,83,1,
1368815,1878363,8318783630883690,,83,1,
1368815,1878364,8318783640883690,,83,1,
1368815,1878365,8318783650883690,,83,1,
1368815,1878341,8418783410883690,,84,1,
1368815,1878343,8418783430883690,,84,1,
1368815,1878363,8418783630883690,,84,1,
1368815,1878364,8418783640883690,,84,1,
1368815,1878365,8418783650883690,,84,1,
1368815,1878341,8518783410883690,,85,1,
1368815,1878343,8518783430883690,,85,1,
1368815,1878363,8518783630883690,,85,1,
1368815,1878364,8518783640883690,,85,1,
1368815,1878365,8518783650883690,,85,1,
1368815,1878341,8618783410883690,,86,1,
1368815,1878343,8618783430883690,,86,1,
1368815,1878363,8618783630883690,,86,1,
1368815,1878364,8618783640883690,,86,1,
1368815,1878365,8618783650883690,,86,1,
1368815,1878341,8718783410883690,,87,1,
1368815,1878343,8718783430883690,,87,1,
1368815,1878363,8718783630883690,,87,1,
1368815,1878364,8718783640883690,,87,1,
1368815,1878365,8718783650883690,,87,1,
1368815,1878341,8818783410883690,,88,1,
1368815,1878343,8818783430883690,,88,1,
1368815,1878363,8818783630883690,,88,1,
1368815,1878364,8818783640883690,,88,1,
1368815,1878365,8818783650883690,,88,1,
1368815,1878341,8918783410883690,,89,1,
1368815,1878343,8918783430883690,,89,1,
1368815,1878363,8918783630883690,,89,1,
1368815,1878364,8918783640883690,,89,1,
1368815,1878365,8918783650883690,,89,1,
1368815,1878341,9018783410883690,,90,1,
1368815,1878343,9018783430883690,,90,1,
1368815,1878363,9018783630883690,,90,1,
1368815,1878364,9018783640883690,,90,1,
1368815,1878365,9018783650883690,,90,1,
1368815,1878341,9118783410883690,,91,1,
1368815,1878343,9118783430883690,,91,1,
1368815,1878363,9118783630883690,,91,1,
1368815,1878364,9118783640883690,,91,1,
1368815,1878365,9118783650883690,,91,1,
1368815,1878341,918783410883690,,9,1,
1368815,1878343,918783430883690,,9,1,
1368815,1878363,918783630883690,,9,1,
1368815,1878364,918783640883690,,9,1,
1368815,1878365,918783650883690,,9,1,
1368815,1878341,9218783410883690,,92,1,
1368815,1878343,9218783430883690,,92,1,
1368815,1878363,9218783630883690,,92,1,
1368815,1878364,9218783640883690,,92,1,
1368815,1878365,9218783650883690,,92,1,
1368815,1878341,9318783410883690,,93,1,
1368815,1878343,9318783430883690,,93,1,
1368815,1878363,9318783630883690,,93,1,
1368815,1878364,9318783640883690,,93,1,
1368815,1878365,9318783650883690,,93,1,
1368815,1878341,9418783410883690,,94,1,
1368815,1878343,9418783430883690,,94,1,
1368815,1878363,9418783630883690,,94,1,
1368815,1878364,9418783640883690,,94,1,
1368815,1878365,9418783650883690,,94,1,
1368815,1878341,9518783410883690,,95,1,
1368815,1878343,9518783430883690,,95,1,
1368815,1878363,9518783630883690,,95,1,
1368815,1878364,9518783640883690,,95,1,
1368815,1878365,9518783650883690,,95,1,
1368815,1878341,9618783410883690,,96,1,
1368815,1878343,9618783430883690,,96,1,
1368815,1878363,9618783630883690,,96,1,
1368815,1878364,9618783640883690,,96,1,
1368815,1878365,9618783650883690,,96,1,
1368815,1878341,9718783410883690,,97,1,
1368815,1878343,9718783430883690,,97,1,
1368815,1878363,9718783630883690,,97,1,
1368815,1878364,9718783640883690,,97,1,
1368815,1878365,9718783650883690,,97,1,
1368815,1878341,9818783410883690,,98,1,
1368815,1878343,9818783430883690,,98,1,
1368815,1878363,9818783630883690,,98,1,
1368815,1878364,9818783640883690,,98,1,
1368815,1878365,9818783650883690,,98,1,
1368815,1878341,9918783410883690,,99,1,
1368815,1878343,9918783430883690,,99,1,
1368815,1878363,9918783630883690,,99,1,
1368815,1878364,9918783640883690,,99,1,
1368815,1878365,9918783650883690,,99,1,
1368815,1878363,1018783630883692,,10,1,
1368815,1878341,118783410883692,,1,1,
1368815,1878343,118783430883692,,1,1,
1368815,1878363,118783630883692,,1,1,
1368815,1878364,118783640883692,,1,1,
1368815,1878365,118783650883692,,1,1,
1368815,1878341,218783410883692,,2,1,
1368815,1878343,218783430883692,,2,1,
1368815,1878363,218783630883692,,2,1,
1368815,1878364,218783640883692,,2,1,
1368815,1878365,218783650883692,,2,1,
1368815,1878341,318783410883692,,3,1,
1368815,1878343,318783430883692,,3,1,
1368815,1878363,318783630883692,,3,1,
1368815,1878364,318783640883692,,3,1,
1368815,1878365,318783650883692,,3,1,
1368815,1878341,418783410883692,,4,1,
1368815,1878343,418783430883692,,4,1,
1368815,1878363,418783630883692,,4,1,
1368815,1878364,418783640883692,,4,1,
1368815,1878365,418783650883692,,4,1,
1368815,1878341,518783410883692,,5,1,
1368815,1878343,518783430883692,,5,1,
1368815,1878363,518783630883692,,5,1,
1368815,1878364,518783640883692,,5,1,
1368815,1878365,518783650883692,,5,1,
1368815,1878341,618783410883692,,6,1,
1368815,1878343,618783430883692,,6,1,
1368815,1878363,618783630883692,,6,1,
1368815,1878364,618783640883692,,6,1,
1368815,1878365,618783650883692,,6,1,
1368815,1878341,718783410883692,,7,1,
1368815,1878343,718783430883692,,7,1,
1368815,1878363,718783630883692,,7,1,
1368815,1878364,718783640883692,,7,1,
1368815,1878365,718783650883692,,7,1,
1368815,1878343,818783430883692,,8,1,
1368815,1878363,818783630883692,,8,1,
1368815,1878364,818783640883692,,8,1,
1368815,1878343,918783430883692,,9,1,
1368815,1878363,918783630883692,,9,1,
1368815,11878341,118783410883688,,1,1,
1368815,11878343,118783430883688,,1,1,
1368815,11878363,118783630883688,,1,1,
1368815,11878364,118783640883688,,1,1,
1368815,11878365,118783650883688,,1,1,
1368815,11878341,218783410883688,,2,1,
1368815,11878343,218783430883688,,2,1,
1368815,11878363,218783630883688,,2,1,
1368815,11878364,218783640883688,,2,1,
1368815,11878365,218783650883688,,2,1,
