route_id,service_id,trip_id,trip_headsign,trip_short_name,direction_id,shape_id
1368818,1876889,10018768890955493,,100,0,
1368818,1876892,10018768920955493,,100,0,
1368818,1876893,10018768930955493,,100,0,
1368818,1876894,10018768940955493,,100,0,
1368818,1876895,10018768950955493,,100,0,
1368818,1876889,10118768890955493,,101,0,
1368818,1876892,10118768920955493,,101,0,
1368818,1876893,10118768930955493,,101,0,
1368818,1876894,10118768940955493,,101,0,
1368818,1876895,10118768950955493,,101,0,
1368818,1876885,1018768850955493,,10,0,
1368818,1876886,1018768860955493,,10,0,
1368818,1876889,1018768890955493,,10,0,
1368818,1876892,1018768920955493,,10,0,
1368818,1876893,1018768930955493,,10,0,
1368818,1876894,1018768940955493,,10,0,
1368818,1876895,1018768950955493,,10,0,
1368818,1876889,10218768890955493,,102,0,
1368818,1876892,10218768920955493,,102,0,
1368818,1876893,10218768930955493,,102,0,
1368818,1876894,10218768940955493,,102,0,
1368818,1876895,10218768950955493,,102,0,
1368818,1876889,10318768890955493,,103,0,
1368818,1876892,10318768920955493,,103,0,
1368818,1876893,10318768930955493,,103,0,
1368818,1876894,10318768940955493,,103,0,
1368818,1876895,10318768950955493,,103,0,
1368818,1876889,10418768890955493,,104,0,
1368818,1876892,10418768920955493,,104,0,
1368818,1876893,10418768930955493,,104,0,
1368818,1876894,10418768940955493,,104,0,
1368818,11876895,10418768950955493,,104,0,
1368818,1876889,10518768890955493,,105,0,
1368818,1876892,10518768920955493,,105,0,
1368818,1876893,10518768930955493,,105,0,
1368818,1876894,10518768940955493,,105,0,
1368818,11876895,10518768950955493,,105,0,
1368818,1876889,10618768890955493,,106,0,
1368818,1876892,10618768920955493,,106,0,
1368818,1876893,10618768930955493,,106,0,
1368818,1876894,10618768940955493,,106,0,
1368818,1876889,10718768890955493,,107,0,
1368818,1876892,10718768920955493,,107,0,
1368818,1876893,10718768930955493,,107,0,
1368818,1876894,10718768940955493,,107,0,
1368818,1876889,10818768890955493,,108,0,
1368818,1876892,10818768920955493,,108,0,
1368818,1876893,10818768930955493,,108,0,
1368818,11876894,10818768940955493,,108,0,
1368818,1876889,10918768890955493,,109,0,
1368818,1876892,10918768920955493,,109,0,
1368818,1876893,10918768930955493,,109,0,
1368818,11876894,10918768940955493,,109,0,
1368818,1876889,11018768890955493,,110,0,
1368818,1876892,11018768920955493,,110,0,
1368818,1876893,11018768930955493,,110,0,
1368818,1876889,11118768890955493,,111,0,
1368818,1876892,11118768920955493,,111,0,
1368818,1876893,11118768930955493,,111,0,
1368818,1876885,1118768850955493,,11,0,
1368818,1876886,1118768860955493,,11,0,
1368818,1876889,1118768890955493,,11,0,
1368818,1876892,1118768920955493,,11,0,
1368818,1876893,1118768930955493,,11,0,
1368818,1876894,1118768940955493,,11,0,
1368818,1876895,1118768950955493,,11,0,
1368818,1876889,11218768890955493,,112,0,
1368818,1876892,11218768920955493,,112,0,
1368818,1876893,11218768930955493,,112,0,
1368818,1876889,11318768890955493,,113,0,
1368818,1876892,11318768920955493,,113,0,
1368818,1876893,11318768930955493,,113,0,
1368818,1876889,11418768890955493,,114,0,
1368818,1876892,11418768920955493,,114,0,
1368818,1876893,11418768930955493,,114,0,
1368818,1876889,11518768890955493,,115,0,
1368818,1876892,11518768920955493,,115,0,
1368818,1876893,11518768930955493,,115,0,
1368818,1876889,11618768890955493,,116,0,
1368818,1876892,11618768920955493,,116,0,
1368818,1876893,11618768930955493,,116,0,
1368818,1876889,11718768890955493,,117,0,
1368818,1876892,11718768920955493,,117,0,
1368818,1876893,11718768930955493,,117,0,
1368818,1876889,11818768890955493,,118,0,
1368818,1876892,11818768920955493,,118,0,
1368818,1876893,11818768930955493,,118,0,
1368818,1876885,118768850955493,,1,0,
1368818,1876886,118768860955493,,1,0,
1368818,1876889,118768890955493,,1,0,
1368818,1876892,118768920955493,,1,0,
1368818,1876893,118768930955493,,1,0,
1368818,1876894,118768940955493,,1,0,
1368818,1876895,118768950955493,,1,0,
1368818,1876889,11918768890955493,,119,0,
1368818,1876892,11918768920955493,,119,0,
1368818,1876893,11918768930955493,,119,0,
1368818,1876889,12018768890955493,,120,0,
1368818,1876892,12018768920955493,,120,0,
1368818,1876893,12018768930955493,,120,0,
1368818,11876889,12118768890955493,,121,0,
1368818,11876892,12118768920955493,,121,0,
1368818,1876893,12118768930955493,,121,0,
1368818,1876885,1218768850955493,,12,0,
1368818,1876886,1218768860955493,,12,0,
1368818,1876889,1218768890955493,,12,0,
1368818,1876892,1218768920955493,,12,0,
1368818,1876893,1218768930955493,,12,0,
1368818,1876894,1218768940955493,,12,0,
1368818,1876895,1218768950955493,,12,0,
1368818,11876889,12218768890955493,,122,0,
1368818,11876892,12218768920955493,,122,0,
1368818,1876893,12218768930955493,,122,0,
1368818,1876893,12318768930955493,,123,0,
1368818,1876893,12418768930955493,,124,0,
1368818,1876893,12518768930955493,,125,0,
1368818,1876893,12618768930955493,,126,0,
1368818,1876893,12718768930955493,,127,0,
1368818,1876893,12818768930955493,,128,0,
1368818,1876893,12918768930955493,,129,0,
1368818,1876893,13018768930955493,,130,0,
1368818,1876893,13118768930955493,,131,0,
1368818,1876885,1318768850955493,,13,0,
1368818,1876886,1318768860955493,,13,0,
1368818,1876889,1318768890955493,,13,0,
1368818,1876892,1318768920955493,,13,0,
1368818,1876893,1318768930955493,,13,0,
1368818,1876894,1318768940955493,,13,0,
1368818,1876895,1318768950955493,,13,0,
1368818,1876893,13218768930955493,,132,0,
1368818,1876893,13318768930955493,,133,0,
1368818,11876893,13418768930955493,,134,0,
1368818,11876893,13518768930955493,,135,0,
1368818,1876885,1418768850955493,,14,0,
1368818,1876886,1418768860955493,,14,0,
1368818,1876889,1418768890955493,,14,0,
1368818,1876892,1418768920955493,,14,0,
1368818,1876893,1418768930955493,,14,0,
1368818,1876894,1418768940955493,,14,0,
1368818,1876895,1418768950955493,,14,0,
1368818,1876885,1518768850955493,,15,0,
1368818,1876886,1518768860955493,,15,0,
1368818,1876889,1518768890955493,,15,0,
1368818,1876892,1518768920955493,,15,0,
1368818,1876893,1518768930955493,,15,0,
1368818,1876894,1518768940955493,,15,0,
1368818,1876895,1518768950955493,,15,0,
1368818,1876885,1618768850955493,,16,0,
1368818,1876886,1618768860955493,,16,0,
1368818,1876889,1618768890955493,,16,0,
1368818,1876892,1618768920955493,,16,0,
1368818,1876893,1618768930955493,,16,0,
1368818,1876894,1618768940955493,,16,0,
1368818,1876895,1618768950955493,,16,0,
1368818,1876885,1718768850955493,,17,0,
1368818,1876886,1718768860955493,,17,0,
1368818,1876889,1718768890955493,,17,0,
1368818,1876892,1718768920955493,,17,0,
1368818,1876893,1718768930955493,,17,0,
1368818,1876894,1718768940955493,,17,0,
1368818,1876895,1718768950955493,,17,0,
1368818,1876885,1818768850955493,,18,0,
1368818,1876886,1818768860955493,,18,0,
1368818,1876889,1818768890955493,,18,0,
1368818,1876892,1818768920955493,,18,0,
1368818,1876893,1818768930955493,,18,0,
1368818,1876894,1818768940955493,,18,0,
1368818,1876895,1818768950955493,,18,0,
1368818,1876885,1918768850955493,,19,0,
1368818,1876886,1918768860955493,,19,0,
1368818,1876889,1918768890955493,,19,0,
1368818,1876892,1918768920955493,,19,0,
1368818,1876893,1918768930955493,,19,0,
1368818,1876894,1918768940955493,,19,0,
1368818,1876895,1918768950955493,,19,0,
1368818,1876885,2018768850955493,,20,0,
1368818,1876886,2018768860955493,,20,0,
1368818,1876889,2018768890955493,,20,0,
1368818,1876892,2018768920955493,,20,0,
1368818,1876893,2018768930955493,,20,0,
1368818,1876894,2018768940955493,,20,0,
1368818,1876895,2018768950955493,,20,0,
1368818,1876885,2118768850955493,,21,0,
1368818,1876886,2118768860955493,,21,0,
1368818,1876889,2118768890955493,,21,0,
1368818,1876892,2118768920955493,,21,0,
1368818,1876893,2118768930955493,,21,0,
1368818,1876894,2118768940955493,,21,0,
1368818,1876895,2118768950955493,,21,0,
1368818,1876885,218768850955493,,2,0,
1368818,1876886,218768860955493,,2,0,
1368818,1876889,218768890955493,,2,0,
1368818,1876892,218768920955493,,2,0,
1368818,1876893,218768930955493,,2,0,
1368818,1876894,218768940955493,,2,0,
1368818,1876895,218768950955493,,2,0,
1368818,1876885,2218768850955493,,22,0,
1368818,1876886,2218768860955493,,22,0,
1368818,1876889,2218768890955493,,22,0,
1368818,1876892,2218768920955493,,22,0,
1368818,1876893,2218768930955493,,22,0,
1368818,1876894,2218768940955493,,22,0,
1368818,1876895,2218768950955493,,22,0,
1368818,1876885,2318768850955493,,23,0,
1368818,1876886,2318768860955493,,23,0,
1368818,1876889,2318768890955493,,23,0,
1368818,1876892,2318768920955493,,23,0,
1368818,1876893,2318768930955493,,23,0,
1368818,1876894,2318768940955493,,23,0,
1368818,1876895,2318768950955493,,23,0,
1368818,1876885,2418768850955493,,24,0,
1368818,1876886,2418768860955493,,24,0,
1368818,1876889,2418768890955493,,24,0,
1368818,1876892,2418768920955493,,24,0,
1368818,1876893,2418768930955493,,24,0,
1368818,1876894,2418768940955493,,24,0,
1368818,1876895,2418768950955493,,24,0,
1368818,1876885,2518768850955493,,25,0,
1368818,1876886,2518768860955493,,25,0,
1368818,1876889,2518768890955493,,25,0,
1368818,1876892,2518768920955493,,25,0,
1368818,1876893,2518768930955493,,25,0,
1368818,1876894,2518768940955493,,25,0,
1368818,1876895,2518768950955493,,25,0,
1368818,1876885,2618768850955493,,26,0,
1368818,1876886,2618768860955493,,26,0,
1368818,1876889,2618768890955493,,26,0,
1368818,1876892,2618768920955493,,26,0,
1368818,1876893,2618768930955493,,26,0,
1368818,1876894,2618768940955493,,26,0,
1368818,1876895,2618768950955493,,26,0,
1368818,1876885,2718768850955493,,27,0,
1368818,1876886,2718768860955493,,27,0,
1368818,1876889,2718768890955493,,27,0,
1368818,1876892,2718768920955493,,27,0,
1368818,1876893,2718768930955493,,27,0,
1368818,1876894,2718768940955493,,27,0,
1368818,1876895,2718768950955493,,27,0,
1368818,1876885,2818768850955493,,28,0,
1368818,1876886,2818768860955493,,28,0,
1368818,1876889,2818768890955493,,28,0,
1368818,1876892,2818768920955493,,28,0,
1368818,1876893,2818768930955493,,28,0,
1368818,1876894,2818768940955493,,28,0,
1368818,1876895,2818768950955493,,28,0,
1368818,1876885,2918768850955493,,29,0,
1368818,1876886,2918768860955493,,29,0,
1368818,1876889,2918768890955493,,29,0,
1368818,1876892,2918768920955493,,29,0,
1368818,1876893,2918768930955493,,29,0,
1368818,1876894,2918768940955493,,29,0,
1368818,1876895,2918768950955493,,29,0,
1368818,1876885,3018768850955493,,30,0,
1368818,1876886,3018768860955493,,30,0,
1368818,1876889,3018768890955493,,30,0,
1368818,1876892,3018768920955493,,30,0,
1368818,1876893,3018768930955493,,30,0,
1368818,1876894,3018768940955493,,30,0,
1368818,1876895,3018768950955493,,30,0,
1368818,1876885,3118768850955493,,31,0,
1368818,1876886,3118768860955493,,31,0,
1368818,1876889,3118768890955493,,31,0,
1368818,1876892,3118768920955493,,31,0,
1368818,1876893,3118768930955493,,31,0,
1368818,1876894,3118768940955493,,31,0,
1368818,1876895,3118768950955493,,31,0,
1368818,1876885,318768850955493,,3,0,
1368818,1876886,318768860955493,,3,0,
1368818,1876889,318768890955493,,3,0,
1368818,1876892,318768920955493,,3,0,
1368818,1876893,318768930955493,,3,0,
1368818,1876894,318768940955493,,3,0,
1368818,1876895,318768950955493,,3,0,
1368818,1876885,3218768850955493,,32,0,
1368818,1876886,3218768860955493,,32,0,
1368818,1876889,3218768890955493,,32,0,
1368818,1876892,3218768920955493,,32,0,
1368818,1876893,3218768930955493,,32,0,
1368818,1876894,3218768940955493,,32,0,
1368818,1876895,3218768950955493,,32,0,
1368818,1876885,3318768850955493,,33,0,
1368818,1876886,3318768860955493,,33,0,
1368818,1876889,3318768890955493,,33,0,
1368818,1876892,3318768920955493,,33,0,
1368818,1876893,3318768930955493,,33,0,
1368818,1876894,3318768940955493,,33,0,
1368818,1876895,3318768950955493,,33,0,
1368818,1876885,3418768850955493,,34,0,
1368818,1876886,3418768860955493,,34,0,
1368818,1876889,3418768890955493,,34,0,
1368818,1876892,3418768920955493,,34,0,
1368818,1876893,3418768930955493,,34,0,
1368818,1876894,3418768940955493,,34,0,
1368818,1876895,3418768950955493,,34,0,
1368818,1876885,3518768850955493,,35,0,
1368818,1876886,3518768860955493,,35,0,
1368818,1876889,3518768890955493,,35,0,
1368818,1876892,3518768920955493,,35,0,
1368818,1876893,3518768930955493,,35,0,
1368818,1876894,3518768940955493,,35,0,
1368818,1876895,3518768950955493,,35,0,
1368818,1876885,3618768850955493,,36,0,
1368818,1876886,3618768860955493,,36,0,
1368818,1876889,3618768890955493,,36,0,
1368818,1876892,3618768920955493,,36,0,
1368818,1876893,3618768930955493,,36,0,
1368818,1876894,3618768940955493,,36,0,
1368818,1876895,3618768950955493,,36,0,
1368818,1876885,3718768850955493,,37,0,
1368818,1876886,3718768860955493,,37,0,
1368818,1876889,3718768890955493,,37,0,
1368818,1876892,3718768920955493,,37,0,
1368818,1876893,3718768930955493,,37,0,
1368818,1876894,3718768940955493,,37,0,
1368818,1876895,3718768950955493,,37,0,
1368818,1876885,3818768850955493,,38,0,
1368818,1876886,3818768860955493,,38,0,
1368818,1876889,3818768890955493,,38,0,
1368818,1876892,3818768920955493,,38,0,
1368818,1876893,3818768930955493,,38,0,
1368818,1876894,3818768940955493,,38,0,
1368818,1876895,3818768950955493,,38,0,
1368818,1876885,3918768850955493,,39,0,
1368818,1876886,3918768860955493,,39,0,
1368818,1876889,3918768890955493,,39,0,
1368818,1876892,3918768920955493,,39,0,
1368818,1876893,3918768930955493,,39,0,
1368818,1876894,3918768940955493,,39,0,
1368818,1876895,3918768950955493,,39,0,
1368818,1876885,4018768850955493,,40,0,
1368818,1876886,4018768860955493,,40,0,
1368818,1876889,4018768890955493,,40,0,
1368818,1876892,4018768920955493,,40,0,
1368818,1876893,4018768930955493,,40,0,
1368818,1876894,4018768940955493,,40,0,
1368818,1876895,4018768950955493,,40,0,
1368818,1876885,4118768850955493,,41,0,
1368818,1876886,4118768860955493,,41,0,
1368818,1876889,4118768890955493,,41,0,
1368818,1876892,4118768920955493,,41,0,
1368818,1876893,4118768930955493,,41,0,
1368818,1876894,4118768940955493,,41,0,
1368818,1876895,4118768950955493,,41,0,
1368818,1876885,418768850955493,,4,0,
1368818,1876886,418768860955493,,4,0,
1368818,1876889,418768890955493,,4,0,
1368818,1876892,418768920955493,,4,0,
1368818,1876893,418768930955493,,4,0,
1368818,1876894,418768940955493,,4,0,
1368818,1876895,418768950955493,,4,0,
1368818,1876885,4218768850955493,,42,0,
1368818,1876886,4218768860955493,,42,0,
1368818,1876889,4218768890955493,,42,0,
1368818,1876892,4218768920955493,,42,0,
1368818,1876893,4218768930955493,,42,0,
1368818,1876894,4218768940955493,,42,0,
1368818,1876895,4218768950955493,,42,0,
1368818,1876885,4318768850955493,,43,0,
1368818,1876886,4318768860955493,,43,0,
1368818,1876889,4318768890955493,,43,0,
1368818,1876892,4318768920955493,,43,0,
1368818,1876893,4318768930955493,,43,0,
1368818,1876894,4318768940955493,,43,0,
1368818,1876895,4318768950955493,,43,0,
1368818,1876885,4418768850955493,,44,0,
1368818,1876886,4418768860955493,,44,0,
1368818,1876889,4418768890955493,,44,0,
1368818,1876892,4418768920955493,,44,0,
1368818,1876893,4418768930955493,,44,0,
1368818,1876894,4418768940955493,,44,0,
1368818,1876895,4418768950955493,,44,0,
1368818,1876885,4518768850955493,,45,0,
1368818,1876886,4518768860955493,,45,0,
1368818,1876889,4518768890955493,,45,0,
1368818,1876892,4518768920955493,,45,0,
1368818,1876893,4518768930955493,,45,0,
1368818,1876894,4518768940955493,,45,0,
1368818,1876895,4518768950955493,,45,0,
1368818,1876885,4618768850955493,,46,0,
1368818,1876886,4618768860955493,,46,0,
1368818,1876889,4618768890955493,,46,0,
1368818,1876892,4618768920955493,,46,0,
1368818,1876893,4618768930955493,,46,0,
1368818,1876894,4618768940955493,,46,0,
1368818,1876895,4618768950955493,,46,0,
1368818,1876885,4718768850955493,,47,0,
1368818,1876886,4718768860955493,,47,0,
1368818,1876889,4718768890955493,,47,0,
1368818,1876892,4718768920955493,,47,0,
1368818,1876893,4718768930955493,,47,0,
1368818,1876894,4718768940955493,,47,0,
1368818,1876895,4718768950955493,,47,0,
1368818,1876885,4818768850955493,,48,0,
1368818,1876886,4818768860955493,,48,0,
1368818,1876889,4818768890955493,,48,0,
1368818,1876892,4818768920955493,,48,0,
1368818,1876893,4818768930955493,,48,0,
1368818,1876894,4818768940955493,,48,0,
1368818,1876895,4818768950955493,,48,0,
1368818,1876885,4918768850955493,,49,0,
1368818,1876886,4918768860955493,,49,0,
1368818,1876889,4918768890955493,,49,0,
1368818,1876892,4918768920955493,,49,0,
1368818,1876893,4918768930955493,,49,0,
1368818,1876894,4918768940955493,,49,0,
1368818,1876895,4918768950955493,,49,0,
1368818,1876885,5018768850955493,,50,0,
1368818,1876886,5018768860955493,,50,0,
1368818,1876889,5018768890955493,,50,0,
1368818,1876892,5018768920955493,,50,0,
1368818,1876893,5018768930955493,,50,0,
1368818,1876894,5018768940955493,,50,0,
1368818,1876895,5018768950955493,,50,0,
1368818,1876885,5118768850955493,,51,0,
1368818,1876886,5118768860955493,,51,0,
1368818,1876889,5118768890955493,,51,0,
1368818,1876892,5118768920955493,,51,0,
1368818,1876893,5118768930955493,,51,0,
1368818,1876894,5118768940955493,,51,0,
1368818,1876895,5118768950955493,,51,0,
1368818,1876885,518768850955493,,5,0,
1368818,1876886,518768860955493,,5,0,
1368818,1876889,518768890955493,,5,0,
1368818,1876892,518768920955493,,5,0,
1368818,1876893,518768930955493,,5,0,
1368818,1876894,518768940955493,,5,0,
1368818,1876895,518768950955493,,5,0,
1368818,1876885,5218768850955493,,52,0,
1368818,1876886,5218768860955493,,52,0,
1368818,1876889,5218768890955493,,52,0,
1368818,1876892,5218768920955493,,52,0,
1368818,1876893,5218768930955493,,52,0,
1368818,1876894,5218768940955493,,52,0,
1368818,1876895,5218768950955493,,52,0,
1368818,1876885,5318768850955493,,53,0,
1368818,1876886,5318768860955493,,53,0,
1368818,1876889,5318768890955493,,53,0,
1368818,1876892,5318768920955493,,53,0,
1368818,1876893,5318768930955493,,53,0,
1368818,1876894,5318768940955493,,53,0,
1368818,1876895,5318768950955493,,53,0,
1368818,1876885,5418768850955493,,54,0,
1368818,1876886,5418768860955493,,54,0,
1368818,1876889,5418768890955493,,54,0,
1368818,1876892,5418768920955493,,54,0,
1368818,1876893,5418768930955493,,54,0,
1368818,1876894,5418768940955493,,54,0,
1368818,1876895,5418768950955493,,54,0,
1368818,1876885,5518768850955493,,55,0,
1368818,1876886,5518768860955493,,55,0,
1368818,1876889,5518768890955493,,55,0,
1368818,1876892,5518768920955493,,55,0,
1368818,1876893,5518768930955493,,55,0,
1368818,1876894,5518768940955493,,55,0,
1368818,1876895,5518768950955493,,55,0,
1368818,1876885,5618768850955493,,56,0,
1368818,1876886,5618768860955493,,56,0,
1368818,1876889,5618768890955493,,56,0,
1368818,1876892,5618768920955493,,56,0,
1368818,1876893,5618768930955493,,56,0,
1368818,1876894,5618768940955493,,56,0,
1368818,1876895,5618768950955493,,56,0,
1368818,1876885,5718768850955493,,57,0,
1368818,1876886,5718768860955493,,57,0,
1368818,1876889,5718768890955493,,57,0,
1368818,1876892,5718768920955493,,57,0,
1368818,1876893,5718768930955493,,57,0,
1368818,1876894,5718768940955493,,57,0,
1368818,1876895,5718768950955493,,57,0,
1368818,1876885,5818768850955493,,58,0,
1368818,1876886,5818768860955493,,58,0,
1368818,1876889,5818768890955493,,58,0,
1368818,1876892,5818768920955493,,58,0,
1368818,1876893,5818768930955493,,58,0,
1368818,1876894,5818768940955493,,58,0,
1368818,1876895,5818768950955493,,58,0,
1368818,1876885,5918768850955493,,59,0,
1368818,1876886,5918768860955493,,59,0,
1368818,1876889,5918768890955493,,59,0,
1368818,1876892,5918768920955493,,59,0,
1368818,1876893,5918768930955493,,59,0,
1368818,1876894,5918768940955493,,59,0,
1368818,1876895,5918768950955493,,59,0,
1368818,1876885,6018768850955493,,60,0,
1368818,1876886,6018768860955493,,60,0,
1368818,1876889,6018768890955493,,60,0,
1368818,1876892,6018768920955493,,60,0,
1368818,1876893,6018768930955493,,60,0,
1368818,1876894,6018768940955493,,60,0,
1368818,1876895,6018768950955493,,60,0,
1368818,1876885,6118768850955493,,61,0,
1368818,1876886,6118768860955493,,61,0,
1368818,1876889,6118768890955493,,61,0,
1368818,1876892,6118768920955493,,61,0,
1368818,1876893,6118768930955493,,61,0,
1368818,1876894,6118768940955493,,61,0,
1368818,1876895,6118768950955493,,61,0,
1368818,1876885,618768850955493,,6,0,
1368818,1876886,618768860955493,,6,0,
1368818,1876889,618768890955493,,6,0,
1368818,1876892,618768920955493,,6,0,
1368818,1876893,618768930955493,,6,0,
1368818,1876894,618768940955493,,6,0,
1368818,1876895,618768950955493,,6,0,
1368818,1876885,6218768850955493,,62,0,
1368818,1876886,6218768860955493,,62,0,
1368818,1876889,6218768890955493,,62,0,
1368818,1876892,6218768920955493,,62,0,
1368818,1876893,6218768930955493,,62,0,
1368818,1876894,6218768940955493,,62,0,
1368818,1876895,6218768950955493,,62,0,
1368818,1876885,6318768850955493,,63,0,
1368818,1876886,6318768860955493,,63,0,
1368818,1876889,6318768890955493,,63,0,
1368818,1876892,6318768920955493,,63,0,
1368818,1876893,6318768930955493,,63,0,
1368818,1876894,6318768940955493,,63,0,
1368818,1876895,6318768950955493,,63,0,
1368818,1876885,6418768850955493,,64,0,
1368818,1876886,6418768860955493,,64,0,
1368818,1876889,6418768890955493,,64,0,
1368818,1876892,6418768920955493,,64,0,
1368818,1876893,6418768930955493,,64,0,
1368818,1876894,6418768940955493,,64,0,
1368818,1876895,6418768950955493,,64,0,
1368818,1876885,6518768850955493,,65,0,
1368818,1876886,6518768860955493,,65,0,
1368818,1876889,6518768890955493,,65,0,
1368818,1876892,6518768920955493,,65,0,
1368818,1876893,6518768930955493,,65,0,
1368818,1876894,6518768940955493,,65,0,
1368818,1876895,6518768950955493,,65,0,
1368818,1876885,6618768850955493,,66,0,
1368818,1876886,6618768860955493,,66,0,
1368818,1876889,6618768890955493,,66,0,
1368818,1876892,6618768920955493,,66,0,
1368818,1876893,6618768930955493,,66,0,
1368818,1876894,6618768940955493,,66,0,
1368818,1876895,6618768950955493,,66,0,
1368818,1876885,6718768850955493,,67,0,
1368818,1876886,6718768860955493,,67,0,
1368818,1876889,6718768890955493,,67,0,
1368818,1876892,6718768920955493,,67,0,
1368818,1876893,6718768930955493,,67,0,
1368818,1876894,6718768940955493,,67,0,
1368818,1876895,6718768950955493,,67,0,
1368818,1876885,6818768850955493,,68,0,
1368818,1876886,6818768860955493,,68,0,
1368818,1876889,6818768890955493,,68,0,
1368818,1876892,6818768920955493,,68,0,
1368818,1876893,6818768930955493,,68,0,
1368818,1876894,6818768940955493,,68,0,
1368818,1876895,6818768950955493,,68,0,
1368818,1876885,6918768850955493,,69,0,
1368818,1876886,6918768860955493,,69,0,
1368818,1876889,6918768890955493,,69,0,
1368818,1876892,6918768920955493,,69,0,
1368818,1876893,6918768930955493,,69,0,
1368818,1876894,6918768940955493,,69,0,
1368818,1876895,6918768950955493,,69,0,
1368818,1876885,7018768850955493,,70,0,
1368818,1876886,7018768860955493,,70,0,
1368818,1876889,7018768890955493,,70,0,
1368818,1876892,7018768920955493,,70,0,
1368818,1876893,7018768930955493,,70,0,
1368818,1876894,7018768940955493,,70,0,
1368818,1876895,7018768950955493,,70,0,
1368818,1876885,7118768850955493,,71,0,
1368818,1876886,7118768860955493,,71,0,
1368818,1876889,7118768890955493,,71,0,
1368818,1876892,7118768920955493,,71,0,
1368818,1876893,7118768930955493,,71,0,
1368818,1876894,7118768940955493,,71,0,
1368818,1876895,7118768950955493,,71,0,
1368818,1876885,718768850955493,,7,0,
1368818,1876886,718768860955493,,7,0,
1368818,1876889,718768890955493,,7,0,
1368818,1876892,718768920955493,,7,0,
1368818,1876893,718768930955493,,7,0,
1368818,1876894,718768940955493,,7,0,
1368818,1876895,718768950955493,,7,0,
1368818,1876885,7218768850955493,,72,0,
1368818,1876886,7218768860955493,,72,0,
1368818,1876889,7218768890955493,,72,0,
1368818,1876892,7218768920955493,,72,0,
1368818,1876893,7218768930955493,,72,0,
1368818,1876894,7218768940955493,,72,0,
1368818,1876895,7218768950955493,,72,0,
1368818,1876885,7318768850955493,,73,0,
1368818,1876886,7318768860955493,,73,0,
1368818,1876889,7318768890955493,,73,0,
1368818,1876892,7318768920955493,,73,0,
1368818,1876893,7318768930955493,,73,0,
1368818,1876894,7318768940955493,,73,0,
1368818,1876895,7318768950955493,,73,0,
1368818,1876885,7418768850955493,,74,0,
1368818,1876886,7418768860955493,,74,0,
1368818,1876889,7418768890955493,,74,0,
1368818,1876892,7418768920955493,,74,0,
1368818,1876893,7418768930955493,,74,0,
1368818,1876894,7418768940955493,,74,0,
1368818,1876895,7418768950955493,,74,0,
1368818,1876885,7518768850955493,,75,0,
1368818,1876886,7518768860955493,,75,0,
1368818,1876889,7518768890955493,,75,0,
1368818,1876892,7518768920955493,,75,0,
1368818,1876893,7518768930955493,,75,0,
1368818,1876894,7518768940955493,,75,0,
1368818,1876895,7518768950955493,,75,0,
1368818,1876885,7618768850955493,,76,0,
1368818,1876886,7618768860955493,,76,0,
1368818,1876889,7618768890955493,,76,0,
1368818,1876892,7618768920955493,,76,0,
1368818,1876893,7618768930955493,,76,0,
1368818,1876894,7618768940955493,,76,0,
1368818,1876895,7618768950955493,,76,0,
1368818,1876885,7718768850955493,,77,0,
1368818,1876886,7718768860955493,,77,0,
1368818,1876889,7718768890955493,,77,0,
1368818,1876892,7718768920955493,,77,0,
1368818,1876893,7718768930955493,,77,0,
1368818,1876894,7718768940955493,,77,0,
1368818,1876895,7718768950955493,,77,0,
1368818,1876885,7818768850955493,,78,0,
1368818,1876886,7818768860955493,,78,0,
1368818,1876889,7818768890955493,,78,0,
1368818,1876892,7818768920955493,,78,0,
1368818,1876893,7818768930955493,,78,0,
1368818,1876894,7818768940955493,,78,0,
1368818,1876895,7818768950955493,,78,0,
1368818,1876885,7918768850955493,,79,0,
1368818,1876886,7918768860955493,,79,0,
1368818,1876889,7918768890955493,,79,0,
1368818,1876892,7918768920955493,,79,0,
1368818,1876893,7918768930955493,,79,0,
1368818,1876894,7918768940955493,,79,0,
1368818,1876895,7918768950955493,,79,0,
1368818,1876885,8018768850955493,,80,0,
1368818,1876886,8018768860955493,,80,0,
1368818,1876889,8018768890955493,,80,0,
1368818,1876892,8018768920955493,,80,0,
1368818,1876893,8018768930955493,,80,0,
1368818,1876894,8018768940955493,,80,0,
1368818,1876895,8018768950955493,,80,0,
1368818,1876885,8118768850955493,,81,0,
1368818,1876886,8118768860955493,,81,0,
1368818,1876889,8118768890955493,,81,0,
1368818,1876892,8118768920955493,,81,0,
1368818,1876893,8118768930955493,,81,0,
1368818,1876894,8118768940955493,,81,0,
1368818,1876895,8118768950955493,,81,0,
1368818,1876885,818768850955493,,8,0,
1368818,1876886,818768860955493,,8,0,
1368818,1876889,818768890955493,,8,0,
1368818,1876892,818768920955493,,8,0,
1368818,1876893,818768930955493,,8,0,
1368818,1876894,818768940955493,,8,0,
1368818,1876895,818768950955493,,8,0,
1368818,1876885,8218768850955493,,82,0,
1368818,11876886,8218768860955493,,82,0,
1368818,1876889,8218768890955493,,82,0,
1368818,1876892,8218768920955493,,82,0,
1368818,1876893,8218768930955493,,82,0,
1368818,1876894,8218768940955493,,82,0,
1368818,1876895,8218768950955493,,82,0,
1368818,1876885,8318768850955493,,83,0,
1368818,11876886,8318768860955493,,83,0,
1368818,1876889,8318768890955493,,83,0,
1368818,1876892,8318768920955493,,83,0,
1368818,1876893,8318768930955493,,83,0,
1368818,1876894,8318768940955493,,83,0,
1368818,1876895,8318768950955493,,83,0,
1368818,11876885,8418768850955493,,84,0,
1368818,1876889,8418768890955493,,84,0,
1368818,1876892,8418768920955493,,84,0,
1368818,1876893,8418768930955493,,84,0,
1368818,1876894,8418768940955493,,84,0,
1368818,1876895,8418768950955493,,84,0,
1368818,11876885,8518768850955493,,85,0,
1368818,1876889,8518768890955493,,85,0,
1368818,1876892,8518768920955493,,85,0,
1368818,1876893,8518768930955493,,85,0,
1368818,1876894,8518768940955493,,85,0,
1368818,1876895,8518768950955493,,85,0,
1368818,1876889,8618768890955493,,86,0,
1368818,1876892,8618768920955493,,86,0,
1368818,1876893,8618768930955493,,86,0,
1368818,1876894,8618768940955493,,86,0,
1368818,1876895,8618768950955493,,86,0,
1368818,1876889,8718768890955493,,87,0,
1368818,1876892,8718768920955493,,87,0,
1368818,1876893,8718768930955493,,87,0,
1368818,1876894,8718768940955493,,87,0,
1368818,1876895,8718768950955493,,87,0,
1368818,1876889,8818768890955493,,88,0,
1368818,1876892,8818768920955493,,88,0,
1368818,1876893,8818768930955493,,88,0,
1368818,1876894,8818768940955493,,88,0,
1368818,1876895,8818768950955493,,88,0,
1368818,1876889,8918768890955493,,89,0,
1368818,1876892,8918768920955493,,89,0,
1368818,1876893,8918768930955493,,89,0,
1368818,1876894,8918768940955493,,89,0,
1368818,1876895,8918768950955493,,89,0,
1368818,1876889,9018768890955493,,90,0,
1368818,1876892,9018768920955493,,90,0,
1368818,1876893,9018768930955493,,90,0,
1368818,1876894,9018768940955493,,90,0,
1368818,1876895,9018768950955493,,90,0,
1368818,1876889,9118768890955493,,91,0,
1368818,1876892,9118768920955493,,91,0,
1368818,1876893,9118768930955493,,91,0,
1368818,1876894,9118768940955493,,91,0,
1368818,1876895,9118768950955493,,91,0,
1368818,1876885,918768850955493,,9,0,
1368818,1876886,918768860955493,,9,0,
1368818,1876889,918768890955493,,9,0,
1368818,1876892,918768920955493,,9,0,
1368818,1876893,918768930955493,,9,0,
1368818,1876894,918768940955493,,9,0,
1368818,1876895,918768950955493,,9,0,
1368818,1876889,9218768890955493,,92,0,
1368818,1876892,9218768920955493,,92,0,
1368818,1876893,9218768930955493,,92,0,
1368818,1876894,9218768940955493,,92,0,
1368818,1876895,9218768950955493,,92,0,
1368818,1876889,9318768890955493,,93,0,
1368818,1876892,9318768920955493,,93,0,
1368818,1876893,9318768930955493,,93,0,
1368818,1876894,9318768940955493,,93,0,
1368818,1876895,9318768950955493,,93,0,
1368818,1876889,9418768890955493,,94,0,
1368818,1876892,9418768920955493,,94,0,
1368818,1876893,9418768930955493,,94,0,
1368818,1876894,9418768940955493,,94,0,
1368818,1876895,9418768950955493,,94,0,
1368818,1876889,9518768890955493,,95,0,
1368818,1876892,9518768920955493,,95,0,
1368818,1876893,9518768930955493,,95,0,
1368818,1876894,9518768940955493,,95,0,
1368818,1876895,9518768950955493,,95,0,
1368818,1876889,9618768890955493,,96,0,
1368818,1876892,9618768920955493,,96,0,
1368818,1876893,9618768930955493,,96,0,
1368818,1876894,9618768940955493,,96,0,
1368818,1876895,9618768950955493,,96,0,
1368818,1876889,9718768890955493,,97,0,
1368818,1876892,9718768920955493,,97,0,
1368818,1876893,9718768930955493,,97,0,
1368818,1876894,9718768940955493,,97,0,
1368818,1876895,9718768950955493,,97,0,
1368818,1876889,9818768890955493,,98,0,
1368818,1876892,9818768920955493,,98,0,
1368818,1876893,9818768930955493,,98,0,
1368818,1876894,9818768940955493,,98,0,
1368818,1876895,9818768950955493,,98,0,
1368818,1876889,9918768890955493,,99,0,
1368818,1876892,9918768920955493,,99,0,
1368818,1876893,9918768930955493,,99,0,
1368818,1876894,9918768940955493,,99,0,
1368818,1876895,9918768950955493,,99,0,
1368818,1876889,1018768890884480,,10,0,
1368818,1876892,1018768920884480,,10,0,
1368818,1876893,1018768930884480,,10,0,
1368818,1876889,1118768890884480,,11,0,
1368818,1876892,1118768920884480,,11,0,
1368818,1876893,1118768930884480,,11,0,
1368818,1876889,118768890884480,,1,0,
1368818,1876892,118768920884480,,1,0,
1368818,1876893,118768930884480,,1,0,
1368818,1876889,1218768890884480,,12,0,
1368818,1876892,1218768920884480,,12,0,
1368818,1876893,1218768930884480,,12,0,
1368818,1876889,1318768890884480,,13,0,
1368818,1876892,1318768920884480,,13,0,
1368818,1876893,1318768930884480,,13,0,
1368818,1876893,1418768930884480,,14,0,
1368818,1876889,218768890884480,,2,0,
1368818,1876892,218768920884480,,2,0,
1368818,1876893,218768930884480,,2,0,
1368818,1876889,318768890884480,,3,0,
1368818,1876892,318768920884480,,3,0,
1368818,1876893,318768930884480,,3,0,
1368818,1876889,418768890884480,,4,0,
1368818,1876892,418768920884480,,4,0,
1368818,1876893,418768930884480,,4,0,
1368818,1876889,518768890884480,,5,0,
1368818,1876892,518768920884480,,5,0,
1368818,1876893,518768930884480,,5,0,
1368818,1876889,618768890884480,,6,0,
1368818,1876892,618768920884480,,6,0,
1368818,1876893,618768930884480,,6,0,
1368818,1876889,718768890884480,,7,0,
1368818,1876892,718768920884480,,7,0,
1368818,1876893,718768930884480,,7,0,
1368818,1876889,818768890884480,,8,0,
1368818,1876892,818768920884480,,8,0,
1368818,1876893,818768930884480,,8,0,
1368818,1876889,918768890884480,,9,0,
1368818,1876892,918768920884480,,9,0,
1368818,1876893,918768930884480,,9,0,
1368818,1876889,118768890884482,,1,0,
1368818,1876892,118768920884482,,1,0,
1368818,1876893,118768930884482,,1,0,
1368818,1876889,218768890884482,,2,0,
1368818,1876892,218768920884482,,2,0,
1368818,1876893,218768930884482,,2,0,
1368818,1876889,318768890884482,,3,0,
1368818,1876892,318768920884482,,3,0,
1368818,1876893,318768930884482,,3,0,
1368819,1876889,10018768890884477,,100,1,
1368819,1876892,10018768920884477,,100,1,
1368819,1876893,10018768930884477,,100,1,
1368819,1876894,10018768940884477,,100,1,
1368819,1876895,10018768950884477,,100,1,
1368819,1876889,10118768890884477,,101,1,
1368819,1876892,10118768920884477,,101,1,
1368819,1876893,10118768930884477,,101,1,
1368819,1876894,10118768940884477,,101,1,
1368819,1876895,10118768950884477,,101,1,
1368819,1876885,1018768850884477,,10,1,
1368819,1876886,1018768860884477,,10,1,
1368819,1876889,1018768890884477,,10,1,
1368819,1876892,1018768920884477,,10,1,
1368819,1876893,1018768930884477,,10,1,
1368819,1876894,1018768940884477,,10,1,
1368819,1876895,1018768950884477,,10,1,
1368819,1876889,10218768890884477,,102,1,
1368819,1876892,10218768920884477,,102,1,
1368819,1876893,10218768930884477,,102,1,
1368819,1876894,10218768940884477,,102,1,
1368819,1876895,10218768950884477,,102,1,
1368819,1876889,10318768890884477,,103,1,
1368819,1876892,10318768920884477,,103,1,
1368819,1876893,10318768930884477,,103,1,
1368819,1876894,10318768940884477,,103,1,
1368819,11876895,10318768950884477,,103,1,
1368819,1876889,10418768890884477,,104,1,
1368819,1876892,10418768920884477,,104,1,
1368819,1876893,10418768930884477,,104,1,
1368819,1876894,10418768940884477,,104,1,
1368819,11876895,10418768950884477,,104,1,
1368819,1876889,10518768890884477,,105,1,
1368819,1876892,10518768920884477,,105,1,
1368819,1876893,10518768930884477,,105,1,
1368819,1876894,10518768940884477,,105,1,
1368819,11876895,10518768950884477,,105,1,
1368819,1876889,10618768890884477,,106,1,
1368819,1876892,10618768920884477,,106,1,
1368819,1876893,10618768930884477,,106,1,
1368819,11876894,10618768940884477,,106,1,
1368819,1876889,10718768890884477,,107,1,
1368819,1876892,10718768920884477,,107,1,
1368819,1876893,10718768930884477,,107,1,
1368819,11876894,10718768940884477,,107,1,
1368819,1876889,10818768890884477,,108,1,
1368819,1876892,10818768920884477,,108,1,
1368819,1876893,10818768930884477,,108,1,
1368819,11876894,10818768940884477,,108,1,
1368819,1876889,10918768890884477,,109,1,
1368819,1876892,10918768920884477,,109,1,
1368819,1876893,10918768930884477,,109,1,
1368819,1876889,11018768890884477,,110,1,
1368819,1876892,11018768920884477,,110,1,
1368819,1876893,11018768930884477,,110,1,
1368819,1876889,11118768890884477,,111,1,
1368819,1876892,11118768920884477,,111,1,
1368819,1876893,11118768930884477,,111,1,
1368819,1876885,1118768850884477,,11,1,
1368819,1876886,1118768860884477,,11,1,
1368819,1876889,1118768890884477,,11,1,
1368819,1876892,1118768920884477,,11,1,
1368819,1876893,1118768930884477,,11,1,
1368819,1876894,1118768940884477,,11,1,
1368819,1876895,1118768950884477,,11,1,
1368819,1876889,11218768890884477,,112,1,
1368819,1876892,11218768920884477,,112,1,
1368819,1876893,11218768930884477,,112,1,
1368819,1876889,11318768890884477,,113,1,
1368819,1876892,11318768920884477,,113,1,
1368819,1876893,11318768930884477,,113,1,
1368819,1876889,11418768890884477,,114,1,
1368819,1876892,11418768920884477,,114,1,
1368819,1876893,11418768930884477,,114,1,
1368819,1876889,11518768890884477,,115,1,
1368819,1876892,11518768920884477,,115,1,
1368819,1876893,11518768930884477,,115,1,
1368819,1876889,11618768890884477,,116,1,
1368819,1876892,11618768920884477,,116,1,
1368819,1876893,11618768930884477,,116,1,
1368819,1876889,11718768890884477,,117,1,
1368819,1876892,11718768920884477,,117,1,
1368819,1876893,11718768930884477,,117,1,
1368819,1876889,11818768890884477,,118,1,
1368819,1876892,11818768920884477,,118,1,
1368819,1876893,11818768930884477,,118,1,
1368819,1876885,118768850884477,,1,1,
1368819,1876886,118768860884477,,1,1,
1368819,1876889,118768890884477,,1,1,
1368819,1876892,118768920884477,,1,1,
1368819,1876893,118768930884477,,1,1,
1368819,1876894,118768940884477,,1,1,
1368819,1876895,118768950884477,,1,1,
1368819,1876889,11918768890884477,,119,1,
1368819,1876892,11918768920884477,,119,1,
1368819,1876893,11918768930884477,,119,1,
1368819,1876889,12018768890884477,,120,1,
1368819,1876892,12018768920884477,,120,1,
1368819,1876893,12018768930884477,,120,1,
1368819,1876889,12118768890884477,,121,1,
1368819,1876892,12118768920884477,,121,1,
1368819,1876893,12118768930884477,,121,1,
1368819,1876885,1218768850884477,,12,1,
1368819,1876886,1218768860884477,,12,1,
1368819,1876889,1218768890884477,,12,1,
1368819,1876892,1218768920884477,,12,1,
1368819,1876893,1218768930884477,,12,1,
1368819,1876894,1218768940884477,,12,1,
1368819,1876895,1218768950884477,,12,1,
1368819,1876889,12218768890884477,,122,1,
1368819,1876892,12218768920884477,,122,1,
1368819,1876893,12218768930884477,,122,1,
1368819,11876889,12318768890884477,,123,1,
1368819,11876892,12318768920884477,,123,1,
1368819,1876893,12318768930884477,,123,1,
1368819,11876889,12418768890884477,,124,1,
1368819,11876892,12418768920884477,,124,1,
1368819,1876893,12418768930884477,,124,1,
1368819,11876889,12518768890884477,,125,1,
1368819,11876892,12518768920884477,,125,1,
1368819,1876893,12518768930884477,,125,1,
1368819,1876893,12618768930884477,,126,1,
1368819,1876893,12718768930884477,,127,1,
1368819,1876893,12818768930884477,,128,1,
1368819,1876893,12918768930884477,,129,1,
1368819,1876893,13018768930884477,,130,1,
1368819,1876893,13118768930884477,,131,1,
1368819,1876885,1318768850884477,,13,1,
1368819,1876886,1318768860884477,,13,1,
1368819,1876889,1318768890884477,,13,1,
1368819,1876892,1318768920884477,,13,1,
1368819,1876893,1318768930884477,,13,1,
1368819,1876894,1318768940884477,,13,1,
1368819,1876895,1318768950884477,,13,1,
1368819,1876893,13218768930884477,,132,1,
1368819,1876893,13318768930884477,,133,1,
1368819,1876893,13418768930884477,,134,1,
1368819,1876893,13518768930884477,,135,1,
1368819,11876893,13618768930884477,,136,1,
1368819,11876893,13718768930884477,,137,1,
1368819,11876893,13818768930884477,,138,1,
1368819,1876885,1418768850884477,,14,1,
1368819,1876886,1418768860884477,,14,1,
1368819,1876889,1418768890884477,,14,1,
1368819,1876892,1418768920884477,,14,1,
1368819,1876893,1418768930884477,,14,1,
1368819,1876894,1418768940884477,,14,1,
1368819,1876895,1418768950884477,,14,1,
1368819,1876885,1518768850884477,,15,1,
1368819,1876886,1518768860884477,,15,1,
1368819,1876889,1518768890884477,,15,1,
1368819,1876892,1518768920884477,,15,1,
1368819,1876893,1518768930884477,,15,1,
1368819,1876894,1518768940884477,,15,1,
1368819,1876895,1518768950884477,,15,1,
1368819,1876885,1618768850884477,,16,1,
1368819,1876886,1618768860884477,,16,1,
1368819,1876889,1618768890884477,,16,1,
1368819,1876892,1618768920884477,,16,1,
1368819,1876893,1618768930884477,,16,1,
1368819,1876894,1618768940884477,,16,1,
1368819,1876895,1618768950884477,,16,1,
1368819,1876885,1718768850884477,,17,1,
1368819,1876886,1718768860884477,,17,1,
1368819,1876889,1718768890884477,,17,1,
1368819,1876892,1718768920884477,,17,1,
1368819,1876893,1718768930884477,,17,1,
1368819,1876894,1718768940884477,,17,1,
1368819,1876895,1718768950884477,,17,1,
1368819,1876885,1818768850884477,,18,1,
1368819,1876886,1818768860884477,,18,1,
1368819,1876889,1818768890884477,,18,1,
1368819,1876892,1818768920884477,,18,1,
1368819,1876893,1818768930884477,,18,1,
1368819,1876894,1818768940884477,,18,1,
1368819,1876895,1818768950884477,,18,1,
1368819,1876885,1918768850884477,,19,1,
1368819,1876886,1918768860884477,,19,1,
1368819,1876889,1918768890884477,,19,1,
1368819,1876892,1918768920884477,,19,1,
1368819,1876893,1918768930884477,,19,1,
1368819,1876894,1918768940884477,,19,1,
1368819,1876895,1918768950884477,,19,1,
1368819,1876885,2018768850884477,,20,1,
1368819,1876886,2018768860884477,,20,1,
1368819,1876889,2018768890884477,,20,1,
1368819,1876892,2018768920884477,,20,1,
1368819,1876893,2018768930884477,,20,1,
1368819,1876894,2018768940884477,,20,1,
1368819,1876895,2018768950884477,,20,1,
1368819,1876885,2118768850884477,,21,1,
1368819,1876886,2118768860884477,,21,1,
1368819,1876889,2118768890884477,,21,1,
1368819,1876892,2118768920884477,,21,1,
1368819,1876893,2118768930884477,,21,1,
1368819,1876894,2118768940884477,,21,1,
1368819,1876895,2118768950884477,,21,1,
1368819,1876885,218768850884477,,2,1,
1368819,1876886,218768860884477,,2,1,
1368819,1876889,218768890884477,,2,1,
1368819,1876892,218768920884477,,2,1,
1368819,1876893,218768930884477,,2,1,
1368819,1876894,218768940884477,,2,1,
1368819,1876895,218768950884477,,2,1,
1368819,1876885,2218768850884477,,22,1,
1368819,1876886,2218768860884477,,22,1,
1368819,1876889,2218768890884477,,22,1,
1368819,1876892,2218768920884477,,22,1,
1368819,1876893,2218768930884477,,22,1,
1368819,1876894,2218768940884477,,22,1,
1368819,1876895,2218768950884477,,22,1,
1368819,1876885,2318768850884477,,23,1,
1368819,1876886,2318768860884477,,23,1,
1368819,1876889,2318768890884477,,23,1,
1368819,1876892,2318768920884477,,23,1,
1368819,1876893,2318768930884477,,23,1,
1368819,1876894,2318768940884477,,23,1,
1368819,1876895,2318768950884477,,23,1,
1368819,1876885,2418768850884477,,24,1,
1368819,1876886,2418768860884477,,24,1,
1368819,1876889,2418768890884477,,24,1,
1368819,1876892,2418768920884477,,24,1,
1368819,1876893,2418768930884477,,24,1,
1368819,1876894,2418768940884477,,24,1,
1368819,1876895,2418768950884477,,24,1,
1368819,1876885,2518768850884477,,25,1,
1368819,1876886,2518768860884477,,25,1,
1368819,1876889,2518768890884477,,25,1,
1368819,1876892,2518768920884477,,25,1,
1368819,1876893,2518768930884477,,25,1,
1368819,1876894,2518768940884477,,25,1,
1368819,1876895,2518768950884477,,25,1,
1368819,1876885,2618768850884477,,26,1,
1368819,1876886,2618768860884477,,26,1,
1368819,1876889,2618768890884477,,26,1,
1368819,1876892,2618768920884477,,26,1,
1368819,1876893,2618768930884477,,26,1,
1368819,1876894,2618768940884477,,26,1,
1368819,1876895,2618768950884477,,26,1,
1368819,1876885,2718768850884477,,27,1,
1368819,1876886,2718768860884477,,27,1,
1368819,1876889,2718768890884477,,27,1,
1368819,1876892,2718768920884477,,27,1,
1368819,1876893,2718768930884477,,27,1,
1368819,1876894,2718768940884477,,27,1,
1368819,1876895,2718768950884477,,27,1,
1368819,1876885,2818768850884477,,28,1,
1368819,1876886,2818768860884477,,28,1,
1368819,1876889,2818768890884477,,28,1,
1368819,1876892,2818768920884477,,28,1,
1368819,1876893,2818768930884477,,28,1,
1368819,1876894,2818768940884477,,28,1,
1368819,1876895,2818768950884477,,28,1,
1368819,1876885,2918768850884477,,29,1,
1368819,1876886,2918768860884477,,29,1,
1368819,1876889,2918768890884477,,29,1,
1368819,1876892,2918768920884477,,29,1,
1368819,1876893,2918768930884477,,29,1,
1368819,1876894,2918768940884477,,29,1,
1368819,1876895,2918768950884477,,29,1,
1368819,1876885,3018768850884477,,30,1,
1368819,1876886,3018768860884477,,30,1,
1368819,1876889,3018768890884477,,30,1,
1368819,1876892,3018768920884477,,30,1,
1368819,1876893,3018768930884477,,30,1,
1368819,1876894,3018768940884477,,30,1,
1368819,1876895,3018768950884477,,30,1,
1368819,1876885,3118768850884477,,31,1,
1368819,1876886,3118768860884477,,31,1,
1368819,1876889,3118768890884477,,31,1,
1368819,1876892,3118768920884477,,31,1,
1368819,1876893,3118768930884477,,31,1,
1368819,1876894,3118768940884477,,31,1,
1368819,1876895,3118768950884477,,31,1,
1368819,1876885,318768850884477,,3,1,
1368819,1876886,318768860884477,,3,1,
1368819,1876889,318768890884477,,3,1,
1368819,1876892,318768920884477,,3,1,
1368819,1876893,318768930884477,,3,1,
1368819,1876894,318768940884477,,3,1,
1368819,1876895,318768950884477,,3,1,
1368819,1876885,3218768850884477,,32,1,
1368819,1876886,3218768860884477,,32,1,
1368819,1876889,3218768890884477,,32,1,
1368819,1876892,3218768920884477,,32,1,
1368819,1876893,3218768930884477,,32,1,
1368819,1876894,3218768940884477,,32,1,
1368819,1876895,3218768950884477,,32,1,
1368819,1876885,3318768850884477,,33,1,
1368819,1876886,3318768860884477,,33,1,
1368819,1876889,3318768890884477,,33,1,
1368819,1876892,3318768920884477,,33,1,
1368819,1876893,3318768930884477,,33,1,
1368819,1876894,3318768940884477,,33,1,
1368819,1876895,3318768950884477,,33,1,
1368819,1876885,3418768850884477,,34,1,
1368819,1876886,3418768860884477,,34,1,
1368819,1876889,3418768890884477,,34,1,
1368819,1876892,3418768920884477,,34,1,
1368819,1876893,3418768930884477,,34,1,
1368819,1876894,3418768940884477,,34,1,
1368819,1876895,3418768950884477,,34,1,
1368819,1876885,3518768850884477,,35,1,
1368819,1876886,3518768860884477,,35,1,
1368819,1876889,3518768890884477,,35,1,
1368819,1876892,3518768920884477,,35,1,
1368819,1876893,3518768930884477,,35,1,
1368819,1876894,3518768940884477,,35,1,
1368819,1876895,3518768950884477,,35,1,
1368819,1876885,3618768850884477,,36,1,
1368819,1876886,3618768860884477,,36,1,
1368819,1876889,3618768890884477,,36,1,
1368819,1876892,3618768920884477,,36,1,
1368819,1876893,3618768930884477,,36,1,
1368819,1876894,3618768940884477,,36,1,
1368819,1876895,3618768950884477,,36,1,
1368819,1876885,3718768850884477,,37,1,
1368819,1876886,3718768860884477,,37,1,
1368819,1876889,3718768890884477,,37,1,
1368819,1876892,3718768920884477,,37,1,
1368819,1876893,3718768930884477,,37,1,
1368819,1876894,3718768940884477,,37,1,
1368819,1876895,3718768950884477,,37,1,
1368819,1876885,3818768850884477,,38,1,
1368819,1876886,3818768860884477,,38,1,
1368819,1876889,3818768890884477,,38,1,
1368819,1876892,3818768920884477,,38,1,
1368819,1876893,3818768930884477,,38,1,
1368819,1876894,3818768940884477,,38,1,
1368819,1876895,3818768950884477,,38,1,
1368819,1876885,3918768850884477,,39,1,
1368819,1876886,3918768860884477,,39,1,
1368819,1876889,3918768890884477,,39,1,
1368819,1876892,3918768920884477,,39,1,
1368819,1876893,3918768930884477,,39,1,
1368819,1876894,3918768940884477,,39,1,
1368819,1876895,3918768950884477,,39,1,
1368819,1876885,4018768850884477,,40,1,
1368819,1876886,4018768860884477,,40,1,
1368819,1876889,4018768890884477,,40,1,
1368819,1876892,4018768920884477,,40,1,
1368819,1876893,4018768930884477,,40,1,
1368819,1876894,4018768940884477,,40,1,
1368819,1876895,4018768950884477,,40,1,
1368819,1876885,4118768850884477,,41,1,
1368819,1876886,4118768860884477,,41,1,
1368819,1876889,4118768890884477,,41,1,
1368819,1876892,4118768920884477,,41,1,
1368819,1876893,4118768930884477,,41,1,
1368819,1876894,4118768940884477,,41,1,
1368819,1876895,4118768950884477,,41,1,
1368819,1876885,418768850884477,,4,1,
1368819,1876886,418768860884477,,4,1,
1368819,1876889,418768890884477,,4,1,
1368819,1876892,418768920884477,,4,1,
1368819,1876893,418768930884477,,4,1,
1368819,1876894,418768940884477,,4,1,
1368819,1876895,418768950884477,,4,1,
1368819,1876885,4218768850884477,,42,1,
1368819,1876886,4218768860884477,,42,1,
1368819,1876889,4218768890884477,,42,1,
1368819,1876892,4218768920884477,,42,1,
1368819,1876893,4218768930884477,,42,1,
1368819,1876894,4218768940884477,,42,1,
1368819,1876895,4218768950884477,,42,1,
1368819,1876885,4318768850884477,,43,1,
1368819,1876886,4318768860884477,,43,1,
1368819,1876889,4318768890884477,,43,1,
1368819,1876892,4318768920884477,,43,1,
1368819,1876893,4318768930884477,,43,1,
1368819,1876894,4318768940884477,,43,1,
1368819,1876895,4318768950884477,,43,1,
1368819,1876885,4418768850884477,,44,1,
1368819,1876886,4418768860884477,,44,1,
1368819,1876889,4418768890884477,,44,1,
1368819,1876892,4418768920884477,,44,1,
1368819,1876893,4418768930884477,,44,1,
1368819,1876894,4418768940884477,,44,1,
1368819,1876895,4418768950884477,,44,1,
1368819,1876885,4518768850884477,,45,1,
1368819,1876886,4518768860884477,,45,1,
1368819,1876889,4518768890884477,,45,1,
1368819,1876892,4518768920884477,,45,1,
1368819,1876893,4518768930884477,,45,1,
1368819,1876894,4518768940884477,,45,1,
1368819,1876895,4518768950884477,,45,1,
1368819,1876885,4618768850884477,,46,1,
1368819,1876886,4618768860884477,,46,1,
1368819,1876889,4618768890884477,,46,1,
1368819,1876892,4618768920884477,,46,1,
1368819,1876893,4618768930884477,,46,1,
1368819,1876894,4618768940884477,,46,1,
1368819,1876895,4618768950884477,,46,1,
1368819,1876885,4718768850884477,,47,1,
1368819,1876886,4718768860884477,,47,1,
1368819,1876889,4718768890884477,,47,1,
1368819,1876892,4718768920884477,,47,1,
1368819,1876893,4718768930884477,,47,1,
1368819,1876894,4718768940884477,,47,1,
1368819,1876895,4718768950884477,,47,1,
1368819,1876885,4818768850884477,,48,1,
1368819,1876886,4818768860884477,,48,1,
1368819,1876889,4818768890884477,,48,1,
1368819,1876892,4818768920884477,,48,1,
1368819,1876893,4818768930884477,,48,1,
1368819,1876894,4818768940884477,,48,1,
1368819,1876895,4818768950884477,,48,1,
1368819,1876885,4918768850884477,,49,1,
1368819,1876886,4918768860884477,,49,1,
1368819,1876889,4918768890884477,,49,1,
1368819,1876892,4918768920884477,,49,1,
1368819,1876893,4918768930884477,,49,1,
1368819,1876894,4918768940884477,,49,1,
1368819,1876895,4918768950884477,,49,1,
1368819,1876885,5018768850884477,,50,1,
1368819,1876886,5018768860884477,,50,1,
1368819,1876889,5018768890884477,,50,1,
1368819,1876892,5018768920884477,,50,1,
1368819,1876893,5018768930884477,,50,1,
1368819,1876894,5018768940884477,,50,1,
1368819,1876895,5018768950884477,,50,1,
1368819,1876885,5118768850884477,,51,1,
1368819,1876886,5118768860884477,,51,1,
1368819,1876889,5118768890884477,,51,1,
1368819,1876892,5118768920884477,,51,1,
1368819,1876893,5118768930884477,,51,1,
1368819,1876894,5118768940884477,,51,1,
1368819,1876895,5118768950884477,,51,1,
1368819,1876885,518768850884477,,5,1,
1368819,1876886,518768860884477,,5,1,
1368819,1876889,518768890884477,,5,1,
1368819,1876892,518768920884477,,5,1,
1368819,1876893,518768930884477,,5,1,
1368819,1876894,518768940884477,,5,1,
1368819,1876895,518768950884477,,5,1,
1368819,1876885,5218768850884477,,52,1,
1368819,1876886,5218768860884477,,52,1,
1368819,1876889,5218768890884477,,52,1,
1368819,1876892,5218768920884477,,52,1,
1368819,1876893,5218768930884477,,52,1,
1368819,1876894,5218768940884477,,52,1,
1368819,1876895,5218768950884477,,52,1,
1368819,1876885,5318768850884477,,53,1,
1368819,1876886,5318768860884477,,53,1,
1368819,1876889,5318768890884477,,53,1,
1368819,1876892,5318768920884477,,53,1,
1368819,1876893,5318768930884477,,53,1,
1368819,1876894,5318768940884477,,53,1,
1368819,1876895,5318768950884477,,53,1,
1368819,1876885,5418768850884477,,54,1,
1368819,1876886,5418768860884477,,54,1,
1368819,1876889,5418768890884477,,54,1,
1368819,1876892,5418768920884477,,54,1,
1368819,1876893,5418768930884477,,54,1,
1368819,1876894,5418768940884477,,54,1,
1368819,1876895,5418768950884477,,54,1,
1368819,1876885,5518768850884477,,55,1,
1368819,1876886,5518768860884477,,55,1,
1368819,1876889,5518768890884477,,55,1,
1368819,1876892,5518768920884477,,55,1,
1368819,1876893,5518768930884477,,55,1,
1368819,1876894,5518768940884477,,55,1,
1368819,1876895,5518768950884477,,55,1,
1368819,1876885,5618768850884477,,56,1,
1368819,1876886,5618768860884477,,56,1,
1368819,1876889,5618768890884477,,56,1,
1368819,1876892,5618768920884477,,56,1,
1368819,1876893,5618768930884477,,56,1,
1368819,1876894,5618768940884477,,56,1,
1368819,1876895,5618768950884477,,56,1,
1368819,1876885,5718768850884477,,57,1,
1368819,1876886,5718768860884477,,57,1,
1368819,1876889,5718768890884477,,57,1,
1368819,1876892,5718768920884477,,57,1,
1368819,1876893,5718768930884477,,57,1,
1368819,1876894,5718768940884477,,57,1,
1368819,1876895,5718768950884477,,57,1,
1368819,1876885,5818768850884477,,58,1,
1368819,1876886,5818768860884477,,58,1,
1368819,1876889,5818768890884477,,58,1,
1368819,1876892,5818768920884477,,58,1,
1368819,1876893,5818768930884477,,58,1,
1368819,1876894,5818768940884477,,58,1,
1368819,1876895,5818768950884477,,58,1,
1368819,1876885,5918768850884477,,59,1,
1368819,1876886,5918768860884477,,59,1,
1368819,1876889,5918768890884477,,59,1,
1368819,1876892,5918768920884477,,59,1,
1368819,1876893,5918768930884477,,59,1,
1368819,1876894,5918768940884477,,59,1,
1368819,1876895,5918768950884477,,59,1,
1368819,1876885,6018768850884477,,60,1,
1368819,1876886,6018768860884477,,60,1,
1368819,1876889,6018768890884477,,60,1,
1368819,1876892,6018768920884477,,60,1,
1368819,1876893,6018768930884477,,60,1,
1368819,1876894,6018768940884477,,60,1,
1368819,1876895,6018768950884477,,60,1,
1368819,1876885,6118768850884477,,61,1,
1368819,1876886,6118768860884477,,61,1,
1368819,1876889,6118768890884477,,61,1,
1368819,1876892,6118768920884477,,61,1,
1368819,1876893,6118768930884477,,61,1,
1368819,1876894,6118768940884477,,61,1,
1368819,1876895,6118768950884477,,61,1,
1368819,1876885,618768850884477,,6,1,
1368819,1876886,618768860884477,,6,1,
1368819,1876889,618768890884477,,6,1,
1368819,1876892,618768920884477,,6,1,
1368819,1876893,618768930884477,,6,1,
1368819,1876894,618768940884477,,6,1,
1368819,1876895,618768950884477,,6,1,
1368819,1876885,6218768850884477,,62,1,
1368819,1876886,6218768860884477,,62,1,
1368819,1876889,6218768890884477,,62,1,
1368819,1876892,6218768920884477,,62,1,
1368819,1876893,6218768930884477,,62,1,
1368819,1876894,6218768940884477,,62,1,
1368819,1876895,6218768950884477,,62,1,
1368819,1876885,6318768850884477,,63,1,
1368819,1876886,6318768860884477,,63,1,
1368819,1876889,6318768890884477,,63,1,
1368819,1876892,6318768920884477,,63,1,
1368819,1876893,6318768930884477,,63,1,
1368819,1876894,6318768940884477,,63,1,
1368819,1876895,6318768950884477,,63,1,
1368819,1876885,6418768850884477,,64,1,
1368819,1876886,6418768860884477,,64,1,
1368819,1876889,6418768890884477,,64,1,
1368819,1876892,6418768920884477,,64,1,
1368819,1876893,6418768930884477,,64,1,
1368819,1876894,6418768940884477,,64,1,
1368819,1876895,6418768950884477,,64,1,
1368819,1876885,6518768850884477,,65,1,
1368819,1876886,6518768860884477,,65,1,
1368819,1876889,6518768890884477,,65,1,
1368819,1876892,6518768920884477,,65,1,
1368819,1876893,6518768930884477,,65,1,
1368819,1876894,6518768940884477,,65,1,
1368819,1876895,6518768950884477,,65,1,
1368819,1876885,6618768850884477,,66,1,
1368819,1876886,6618768860884477,,66,1,
1368819,1876889,6618768890884477,,66,1,
1368819,1876892,6618768920884477,,66,1,
1368819,1876893,6618768930884477,,66,1,
1368819,1876894,6618768940884477,,66,1,
1368819,1876895,6618768950884477,,66,1,
1368819,1876885,6718768850884477,,67,1,
1368819,1876886,6718768860884477,,67,1,
1368819,1876889,6718768890884477,,67,1,
1368819,1876892,6718768920884477,,67,1,
1368819,1876893,6718768930884477,,67,1,
1368819,1876894,6718768940884477,,67,1,
1368819,1876895,6718768950884477,,67,1,
1368819,1876885,6818768850884477,,68,1,
1368819,1876886,6818768860884477,,68,1,
1368819,1876889,6818768890884477,,68,1,
1368819,1876892,6818768920884477,,68,1,
1368819,1876893,6818768930884477,,68,1,
1368819,1876894,6818768940884477,,68,1,
1368819,1876895,6818768950884477,,68,1,
1368819,1876885,6918768850884477,,69,1,
1368819,1876886,6918768860884477,,69,1,
1368819,1876889,6918768890884477,,69,1,
1368819,1876892,6918768920884477,,69,1,
1368819,1876893,6918768930884477,,69,1,
1368819,1876894,6918768940884477,,69,1,
1368819,1876895,6918768950884477,,69,1,
1368819,1876885,7018768850884477,,70,1,
1368819,1876886,7018768860884477,,70,1,
1368819,1876889,7018768890884477,,70,1,
1368819,1876892,7018768920884477,,70,1,
1368819,1876893,7018768930884477,,70,1,
1368819,1876894,7018768940884477,,70,1,
1368819,1876895,7018768950884477,,70,1,
1368819,1876885,7118768850884477,,71,1,
1368819,1876886,7118768860884477,,71,1,
1368819,1876889,7118768890884477,,71,1,
1368819,1876892,7118768920884477,,71,1,
1368819,1876893,7118768930884477,,71,1,
1368819,1876894,7118768940884477,,71,1,
1368819,1876895,7118768950884477,,71,1,
1368819,1876885,718768850884477,,7,1,
1368819,1876886,718768860884477,,7,1,
1368819,1876889,718768890884477,,7,1,
1368819,1876892,718768920884477,,7,1,
1368819,1876893,718768930884477,,7,1,
1368819,1876894,718768940884477,,7,1,
1368819,1876895,718768950884477,,7,1,
1368819,1876885,7218768850884477,,72,1,
1368819,1876886,7218768860884477,,72,1,
1368819,1876889,7218768890884477,,72,1,
1368819,1876892,7218768920884477,,72,1,
1368819,1876893,7218768930884477,,72,1,
1368819,1876894,7218768940884477,,72,1,
1368819,1876895,7218768950884477,,72,1,
1368819,1876885,7318768850884477,,73,1,
1368819,1876886,7318768860884477,,73,1,
1368819,1876889,7318768890884477,,73,1,
1368819,1876892,7318768920884477,,73,1,
1368819,1876893,7318768930884477,,73,1,
1368819,1876894,7318768940884477,,73,1,
1368819,1876895,7318768950884477,,73,1,
1368819,1876885,7418768850884477,,74,1,
1368819,1876886,7418768860884477,,74,1,
1368819,1876889,7418768890884477,,74,1,
1368819,1876892,7418768920884477,,74,1,
1368819,1876893,7418768930884477,,74,1,
1368819,1876894,7418768940884477,,74,1,
1368819,1876895,7418768950884477,,74,1,
1368819,1876885,7518768850884477,,75,1,
1368819,1876886,7518768860884477,,75,1,
1368819,1876889,7518768890884477,,75,1,
1368819,1876892,7518768920884477,,75,1,
1368819,1876893,7518768930884477,,75,1,
1368819,1876894,7518768940884477,,75,1,
1368819,1876895,7518768950884477,,75,1,
1368819,1876885,7618768850884477,,76,1,
1368819,1876886,7618768860884477,,76,1,
1368819,1876889,7618768890884477,,76,1,
1368819,1876892,7618768920884477,,76,1,
1368819,1876893,7618768930884477,,76,1,
1368819,1876894,7618768940884477,,76,1,
1368819,1876895,7618768950884477,,76,1,
1368819,1876885,7718768850884477,,77,1,
1368819,1876886,7718768860884477,,77,1,
1368819,1876889,7718768890884477,,77,1,
1368819,1876892,7718768920884477,,77,1,
1368819,1876893,7718768930884477,,77,1,
1368819,1876894,7718768940884477,,77,1,
1368819,1876895,7718768950884477,,77,1,
1368819,1876885,7818768850884477,,78,1,
1368819,1876886,7818768860884477,,78,1,
1368819,1876889,7818768890884477,,78,1,
1368819,1876892,7818768920884477,,78,1,
1368819,1876893,7818768930884477,,78,1,
1368819,1876894,7818768940884477,,78,1,
1368819,1876895,7818768950884477,,78,1,
1368819,1876885,7918768850884477,,79,1,
1368819,1876886,7918768860884477,,79,1,
1368819,1876889,7918768890884477,,79,1,
1368819,1876892,7918768920884477,,79,1,
1368819,1876893,7918768930884477,,79,1,
1368819,1876894,7918768940884477,,79,1,
1368819,1876895,7918768950884477,,79,1,
1368819,1876885,8018768850884477,,80,1,
1368819,11876886,8018768860884477,,80,1,
1368819,1876889,8018768890884477,,80,1,
1368819,1876892,8018768920884477,,80,1,
1368819,1876893,8018768930884477,,80,1,
1368819,1876894,8018768940884477,,80,1,
1368819,1876895,8018768950884477,,80,1,
1368819,1876885,8118768850884477,,81,1,
1368819,11876886,8118768860884477,,81,1,
1368819,1876889,8118768890884477,,81,1,
1368819,1876892,8118768920884477,,81,1,
1368819,1876893,8118768930884477,,81,1,
1368819,1876894,8118768940884477,,81,1,
1368819,1876895,8118768950884477,,81,1,
1368819,1876885,818768850884477,,8,1,
1368819,1876886,818768860884477,,8,1,
1368819,1876889,818768890884477,,8,1,
1368819,1876892,818768920884477,,8,1,
1368819,1876893,818768930884477,,8,1,
1368819,1876894,818768940884477,,8,1,
1368819,1876895,818768950884477,,8,1,
1368819,11876885,8218768850884477,,82,1,
1368819,11876886,8218768860884477,,82,1,
1368819,1876889,8218768890884477,,82,1,
1368819,1876892,8218768920884477,,82,1,
1368819,1876893,8218768930884477,,82,1,
1368819,1876894,8218768940884477,,82,1,
1368819,1876895,8218768950884477,,82,1,
1368819,11876885,8318768850884477,,83,1,
1368819,1876889,8318768890884477,,83,1,
1368819,1876892,8318768920884477,,83,1,
1368819,1876893,8318768930884477,,83,1,
1368819,1876894,8318768940884477,,83,1,
1368819,1876895,8318768950884477,,83,1,
1368819,11876885,8418768850884477,,84,1,
1368819,1876889,8418768890884477,,84,1,
1368819,1876892,8418768920884477,,84,1,
1368819,1876893,8418768930884477,,84,1,
1368819,1876894,8418768940884477,,84,1,
1368819,1876895,8418768950884477,,84,1,
1368819,1876889,8518768890884477,,85,1,
1368819,1876892,8518768920884477,,85,1,
1368819,1876893,8518768930884477,,85,1,
1368819,1876894,8518768940884477,,85,1,
1368819,1876895,8518768950884477,,85,1,
1368819,1876889,8618768890884477,,86,1,
1368819,1876892,8618768920884477,,86,1,
1368819,1876893,8618768930884477,,86,1,
1368819,1876894,8618768940884477,,86,1,
1368819,1876895,8618768950884477,,86,1,
1368819,1876889,8718768890884477,,87,1,
1368819,1876892,8718768920884477,,87,1,
1368819,1876893,8718768930884477,,87,1,
1368819,1876894,8718768940884477,,87,1,
1368819,1876895,8718768950884477,,87,1,
1368819,1876889,8818768890884477,,88,1,
1368819,1876892,8818768920884477,,88,1,
1368819,1876893,8818768930884477,,88,1,
1368819,1876894,8818768940884477,,88,1,
1368819,1876895,8818768950884477,,88,1,
1368819,1876889,8918768890884477,,89,1,
1368819,1876892,8918768920884477,,89,1,
1368819,1876893,8918768930884477,,89,1,
1368819,1876894,8918768940884477,,89,1,
1368819,1876895,8918768950884477,,89,1,
1368819,1876889,9018768890884477,,90,1,
1368819,1876892,9018768920884477,,90,1,
1368819,1876893,9018768930884477,,90,1,
1368819,1876894,9018768940884477,,90,1,
1368819,1876895,9018768950884477,,90,1,
1368819,1876889,9118768890884477,,91,1,
1368819,1876892,9118768920884477,,91,1,
1368819,1876893,9118768930884477,,91,1,
1368819,1876894,9118768940884477,,91,1,
1368819,1876895,9118768950884477,,91,1,
1368819,1876885,918768850884477,,9,1,
1368819,1876886,918768860884477,,9,1,
1368819,1876889,918768890884477,,9,1,
1368819,1876892,918768920884477,,9,1,
1368819,1876893,918768930884477,,9,1,
1368819,1876894,918768940884477,,9,1,
1368819,1876895,918768950884477,,9,1,
1368819,1876889,9218768890884477,,92,1,
1368819,1876892,9218768920884477,,92,1,
1368819,1876893,9218768930884477,,92,1,
1368819,1876894,9218768940884477,,92,1,
1368819,1876895,9218768950884477,,92,1,
1368819,1876889,9318768890884477,,93,1,
1368819,1876892,9318768920884477,,93,1,
1368819,1876893,9318768930884477,,93,1,
1368819,1876894,9318768940884477,,93,1,
1368819,1876895,9318768950884477,,93,1,
1368819,1876889,9418768890884477,,94,1,
1368819,1876892,9418768920884477,,94,1,
1368819,1876893,9418768930884477,,94,1,
1368819,1876894,9418768940884477,,94,1,
1368819,1876895,9418768950884477,,94,1,
1368819,1876889,9518768890884477,,95,1,
1368819,1876892,9518768920884477,,95,1,
1368819,1876893,9518768930884477,,95,1,
1368819,1876894,9518768940884477,,95,1,
1368819,1876895,9518768950884477,,95,1,
1368819,1876889,9618768890884477,,96,1,
1368819,1876892,9618768920884477,,96,1,
1368819,1876893,9618768930884477,,96,1,
1368819,1876894,9618768940884477,,96,1,
1368819,1876895,9618768950884477,,96,1,
1368819,1876889,9718768890884477,,97,1,
1368819,1876892,9718768920884477,,97,1,
1368819,1876893,9718768930884477,,97,1,
1368819,1876894,9718768940884477,,97,1,
1368819,1876895,9718768950884477,,97,1,
1368819,1876889,9818768890884477,,98,1,
1368819,1876892,9818768920884477,,98,1,
1368819,1876893,9818768930884477,,98,1,
1368819,1876894,9818768940884477,,98,1,
1368819,1876895,9818768950884477,,98,1,
1368819,1876889,9918768890884477,,99,1,
1368819,1876892,9918768920884477,,99,1,
1368819,1876893,9918768930884477,,99,1,
1368819,1876894,9918768940884477,,99,1,
1368819,1876895,9918768950884477,,99,1,
1368819,1876889,1018768890884481,,10,1,
1368819,1876892,1018768920884481,,10,1,
1368819,1876893,1018768930884481,,10,1,
1368819,1876889,1118768890884481,,11,1,
1368819,1876892,1118768920884481,,11,1,
1368819,1876893,1118768930884481,,11,1,
1368819,1876889,118768890884481,,1,1,
1368819,1876892,118768920884481,,1,1,
1368819,1876893,118768930884481,,1,1,
1368819,1876889,1218768890884481,,12,1,
1368819,1876892,1218768920884481,,12,1,
1368819,1876893,1218768930884481,,12,1,
1368819,1876889,1318768890884481,,13,1,
1368819,1876892,1318768920884481,,13,1,
1368819,1876893,1318768930884481,,13,1,
1368819,1876889,1418768890884481,,14,1,
1368819,1876892,1418768920884481,,14,1,
1368819,1876893,1418768930884481,,14,1,
1368819,1876889,1518768890884481,,15,1,
1368819,1876892,1518768920884481,,15,1,
1368819,1876893,1518768930884481,,15,1,
1368819,1876889,1618768890884481,,16,1,
1368819,1876892,1618768920884481,,16,1,
1368819,1876893,1618768930884481,,16,1,
1368819,1876893,1718768930884481,,17,1,
1368819,1876893,1818768930884481,,18,1,
1368819,1876889,218768890884481,,2,1,
1368819,1876892,218768920884481,,2,1,
1368819,1876893,218768930884481,,2,1,
1368819,1876889,318768890884481,,3,1,
1368819,1876892,318768920884481,,3,1,
1368819,1876893,318768930884481,,3,1,
1368819,1876889,418768890884481,,4,1,
1368819,1876892,418768920884481,,4,1,
1368819,1876893,418768930884481,,4,1,
1368819,1876889,518768890884481,,5,1,
1368819,1876892,518768920884481,,5,1,
1368819,1876893,518768930884481,,5,1,
1368819,1876889,618768890884481,,6,1,
1368819,1876892,618768920884481,,6,1,
1368819,1876893,618768930884481,,6,1,
1368819,1876889,718768890884481,,7,1,
1368819,1876892,718768920884481,,7,1,
1368819,1876893,718768930884481,,7,1,
1368819,1876889,818768890884481,,8,1,
1368819,1876892,818768920884481,,8,1,
1368819,1876893,818768930884481,,8,1,
1368819,1876889,918768890884481,,9,1,
1368819,1876892,918768920884481,,9,1,
1368819,1876893,918768930884481,,9,1,
1368819,1876885,118768850884478,,1,1,
1368819,1876889,118768890884478,,1,1,
1368819,1876892,118768920884478,,1,1,
1368819,1876893,118768930884478,,1,1,
1368819,1876894,118768940884478,,1,1,
1368819,1876895,118768950884478,,1,1,
1368819,1876885,218768850884478,,2,1,
1368819,1876889,218768890884478,,2,1,
1368819,1876892,218768920884478,,2,1,
1368819,1876894,218768940884478,,2,1,
1368819,1876895,218768950884478,,2,1,
1368819,1876885,318768850884478,,3,1,
1368819,1876889,318768890884478,,3,1,
1368819,1876892,318768920884478,,3,1,
1368819,1876894,318768940884478,,3,1,
1368819,1876895,318768950884478,,3,1,
1368819,1876889,418768890884478,,4,1,
1368819,1876892,418768920884478,,4,1,
1368819,1876894,418768940884478,,4,1,
1368819,1876889,518768890884478,,5,1,
1368819,1876892,518768920884478,,5,1,
