from_stop_id,to_stop_id,transfer_type,min_transfer_time
4035562,5018141,2,54
4035562,5018140,2,36
2030,5018182,2,257
2030,5018183,2,218
3749770,5018145,2,49
2030,5018181,2,279
3749770,5018144,2,94
5018183,2028,2,218
4010686,5018145,2,45
4996994,5018140,2,52
4996994,5018141,2,34
5018206,5018164,2,18
2086,5018146,2,229
2086,5018147,2,212
5018181,2028,2,279
4016506,5018152,2,81
4016506,5018153,2,81
2545,5018183,2,274
4036856,5018146,2,27
2545,5018182,2,261
4036852,5018150,2,29
4473107,5018180,2,77
5018145,3811225,2,49
2212,5018143,2,282
5018204,5018167,2,69
5018204,5018166,2,18
4473106,5018180,2,56
5018204,5018165,2,68
5018179,4023046,2,107
3740295,5018140,2,53
3749638,5018152,2,72
2494,5018184,2,244
4473120,5018179,2,107
3749638,5018153,2,68
3740295,5018141,2,74
3748035,5018149,2,23
4008848,5018182,2,99
4008848,5018183,2,87
3748033,5018145,2,45
4211808,5018146,2,103
4211808,5018147,2,94
5158068,5018164,2,66
5158068,5018163,2,58
5018183,2147,2,218
4016505,5018153,2,89
4016505,5018152,2,39
2494,5018179,2,230
4996993,5018141,2,54
2547,5018147,2,212
4996993,5018140,2,36
3749998,5018185,2,105
3740315,5018183,2,23
2547,5018146,2,229
3747975,5018146,2,27
2148,5018182,2,257
4016345,5018160,2,66
2148,5018183,2,218
3666562,5018141,2,26
3666562,5018140,2,47
3807564,5018141,2,34
2148,5018181,2,279
3807564,5018140,2,52
3748034,5018147,2,27
2213,5018143,2,282
5018163,4016293,2,32
5018163,4016292,2,58
5657324,5018144,2,94
4008849,5018183,2,106
5468207,5018157,2,47
5468207,5018156,2,36
5018160,1888,2,222
2209,5018141,2,194
5657324,5018145,2,49
2209,5018140,2,193
4472871,5018141,2,36
4472871,5018140,2,29
3740326,5018179,2,78
4472549,5018183,2,106
3749933,5018153,2,96
3749933,5018152,2,52
4036853,5018151,2,29
4008385,5018182,2,99
5018185,2284,2,279
4008385,5018183,2,87
3740326,5018184,2,88
3748031,5018141,2,45
3748031,5018140,2,66
3740339,5018147,2,66
3740339,5018146,2,91
4045031,5018147,2,66
4045031,5018146,2,91
4016525,5018146,2,27
3740325,5018182,2,91
5468201,5018150,2,32
5468201,5018151,2,61
4472682,5018180,2,77
4045034,5018141,2,25
4211803,5018145,2,45
4037272,5018145,2,45
4211807,5018141,2,21
3740294,5018141,2,35
5018164,4036734,2,39
1684,5018179,2,230
3740294,5018140,2,35
5018164,4036735,2,66
4472765,5018164,2,18
5018144,3811225,2,94
4044988,5018140,2,21
4008223,5018183,2,106
3749996,5018185,2,103
4036854,5018148,2,23
5018141,4035915,2,70
4037270,5018140,2,53
4211799,5018148,2,23
4016469,5018146,2,27
4037270,5018141,2,74
2029,5018181,2,279
2077,5018143,2,282
5018182,2028,2,257
4472681,5018180,2,56
5018180,4023045,2,77
2029,5018182,2,257
5018141,4035916,2,35
2029,5018183,2,218
3747908,5018141,2,34
5018180,4473181,2,77
3747908,5018140,2,52
5018180,4473180,2,56
5018140,3764607,2,52
5018140,3764608,2,36
4045034,5018140,2,43
1953,5018140,2,193
1953,5018141,2,194
2208,5018140,2,193
5018182,4035037,2,99
5018179,3749702,2,107
2208,5018141,2,194
5018179,4022965,2,107
5018164,4016292,2,66
5018164,4016293,2,39
1883,5018150,2,245
4010728,5018146,2,91
1883,5018151,2,225
4008284,5018182,2,99
4008284,5018183,2,87
4010728,5018147,2,66
4996967,5018141,2,70
5018140,4035915,2,86
5158067,5018164,2,39
5018140,4035916,2,35
5158067,5018163,2,32
4996968,5018141,2,87
5468208,5018156,2,14
4996968,5018140,2,99
4996967,5018140,2,86
4211798,5018151,2,29
5018392,5018140,2,52
4016345,5018185,2,108
4016504,5018151,2,49
5018141,4035731,2,21
4016504,5018150,2,68
5018141,4035730,2,21
5018392,5018141,2,40
4036855,5018149,2,23
3749997,5018185,2,63
1958,5018143,2,282
3749639,5018152,2,69
3749639,5018153,2,108
4211806,5018141,2,21
5018141,3764607,2,34
4036857,5018144,2,45
5018141,3764608,2,54
1684,5018184,2,244
4211800,5018149,2,23
4008222,5018183,2,87
4036861,5018140,2,48
5018205,5018163,2,18
4008222,5018182,2,99
3747976,5018144,2,45
3666725,5018140,2,47
3666725,5018141,2,26
3765161,5018169,2,37
3666672,5018141,2,27
3747974,5018148,2,23
4472767,5018166,2,77
5018145,3749678,2,49
3666672,5018140,2,48
4472870,5018140,2,29
5018180,4022964,2,56
4016448,5018151,2,49
4472870,5018141,2,36
5468203,5018153,2,107
4016448,5018150,2,68
5018180,4022963,2,77
4472550,5018182,2,99
5468204,5018152,2,107
4472550,5018183,2,87
2033,5018148,2,214
2033,5018149,2,232
2126,5018143,2,282
2279,5018150,2,245
2279,5018151,2,225
3926230,5018156,2,36
3740300,5018146,2,103
2084,5018182,2,261
4035815,5018141,2,35
3740300,5018147,2,94
4211801,5018146,2,27
4035815,5018140,2,35
3926230,5018157,2,47
5468205,5018155,2,79
3765161,5018170,2,54
2084,5018183,2,274
5018182,3749983,2,78
5018185,1888,2,279
4036861,5018141,2,27
5018182,3749982,2,78
3765162,5018170,2,77
4036978,5018140,2,86
4036978,5018141,2,70
5018330,5018141,2,40
5018330,5018140,2,52
2110,5018147,2,212
3666620,5018140,2,48
4016450,5018152,2,81
2110,5018146,2,229
3666620,5018141,2,27
4016450,5018153,2,81
3747973,5018150,2,29
4472766,5018163,2,58
4472766,5018164,2,66
4036858,5018145,2,45
1906,5018153,2,256
1906,5018152,2,193
4009680,5018172,2,54
1954,5018141,2,194
5018182,2147,2,257
4009680,5018171,2,69
1954,5018140,2,193
5018140,3764653,2,52
5018163,4036734,2,32
4010702,5018163,2,32
4010702,5018164,2,39
5468202,5018150,2,24
4996966,5018141,2,34
5018163,4036735,2,58
4996966,5018140,2,52
1957,5018143,2,282
4472776,5018165,2,63
3666673,5018141,2,26
3666673,5018140,2,47
5468202,5018151,2,49
2061,5018146,2,229
2061,5018147,2,212
2267,5018152,2,193
2267,5018153,2,256
4472776,5018167,2,77
3749790,5018142,2,73
2149,5018183,2,218
4010687,5018144,2,45
2149,5018181,2,279
4035816,5018140,2,35
2149,5018182,2,257
4035816,5018141,2,35
2125,5018141,2,194
3740502,5018141,2,26
5018141,3764653,2,34
2514,5018174,2,216
3740502,5018140,2,47
2514,5018173,2,259
2125,5018140,2,193
3765159,5018168,2,17
5018160,2284,2,222
2076,5018140,2,193
3748036,5018151,2,29
3807565,5018140,2,36
2076,5018141,2,194
5018183,4035036,2,106
5018183,4035037,2,87
3807565,5018141,2,54
3926231,5018156,2,82
3926231,5018157,2,72
5018142,3749738,2,73
5018142,3811292,2,73
5018331,5018141,2,64
5018331,5018140,2,45
1655,5018151,2,225
1655,5018150,2,245
5018203,5018165,2,63
3740501,5018141,2,18
5018179,4473193,2,107
5018203,5018167,2,77
3740501,5018140,2,32
3740298,5018145,2,45
3765456,5018177,2,79
4036862,5018141,2,74
4036862,5018140,2,53
4045032,5018144,2,45
3666772,5018141,2,27
3765456,5018178,2,91
3666772,5018140,2,48
3747909,5018141,2,45
3747909,5018140,2,66
4035561,5018140,2,86
4035561,5018141,2,70
3740314,5018179,2,100
2535,5018151,2,225
4008285,5018183,2,87
4037273,5018146,2,103
4008285,5018182,2,99
2535,5018150,2,245
4037273,5018147,2,94
5018181,2147,2,279
1634,5018173,2,259
1634,5018174,2,216
3666561,5018140,2,48
3666561,5018141,2,27
3765162,5018169,2,38
4009652,5018171,2,69
4009652,5018172,2,54
3740314,5018184,2,66
3749932,5018153,2,108
3749932,5018152,2,69
4211802,5018144,2,45
4472694,5018179,2,107
5468206,5018154,2,79
3747978,5018140,2,52
3747978,5018141,2,34
2152,5018148,2,214
3740299,5018144,2,45
3813139,5018183,2,81
3813138,5018183,2,62
2152,5018149,2,232
3666724,5018141,2,27
3750016,5018160,2,41
3666724,5018140,2,48
4211797,5018150,2,29
4016449,5018152,2,39
4016449,5018153,2,89
5018144,3749678,2,94
4036979,5018141,2,74
3750007,5018170,2,106
5018180,3749700,2,77
4016352,5018160,2,64
4010688,5018147,2,94
4010688,5018146,2,103
4036979,5018140,2,53
3765457,5018178,2,84
4010701,5018164,2,66
3765457,5018177,2,69
4036934,5018146,2,103
4036934,5018147,2,94
5018180,3749701,2,56
3666621,5018140,2,47
4726747,5018183,2,81
5018183,3749982,2,41
5018183,3749983,2,41
3666621,5018141,2,26
4010701,5018163,2,58
