route_id,service_id,trip_id,trip_headsign,trip_short_name,direction_id,shape_id
1368712,1977392,10019773921102668,,100,0,
1368712,2005005,10020050051102668,,100,0,
1368712,2005007,10020050071102668,,100,0,
1368712,2005008,10020050081102668,,100,0,
1368712,1977392,10119773921102668,,101,0,
1368712,2005005,10120050051102668,,101,0,
1368712,2005007,10120050071102668,,101,0,
1368712,2005008,10120050081102668,,101,0,
1368712,1977392,1019773921102668,,10,0,
1368712,2005005,1020050051102668,,10,0,
1368712,2005007,1020050071102668,,10,0,
1368712,2005008,1020050081102668,,10,0,
1368712,1977392,10219773921102668,,102,0,
1368712,2005005,10220050051102668,,102,0,
1368712,2005007,10220050071102668,,102,0,
1368712,2005008,10220050081102668,,102,0,
1368712,1977392,10319773921102668,,103,0,
1368712,2005005,10320050051102668,,103,0,
1368712,2005007,10320050071102668,,103,0,
1368712,2005008,10320050081102668,,103,0,
1368712,1977392,10419773921102668,,104,0,
1368712,2005005,10420050051102668,,104,0,
1368712,2005007,10420050071102668,,104,0,
1368712,2005008,10420050081102668,,104,0,
1368712,1977392,10519773921102668,,105,0,
1368712,2005005,10520050051102668,,105,0,
1368712,2005007,10520050071102668,,105,0,
1368712,2005008,10520050081102668,,105,0,
1368712,1977392,10619773921102668,,106,0,
1368712,12005005,10620050051102668,,106,0,
1368712,2005007,10620050071102668,,106,0,
1368712,2005008,10620050081102668,,106,0,
1368712,1977392,10719773921102668,,107,0,
1368712,12005005,10720050051102668,,107,0,
1368712,2005007,10720050071102668,,107,0,
1368712,2005008,10720050081102668,,107,0,
1368712,1977392,10819773921102668,,108,0,
1368712,12005005,10820050051102668,,108,0,
1368712,2005007,10820050071102668,,108,0,
1368712,2005008,10820050081102668,,108,0,
1368712,1977392,10919773921102668,,109,0,
1368712,2005007,10920050071102668,,109,0,
1368712,2005008,10920050081102668,,109,0,
1368712,1977392,11019773921102668,,110,0,
1368712,2005007,11020050071102668,,110,0,
1368712,2005008,11020050081102668,,110,0,
1368712,1977392,11119773921102668,,111,0,
1368712,2005007,11120050071102668,,111,0,
1368712,2005008,11120050081102668,,111,0,
1368712,1977392,1119773921102668,,11,0,
1368712,2005005,1120050051102668,,11,0,
1368712,2005007,1120050071102668,,11,0,
1368712,2005008,1120050081102668,,11,0,
1368712,1977392,11219773921102668,,112,0,
1368712,2005007,11220050071102668,,112,0,
1368712,2005008,11220050081102668,,112,0,
1368712,1977392,11319773921102668,,113,0,
1368712,2005007,11320050071102668,,113,0,
1368712,2005008,11320050081102668,,113,0,
1368712,1977392,11419773921102668,,114,0,
1368712,2005007,11420050071102668,,114,0,
1368712,2005008,11420050081102668,,114,0,
1368712,1977392,11519773921102668,,115,0,
1368712,2005007,11520050071102668,,115,0,
1368712,2005008,11520050081102668,,115,0,
1368712,1977392,11619773921102668,,116,0,
1368712,2005007,11620050071102668,,116,0,
1368712,2005008,11620050081102668,,116,0,
1368712,1977392,11719773921102668,,117,0,
1368712,2005007,11720050071102668,,117,0,
1368712,2005008,11720050081102668,,117,0,
1368712,1977392,11819773921102668,,118,0,
1368712,2005007,11820050071102668,,118,0,
1368712,2005008,11820050081102668,,118,0,
1368712,1977392,11919773921102668,,119,0,
1368712,2005007,11920050071102668,,119,0,
1368712,2005008,11920050081102668,,119,0,
1368712,1977392,119773921102668,,1,0,
1368712,2005005,120050051102668,,1,0,
1368712,2005007,120050071102668,,1,0,
1368712,2005008,120050081102668,,1,0,
1368712,1977392,12019773921102668,,120,0,
1368712,2005007,12020050071102668,,120,0,
1368712,2005008,12020050081102668,,120,0,
1368712,1977392,12119773921102668,,121,0,
1368712,2005007,12120050071102668,,121,0,
1368712,2005008,12120050081102668,,121,0,
1368712,1977392,1219773921102668,,12,0,
1368712,2005005,1220050051102668,,12,0,
1368712,2005007,1220050071102668,,12,0,
1368712,2005008,1220050081102668,,12,0,
1368712,1977392,12219773921102668,,122,0,
1368712,2005007,12220050071102668,,122,0,
1368712,2005008,12220050081102668,,122,0,
1368712,1977392,12319773921102668,,123,0,
1368712,2005007,12320050071102668,,123,0,
1368712,2005008,12320050081102668,,123,0,
1368712,1977392,12419773921102668,,124,0,
1368712,2005007,12420050071102668,,124,0,
1368712,2005008,12420050081102668,,124,0,
1368712,1977392,12519773921102668,,125,0,
1368712,2005007,12520050071102668,,125,0,
1368712,2005008,12520050081102668,,125,0,
1368712,1977392,12619773921102668,,126,0,
1368712,2005007,12620050071102668,,126,0,
1368712,12005008,12620050081102668,,126,0,
1368712,1977392,12719773921102668,,127,0,
1368712,2005007,12720050071102668,,127,0,
1368712,12005008,12720050081102668,,127,0,
1368712,1977392,12819773921102668,,128,0,
1368712,2005007,12820050071102668,,128,0,
1368712,12005008,12820050081102668,,128,0,
1368712,1977392,12919773921102668,,129,0,
1368712,2005007,12920050071102668,,129,0,
1368712,1977392,13019773921102668,,130,0,
1368712,2005007,13020050071102668,,130,0,
1368712,1977392,13119773921102668,,131,0,
1368712,2005007,13120050071102668,,131,0,
1368712,1977392,1319773921102668,,13,0,
1368712,2005005,1320050051102668,,13,0,
1368712,2005007,1320050071102668,,13,0,
1368712,2005008,1320050081102668,,13,0,
1368712,1977392,13219773921102668,,132,0,
1368712,2005007,13220050071102668,,132,0,
1368712,1977392,13319773921102668,,133,0,
1368712,2005007,13320050071102668,,133,0,
1368712,1977392,13419773921102668,,134,0,
1368712,2005007,13420050071102668,,134,0,
1368712,1977392,13519773921102668,,135,0,
1368712,2005007,13520050071102668,,135,0,
1368712,1977392,13619773921102668,,136,0,
1368712,2005007,13620050071102668,,136,0,
1368712,1977392,13719773921102668,,137,0,
1368712,2005007,13720050071102668,,137,0,
1368712,1977392,13819773921102668,,138,0,
1368712,2005007,13820050071102668,,138,0,
1368712,1977392,13919773921102668,,139,0,
1368712,2005007,13920050071102668,,139,0,
1368712,1977392,14019773921102668,,140,0,
1368712,2005007,14020050071102668,,140,0,
1368712,1977392,14119773921102668,,141,0,
1368712,2005007,14120050071102668,,141,0,
1368712,1977392,1419773921102668,,14,0,
1368712,2005005,1420050051102668,,14,0,
1368712,2005007,1420050071102668,,14,0,
1368712,2005008,1420050081102668,,14,0,
1368712,1977392,14219773921102668,,142,0,
1368712,2005007,14220050071102668,,142,0,
1368712,11977392,14319773921102668,,143,0,
1368712,12005007,14320050071102668,,143,0,
1368712,11977392,14419773921102668,,144,0,
1368712,12005007,14420050071102668,,144,0,
1368712,11977392,14519773921102668,,145,0,
1368712,12005007,14520050071102668,,145,0,
1368712,1977392,1519773921102668,,15,0,
1368712,2005005,1520050051102668,,15,0,
1368712,2005007,1520050071102668,,15,0,
1368712,2005008,1520050081102668,,15,0,
1368712,1977392,1619773921102668,,16,0,
1368712,2005005,1620050051102668,,16,0,
1368712,2005007,1620050071102668,,16,0,
1368712,2005008,1620050081102668,,16,0,
1368712,1977392,1719773921102668,,17,0,
1368712,2005005,1720050051102668,,17,0,
1368712,2005007,1720050071102668,,17,0,
1368712,2005008,1720050081102668,,17,0,
1368712,1977392,1819773921102668,,18,0,
1368712,2005005,1820050051102668,,18,0,
1368712,2005007,1820050071102668,,18,0,
1368712,2005008,1820050081102668,,18,0,
1368712,1977392,1919773921102668,,19,0,
1368712,2005005,1920050051102668,,19,0,
1368712,2005007,1920050071102668,,19,0,
1368712,2005008,1920050081102668,,19,0,
1368712,1977392,2019773921102668,,20,0,
1368712,2005005,2020050051102668,,20,0,
1368712,2005007,2020050071102668,,20,0,
1368712,2005008,2020050081102668,,20,0,
1368712,1977392,2119773921102668,,21,0,
1368712,2005005,2120050051102668,,21,0,
1368712,2005007,2120050071102668,,21,0,
1368712,2005008,2120050081102668,,21,0,
1368712,1977392,219773921102668,,2,0,
1368712,2005005,220050051102668,,2,0,
1368712,2005007,220050071102668,,2,0,
1368712,2005008,220050081102668,,2,0,
1368712,1977392,2219773921102668,,22,0,
1368712,2005005,2220050051102668,,22,0,
1368712,2005007,2220050071102668,,22,0,
1368712,2005008,2220050081102668,,22,0,
1368712,1977392,2319773921102668,,23,0,
1368712,2005005,2320050051102668,,23,0,
1368712,2005007,2320050071102668,,23,0,
1368712,2005008,2320050081102668,,23,0,
1368712,1977392,2419773921102668,,24,0,
1368712,2005005,2420050051102668,,24,0,
1368712,2005007,2420050071102668,,24,0,
1368712,2005008,2420050081102668,,24,0,
1368712,1977392,2519773921102668,,25,0,
1368712,2005005,2520050051102668,,25,0,
1368712,2005007,2520050071102668,,25,0,
1368712,2005008,2520050081102668,,25,0,
1368712,1977392,2619773921102668,,26,0,
1368712,2005005,2620050051102668,,26,0,
1368712,2005007,2620050071102668,,26,0,
1368712,2005008,2620050081102668,,26,0,
1368712,1977392,2719773921102668,,27,0,
1368712,2005005,2720050051102668,,27,0,
1368712,2005007,2720050071102668,,27,0,
1368712,2005008,2720050081102668,,27,0,
1368712,1977392,2819773921102668,,28,0,
1368712,2005005,2820050051102668,,28,0,
1368712,2005007,2820050071102668,,28,0,
1368712,2005008,2820050081102668,,28,0,
1368712,1977392,2919773921102668,,29,0,
1368712,2005005,2920050051102668,,29,0,
1368712,2005007,2920050071102668,,29,0,
1368712,2005008,2920050081102668,,29,0,
1368712,1977392,3019773921102668,,30,0,
1368712,2005005,3020050051102668,,30,0,
1368712,2005007,3020050071102668,,30,0,
1368712,2005008,3020050081102668,,30,0,
1368712,1977392,3119773921102668,,31,0,
1368712,2005005,3120050051102668,,31,0,
1368712,2005007,3120050071102668,,31,0,
1368712,2005008,3120050081102668,,31,0,
1368712,1977392,319773921102668,,3,0,
1368712,2005005,320050051102668,,3,0,
1368712,2005007,320050071102668,,3,0,
1368712,2005008,320050081102668,,3,0,
1368712,1977392,3219773921102668,,32,0,
1368712,2005005,3220050051102668,,32,0,
1368712,2005007,3220050071102668,,32,0,
1368712,2005008,3220050081102668,,32,0,
1368712,1977392,3319773921102668,,33,0,
1368712,2005005,3320050051102668,,33,0,
1368712,2005007,3320050071102668,,33,0,
1368712,2005008,3320050081102668,,33,0,
1368712,1977392,3419773921102668,,34,0,
1368712,2005005,3420050051102668,,34,0,
1368712,2005007,3420050071102668,,34,0,
1368712,2005008,3420050081102668,,34,0,
1368712,1977392,3519773921102668,,35,0,
1368712,2005005,3520050051102668,,35,0,
1368712,2005007,3520050071102668,,35,0,
1368712,2005008,3520050081102668,,35,0,
1368712,1977392,3619773921102668,,36,0,
1368712,2005005,3620050051102668,,36,0,
1368712,2005007,3620050071102668,,36,0,
1368712,2005008,3620050081102668,,36,0,
1368712,1977392,3719773921102668,,37,0,
1368712,2005005,3720050051102668,,37,0,
1368712,2005007,3720050071102668,,37,0,
1368712,2005008,3720050081102668,,37,0,
1368712,1977392,3819773921102668,,38,0,
1368712,2005005,3820050051102668,,38,0,
1368712,2005007,3820050071102668,,38,0,
1368712,2005008,3820050081102668,,38,0,
1368712,1977392,3919773921102668,,39,0,
1368712,2005005,3920050051102668,,39,0,
1368712,2005007,3920050071102668,,39,0,
1368712,2005008,3920050081102668,,39,0,
1368712,1977392,4019773921102668,,40,0,
1368712,2005005,4020050051102668,,40,0,
1368712,2005007,4020050071102668,,40,0,
1368712,2005008,4020050081102668,,40,0,
1368712,1977392,4119773921102668,,41,0,
1368712,2005005,4120050051102668,,41,0,
1368712,2005007,4120050071102668,,41,0,
1368712,2005008,4120050081102668,,41,0,
1368712,1977392,419773921102668,,4,0,
1368712,2005005,420050051102668,,4,0,
1368712,2005007,420050071102668,,4,0,
1368712,2005008,420050081102668,,4,0,
1368712,1977392,4219773921102668,,42,0,
1368712,2005005,4220050051102668,,42,0,
1368712,2005007,4220050071102668,,42,0,
1368712,2005008,4220050081102668,,42,0,
1368712,1977392,4319773921102668,,43,0,
1368712,2005005,4320050051102668,,43,0,
1368712,2005007,4320050071102668,,43,0,
1368712,2005008,4320050081102668,,43,0,
1368712,1977392,4419773921102668,,44,0,
1368712,2005005,4420050051102668,,44,0,
1368712,2005007,4420050071102668,,44,0,
1368712,2005008,4420050081102668,,44,0,
1368712,1977392,4519773921102668,,45,0,
1368712,2005005,4520050051102668,,45,0,
1368712,2005007,4520050071102668,,45,0,
1368712,2005008,4520050081102668,,45,0,
1368712,1977392,4619773921102668,,46,0,
1368712,2005005,4620050051102668,,46,0,
1368712,2005007,4620050071102668,,46,0,
1368712,2005008,4620050081102668,,46,0,
1368712,1977392,4719773921102668,,47,0,
1368712,2005005,4720050051102668,,47,0,
1368712,2005007,4720050071102668,,47,0,
1368712,2005008,4720050081102668,,47,0,
1368712,1977392,4819773921102668,,48,0,
1368712,2005005,4820050051102668,,48,0,
1368712,2005007,4820050071102668,,48,0,
1368712,2005008,4820050081102668,,48,0,
1368712,1977392,4919773921102668,,49,0,
1368712,2005005,4920050051102668,,49,0,
1368712,2005007,4920050071102668,,49,0,
1368712,2005008,4920050081102668,,49,0,
1368712,1977392,5019773921102668,,50,0,
1368712,2005005,5020050051102668,,50,0,
1368712,2005007,5020050071102668,,50,0,
1368712,2005008,5020050081102668,,50,0,
1368712,1977392,5119773921102668,,51,0,
1368712,2005005,5120050051102668,,51,0,
1368712,2005007,5120050071102668,,51,0,
1368712,2005008,5120050081102668,,51,0,
1368712,1977392,519773921102668,,5,0,
1368712,2005005,520050051102668,,5,0,
1368712,2005007,520050071102668,,5,0,
1368712,2005008,520050081102668,,5,0,
1368712,1977392,5219773921102668,,52,0,
1368712,2005005,5220050051102668,,52,0,
1368712,2005007,5220050071102668,,52,0,
1368712,2005008,5220050081102668,,52,0,
1368712,1977392,5319773921102668,,53,0,
1368712,2005005,5320050051102668,,53,0,
1368712,2005007,5320050071102668,,53,0,
1368712,2005008,5320050081102668,,53,0,
1368712,1977392,5419773921102668,,54,0,
1368712,2005005,5420050051102668,,54,0,
1368712,2005007,5420050071102668,,54,0,
1368712,2005008,5420050081102668,,54,0,
1368712,1977392,5519773921102668,,55,0,
1368712,2005005,5520050051102668,,55,0,
1368712,2005007,5520050071102668,,55,0,
1368712,2005008,5520050081102668,,55,0,
1368712,1977392,5619773921102668,,56,0,
1368712,2005005,5620050051102668,,56,0,
1368712,2005007,5620050071102668,,56,0,
1368712,2005008,5620050081102668,,56,0,
1368712,1977392,5719773921102668,,57,0,
1368712,2005005,5720050051102668,,57,0,
1368712,2005007,5720050071102668,,57,0,
1368712,2005008,5720050081102668,,57,0,
1368712,1977392,5819773921102668,,58,0,
1368712,2005005,5820050051102668,,58,0,
1368712,2005007,5820050071102668,,58,0,
1368712,2005008,5820050081102668,,58,0,
1368712,1977392,5919773921102668,,59,0,
1368712,2005005,5920050051102668,,59,0,
1368712,2005007,5920050071102668,,59,0,
1368712,2005008,5920050081102668,,59,0,
1368712,1977392,6019773921102668,,60,0,
1368712,2005005,6020050051102668,,60,0,
1368712,2005007,6020050071102668,,60,0,
1368712,2005008,6020050081102668,,60,0,
1368712,1977392,6119773921102668,,61,0,
1368712,2005005,6120050051102668,,61,0,
1368712,2005007,6120050071102668,,61,0,
1368712,2005008,6120050081102668,,61,0,
1368712,1977392,619773921102668,,6,0,
1368712,2005005,620050051102668,,6,0,
1368712,2005007,620050071102668,,6,0,
1368712,2005008,620050081102668,,6,0,
1368712,1977392,6219773921102668,,62,0,
1368712,2005005,6220050051102668,,62,0,
1368712,2005007,6220050071102668,,62,0,
1368712,2005008,6220050081102668,,62,0,
1368712,1977392,6319773921102668,,63,0,
1368712,2005005,6320050051102668,,63,0,
1368712,2005007,6320050071102668,,63,0,
1368712,2005008,6320050081102668,,63,0,
1368712,1977392,6419773921102668,,64,0,
1368712,2005005,6420050051102668,,64,0,
1368712,2005007,6420050071102668,,64,0,
1368712,2005008,6420050081102668,,64,0,
1368712,1977392,6519773921102668,,65,0,
1368712,2005005,6520050051102668,,65,0,
1368712,2005007,6520050071102668,,65,0,
1368712,2005008,6520050081102668,,65,0,
1368712,1977392,6619773921102668,,66,0,
1368712,2005005,6620050051102668,,66,0,
1368712,2005007,6620050071102668,,66,0,
1368712,2005008,6620050081102668,,66,0,
1368712,1977392,6719773921102668,,67,0,
1368712,2005005,6720050051102668,,67,0,
1368712,2005007,6720050071102668,,67,0,
1368712,2005008,6720050081102668,,67,0,
1368712,1977392,6819773921102668,,68,0,
1368712,2005005,6820050051102668,,68,0,
1368712,2005007,6820050071102668,,68,0,
1368712,2005008,6820050081102668,,68,0,
1368712,1977392,6919773921102668,,69,0,
1368712,2005005,6920050051102668,,69,0,
1368712,2005007,6920050071102668,,69,0,
1368712,2005008,6920050081102668,,69,0,
1368712,1977392,7019773921102668,,70,0,
1368712,2005005,7020050051102668,,70,0,
1368712,2005007,7020050071102668,,70,0,
1368712,2005008,7020050081102668,,70,0,
1368712,1977392,7119773921102668,,71,0,
1368712,2005005,7120050051102668,,71,0,
1368712,2005007,7120050071102668,,71,0,
1368712,2005008,7120050081102668,,71,0,
1368712,1977392,719773921102668,,7,0,
1368712,2005005,720050051102668,,7,0,
1368712,2005007,720050071102668,,7,0,
1368712,2005008,720050081102668,,7,0,
1368712,1977392,7219773921102668,,72,0,
1368712,2005005,7220050051102668,,72,0,
1368712,2005007,7220050071102668,,72,0,
1368712,2005008,7220050081102668,,72,0,
1368712,1977392,7319773921102668,,73,0,
1368712,2005005,7320050051102668,,73,0,
1368712,2005007,7320050071102668,,73,0,
1368712,2005008,7320050081102668,,73,0,
1368712,1977392,7419773921102668,,74,0,
1368712,2005005,7420050051102668,,74,0,
1368712,2005007,7420050071102668,,74,0,
1368712,2005008,7420050081102668,,74,0,
1368712,1977392,7519773921102668,,75,0,
1368712,2005005,7520050051102668,,75,0,
1368712,2005007,7520050071102668,,75,0,
1368712,2005008,7520050081102668,,75,0,
1368712,1977392,7619773921102668,,76,0,
1368712,2005005,7620050051102668,,76,0,
1368712,2005007,7620050071102668,,76,0,
1368712,2005008,7620050081102668,,76,0,
1368712,1977392,7719773921102668,,77,0,
1368712,2005005,7720050051102668,,77,0,
1368712,2005007,7720050071102668,,77,0,
1368712,2005008,7720050081102668,,77,0,
1368712,1977392,7819773921102668,,78,0,
1368712,2005005,7820050051102668,,78,0,
1368712,2005007,7820050071102668,,78,0,
1368712,2005008,7820050081102668,,78,0,
1368712,1977392,7919773921102668,,79,0,
1368712,2005005,7920050051102668,,79,0,
1368712,2005007,7920050071102668,,79,0,
1368712,2005008,7920050081102668,,79,0,
1368712,1977392,8019773921102668,,80,0,
1368712,2005005,8020050051102668,,80,0,
1368712,2005007,8020050071102668,,80,0,
1368712,2005008,8020050081102668,,80,0,
1368712,1977392,8119773921102668,,81,0,
1368712,2005005,8120050051102668,,81,0,
1368712,2005007,8120050071102668,,81,0,
1368712,2005008,8120050081102668,,81,0,
1368712,1977392,819773921102668,,8,0,
1368712,2005005,820050051102668,,8,0,
1368712,2005007,820050071102668,,8,0,
1368712,2005008,820050081102668,,8,0,
1368712,1977392,8219773921102668,,82,0,
1368712,2005005,8220050051102668,,82,0,
1368712,2005007,8220050071102668,,82,0,
1368712,2005008,8220050081102668,,82,0,
1368712,1977392,8319773921102668,,83,0,
1368712,2005005,8320050051102668,,83,0,
1368712,2005007,8320050071102668,,83,0,
1368712,2005008,8320050081102668,,83,0,
1368712,1977392,8419773921102668,,84,0,
1368712,2005005,8420050051102668,,84,0,
1368712,2005007,8420050071102668,,84,0,
1368712,2005008,8420050081102668,,84,0,
1368712,1977392,8519773921102668,,85,0,
1368712,2005005,8520050051102668,,85,0,
1368712,2005007,8520050071102668,,85,0,
1368712,2005008,8520050081102668,,85,0,
1368712,1977392,8619773921102668,,86,0,
1368712,2005005,8620050051102668,,86,0,
1368712,2005007,8620050071102668,,86,0,
1368712,2005008,8620050081102668,,86,0,
1368712,1977392,8719773921102668,,87,0,
1368712,2005005,8720050051102668,,87,0,
1368712,2005007,8720050071102668,,87,0,
1368712,2005008,8720050081102668,,87,0,
1368712,1977392,8819773921102668,,88,0,
1368712,2005005,8820050051102668,,88,0,
1368712,2005007,8820050071102668,,88,0,
1368712,2005008,8820050081102668,,88,0,
1368712,1977392,8919773921102668,,89,0,
1368712,2005005,8920050051102668,,89,0,
1368712,2005007,8920050071102668,,89,0,
1368712,2005008,8920050081102668,,89,0,
1368712,1977392,9019773921102668,,90,0,
1368712,2005005,9020050051102668,,90,0,
1368712,2005007,9020050071102668,,90,0,
1368712,2005008,9020050081102668,,90,0,
1368712,1977392,9119773921102668,,91,0,
1368712,2005005,9120050051102668,,91,0,
1368712,2005007,9120050071102668,,91,0,
1368712,2005008,9120050081102668,,91,0,
1368712,1977392,919773921102668,,9,0,
1368712,2005005,920050051102668,,9,0,
1368712,2005007,920050071102668,,9,0,
1368712,2005008,920050081102668,,9,0,
1368712,1977392,9219773921102668,,92,0,
1368712,2005005,9220050051102668,,92,0,
1368712,2005007,9220050071102668,,92,0,
1368712,2005008,9220050081102668,,92,0,
1368712,1977392,9319773921102668,,93,0,
1368712,2005005,9320050051102668,,93,0,
1368712,2005007,9320050071102668,,93,0,
1368712,2005008,9320050081102668,,93,0,
1368712,1977392,9419773921102668,,94,0,
1368712,2005005,9420050051102668,,94,0,
1368712,2005007,9420050071102668,,94,0,
1368712,2005008,9420050081102668,,94,0,
1368712,1977392,9519773921102668,,95,0,
1368712,2005005,9520050051102668,,95,0,
1368712,2005007,9520050071102668,,95,0,
1368712,2005008,9520050081102668,,95,0,
1368712,1977392,9619773921102668,,96,0,
1368712,2005005,9620050051102668,,96,0,
1368712,2005007,9620050071102668,,96,0,
1368712,2005008,9620050081102668,,96,0,
1368712,1977392,9719773921102668,,97,0,
1368712,2005005,9720050051102668,,97,0,
1368712,2005007,9720050071102668,,97,0,
1368712,2005008,9720050081102668,,97,0,
1368712,1977392,9819773921102668,,98,0,
1368712,2005005,9820050051102668,,98,0,
1368712,2005007,9820050071102668,,98,0,
1368712,2005008,9820050081102668,,98,0,
1368712,1977392,9919773921102668,,99,0,
1368712,2005005,9920050051102668,,99,0,
1368712,2005007,9920050071102668,,99,0,
1368712,2005008,9920050081102668,,99,0,
1368712,1977392,1019773921102669,,10,0,
1368712,2005007,1020050071102669,,10,0,
1368712,2005008,1020050081102669,,10,0,
1368712,1977392,1119773921102669,,11,0,
1368712,2005007,1120050071102669,,11,0,
1368712,2005008,1120050081102669,,11,0,
1368712,1977392,119773921102669,,1,0,
1368712,2005007,120050071102669,,1,0,
1368712,2005008,120050081102669,,1,0,
1368712,1977392,1219773921102669,,12,0,
1368712,2005007,1220050071102669,,12,0,
1368712,2005008,1220050081102669,,12,0,
1368712,1977392,1319773921102669,,13,0,
1368712,2005007,1320050071102669,,13,0,
1368712,2005008,1320050081102669,,13,0,
1368712,1977392,1419773921102669,,14,0,
1368712,2005007,1420050071102669,,14,0,
1368712,2005008,1420050081102669,,14,0,
1368712,1977392,1519773921102669,,15,0,
1368712,2005007,1520050071102669,,15,0,
1368712,2005008,1520050081102669,,15,0,
1368712,1977392,1619773921102669,,16,0,
1368712,2005007,1620050071102669,,16,0,
1368712,2005008,1620050081102669,,16,0,
1368712,1977392,1719773921102669,,17,0,
1368712,2005007,1720050071102669,,17,0,
1368712,2005008,1720050081102669,,17,0,
1368712,1977392,1819773921102669,,18,0,
1368712,2005007,1820050071102669,,18,0,
1368712,2005008,1820050081102669,,18,0,
1368712,1977392,1919773921102669,,19,0,
1368712,2005007,1920050071102669,,19,0,
1368712,2005008,1920050081102669,,19,0,
1368712,1977392,2019773921102669,,20,0,
1368712,2005007,2020050071102669,,20,0,
1368712,2005008,2020050081102669,,20,0,
1368712,1977392,2119773921102669,,21,0,
1368712,2005007,2120050071102669,,21,0,
1368712,2005008,2120050081102669,,21,0,
1368712,1977392,219773921102669,,2,0,
1368712,2005007,220050071102669,,2,0,
1368712,2005008,220050081102669,,2,0,
1368712,1977392,2219773921102669,,22,0,
1368712,2005007,2220050071102669,,22,0,
1368712,2005008,2220050081102669,,22,0,
1368712,1977392,2319773921102669,,23,0,
1368712,2005007,2320050071102669,,23,0,
1368712,2005008,2320050081102669,,23,0,
1368712,1977392,2419773921102669,,24,0,
1368712,2005007,2420050071102669,,24,0,
1368712,2005008,2420050081102669,,24,0,
1368712,1977392,2519773921102669,,25,0,
1368712,2005007,2520050071102669,,25,0,
1368712,2005008,2520050081102669,,25,0,
1368712,1977392,2619773921102669,,26,0,
1368712,2005007,2620050071102669,,26,0,
1368712,2005008,2620050081102669,,26,0,
1368712,1977392,2719773921102669,,27,0,
1368712,2005007,2720050071102669,,27,0,
1368712,2005008,2720050081102669,,27,0,
1368712,1977392,2819773921102669,,28,0,
1368712,2005007,2820050071102669,,28,0,
1368712,1977392,2919773921102669,,29,0,
1368712,2005007,2920050071102669,,29,0,
1368712,1977392,3019773921102669,,30,0,
1368712,2005007,3020050071102669,,30,0,
1368712,1977392,3119773921102669,,31,0,
1368712,2005007,3120050071102669,,31,0,
1368712,1977392,319773921102669,,3,0,
1368712,2005007,320050071102669,,3,0,
1368712,2005008,320050081102669,,3,0,
1368712,1977392,3219773921102669,,32,0,
1368712,2005007,3220050071102669,,32,0,
1368712,1977392,3319773921102669,,33,0,
1368712,2005007,3320050071102669,,33,0,
1368712,1977392,3419773921102669,,34,0,
1368712,2005007,3420050071102669,,34,0,
1368712,1977392,3519773921102669,,35,0,
1368712,2005007,3520050071102669,,35,0,
1368712,1977392,3619773921102669,,36,0,
1368712,2005007,3620050071102669,,36,0,
1368712,1977392,3719773921102669,,37,0,
1368712,2005007,3720050071102669,,37,0,
1368712,1977392,3819773921102669,,38,0,
1368712,2005007,3820050071102669,,38,0,
1368712,1977392,3919773921102669,,39,0,
1368712,2005007,3920050071102669,,39,0,
1368712,1977392,4019773921102669,,40,0,
1368712,2005007,4020050071102669,,40,0,
1368712,1977392,4119773921102669,,41,0,
1368712,2005007,4120050071102669,,41,0,
1368712,1977392,419773921102669,,4,0,
1368712,2005007,420050071102669,,4,0,
1368712,2005008,420050081102669,,4,0,
1368712,1977392,4219773921102669,,42,0,
1368712,2005007,4220050071102669,,42,0,
1368712,1977392,4319773921102669,,43,0,
1368712,2005007,4320050071102669,,43,0,
1368712,1977392,4419773921102669,,44,0,
1368712,2005007,4420050071102669,,44,0,
1368712,1977392,4519773921102669,,45,0,
1368712,2005007,4520050071102669,,45,0,
1368712,1977392,4619773921102669,,46,0,
1368712,2005007,4620050071102669,,46,0,
1368712,1977392,4719773921102669,,47,0,
1368712,2005007,4720050071102669,,47,0,
1368712,1977392,4819773921102669,,48,0,
1368712,2005007,4820050071102669,,48,0,
1368712,1977392,4919773921102669,,49,0,
1368712,2005007,4920050071102669,,49,0,
1368712,1977392,5019773921102669,,50,0,
1368712,2005007,5020050071102669,,50,0,
1368712,1977392,5119773921102669,,51,0,
1368712,2005007,5120050071102669,,51,0,
1368712,1977392,519773921102669,,5,0,
1368712,2005007,520050071102669,,5,0,
1368712,2005008,520050081102669,,5,0,
1368712,1977392,5219773921102669,,52,0,
1368712,2005007,5220050071102669,,52,0,
1368712,1977392,5319773921102669,,53,0,
1368712,2005007,5320050071102669,,53,0,
1368712,1977392,5419773921102669,,54,0,
1368712,2005007,5420050071102669,,54,0,
1368712,1977392,5519773921102669,,55,0,
1368712,2005007,5520050071102669,,55,0,
1368712,1977392,5619773921102669,,56,0,
1368712,2005007,5620050071102669,,56,0,
1368712,1977392,5719773921102669,,57,0,
1368712,2005007,5720050071102669,,57,0,
1368712,1977392,5819773921102669,,58,0,
1368712,2005007,5820050071102669,,58,0,
1368712,1977392,619773921102669,,6,0,
1368712,2005007,620050071102669,,6,0,
1368712,2005008,620050081102669,,6,0,
1368712,1977392,719773921102669,,7,0,
1368712,2005007,720050071102669,,7,0,
1368712,2005008,720050081102669,,7,0,
1368712,1977392,819773921102669,,8,0,
1368712,2005007,820050071102669,,8,0,
1368712,2005008,820050081102669,,8,0,
1368712,1977392,919773921102669,,9,0,
1368712,2005007,920050071102669,,9,0,
1368712,2005008,920050081102669,,9,0,
1368713,1977392,10019773920870391,,100,1,
1368713,2005005,10020050050870391,,100,1,
1368713,2005007,10020050070870391,,100,1,
1368713,2005008,10020050080870391,,100,1,
1368713,1977392,10119773920870391,,101,1,
1368713,2005005,10120050050870391,,101,1,
1368713,2005007,10120050070870391,,101,1,
1368713,2005008,10120050080870391,,101,1,
1368713,1977392,1019773920870391,,10,1,
1368713,2005005,1020050050870391,,10,1,
1368713,2005007,1020050070870391,,10,1,
1368713,2005008,1020050080870391,,10,1,
1368713,1977392,10219773920870391,,102,1,
1368713,2005005,10220050050870391,,102,1,
1368713,2005007,10220050070870391,,102,1,
1368713,2005008,10220050080870391,,102,1,
1368713,1977392,10319773920870391,,103,1,
1368713,2005005,10320050050870391,,103,1,
1368713,2005007,10320050070870391,,103,1,
1368713,2005008,10320050080870391,,103,1,
1368713,1977392,10419773920870391,,104,1,
1368713,2005005,10420050050870391,,104,1,
1368713,2005007,10420050070870391,,104,1,
1368713,2005008,10420050080870391,,104,1,
1368713,1977392,10519773920870391,,105,1,
1368713,2005005,10520050050870391,,105,1,
1368713,2005007,10520050070870391,,105,1,
1368713,2005008,10520050080870391,,105,1,
1368713,1977392,10619773920870391,,106,1,
1368713,2005005,10620050050870391,,106,1,
1368713,2005007,10620050070870391,,106,1,
1368713,2005008,10620050080870391,,106,1,
1368713,1977392,10719773920870391,,107,1,
1368713,2005005,10720050050870391,,107,1,
1368713,2005007,10720050070870391,,107,1,
1368713,2005008,10720050080870391,,107,1,
1368713,1977392,10819773920870391,,108,1,
1368713,2005005,10820050050870391,,108,1,
1368713,2005007,10820050070870391,,108,1,
1368713,2005008,10820050080870391,,108,1,
1368713,1977392,10919773920870391,,109,1,
1368713,12005005,10920050050870391,,109,1,
1368713,2005007,10920050070870391,,109,1,
1368713,2005008,10920050080870391,,109,1,
1368713,1977392,11019773920870391,,110,1,
1368713,12005005,11020050050870391,,110,1,
1368713,2005007,11020050070870391,,110,1,
1368713,2005008,11020050080870391,,110,1,
1368713,1977392,11119773920870391,,111,1,
1368713,12005005,11120050050870391,,111,1,
1368713,2005007,11120050070870391,,111,1,
1368713,2005008,11120050080870391,,111,1,
1368713,1977392,1119773920870391,,11,1,
1368713,2005005,1120050050870391,,11,1,
1368713,2005007,1120050070870391,,11,1,
1368713,2005008,1120050080870391,,11,1,
1368713,1977392,11219773920870391,,112,1,
1368713,2005007,11220050070870391,,112,1,
1368713,2005008,11220050080870391,,112,1,
1368713,1977392,11319773920870391,,113,1,
1368713,2005007,11320050070870391,,113,1,
1368713,2005008,11320050080870391,,113,1,
1368713,1977392,11419773920870391,,114,1,
1368713,2005007,11420050070870391,,114,1,
1368713,2005008,11420050080870391,,114,1,
1368713,1977392,11519773920870391,,115,1,
1368713,2005007,11520050070870391,,115,1,
1368713,2005008,11520050080870391,,115,1,
1368713,1977392,11619773920870391,,116,1,
1368713,2005007,11620050070870391,,116,1,
1368713,2005008,11620050080870391,,116,1,
1368713,1977392,11719773920870391,,117,1,
1368713,2005007,11720050070870391,,117,1,
1368713,2005008,11720050080870391,,117,1,
1368713,1977392,11819773920870391,,118,1,
1368713,2005007,11820050070870391,,118,1,
1368713,2005008,11820050080870391,,118,1,
1368713,1977392,11919773920870391,,119,1,
1368713,2005007,11920050070870391,,119,1,
1368713,2005008,11920050080870391,,119,1,
1368713,1977392,119773920870391,,1,1,
1368713,2005005,120050050870391,,1,1,
1368713,2005007,120050070870391,,1,1,
1368713,2005008,120050080870391,,1,1,
1368713,1977392,12019773920870391,,120,1,
1368713,2005007,12020050070870391,,120,1,
1368713,2005008,12020050080870391,,120,1,
1368713,1977392,12119773920870391,,121,1,
1368713,2005007,12120050070870391,,121,1,
1368713,2005008,12120050080870391,,121,1,
1368713,1977392,1219773920870391,,12,1,
1368713,2005005,1220050050870391,,12,1,
1368713,2005007,1220050070870391,,12,1,
1368713,2005008,1220050080870391,,12,1,
1368713,1977392,12219773920870391,,122,1,
1368713,2005007,12220050070870391,,122,1,
1368713,2005008,12220050080870391,,122,1,
1368713,1977392,12319773920870391,,123,1,
1368713,2005007,12320050070870391,,123,1,
1368713,2005008,12320050080870391,,123,1,
1368713,1977392,12419773920870391,,124,1,
1368713,2005007,12420050070870391,,124,1,
1368713,2005008,12420050080870391,,124,1,
1368713,1977392,12519773920870391,,125,1,
1368713,2005007,12520050070870391,,125,1,
1368713,2005008,12520050080870391,,125,1,
1368713,1977392,12619773920870391,,126,1,
1368713,2005007,12620050070870391,,126,1,
1368713,2005008,12620050080870391,,126,1,
1368713,1977392,12719773920870391,,127,1,
1368713,2005007,12720050070870391,,127,1,
1368713,2005008,12720050080870391,,127,1,
1368713,1977392,12819773920870391,,128,1,
1368713,2005007,12820050070870391,,128,1,
1368713,2005008,12820050080870391,,128,1,
1368713,1977392,12919773920870391,,129,1,
1368713,2005007,12920050070870391,,129,1,
1368713,2005008,12920050080870391,,129,1,
1368713,1977392,13019773920870391,,130,1,
1368713,2005007,13020050070870391,,130,1,
1368713,12005008,13020050080870391,,130,1,
1368713,1977392,13119773920870391,,131,1,
1368713,2005007,13120050070870391,,131,1,
1368713,12005008,13120050080870391,,131,1,
1368713,1977392,1319773920870391,,13,1,
1368713,2005005,1320050050870391,,13,1,
1368713,2005007,1320050070870391,,13,1,
1368713,2005008,1320050080870391,,13,1,
1368713,1977392,13219773920870391,,132,1,
1368713,2005007,13220050070870391,,132,1,
1368713,12005008,13220050080870391,,132,1,
1368713,1977392,13319773920870391,,133,1,
1368713,2005007,13320050070870391,,133,1,
1368713,1977392,13419773920870391,,134,1,
1368713,2005007,13420050070870391,,134,1,
1368713,1977392,13519773920870391,,135,1,
1368713,2005007,13520050070870391,,135,1,
1368713,1977392,13619773920870391,,136,1,
1368713,2005007,13620050070870391,,136,1,
1368713,1977392,13719773920870391,,137,1,
1368713,2005007,13720050070870391,,137,1,
1368713,1977392,13819773920870391,,138,1,
1368713,2005007,13820050070870391,,138,1,
1368713,1977392,13919773920870391,,139,1,
1368713,2005007,13920050070870391,,139,1,
1368713,1977392,14019773920870391,,140,1,
1368713,2005007,14020050070870391,,140,1,
1368713,1977392,14119773920870391,,141,1,
1368713,2005007,14120050070870391,,141,1,
1368713,1977392,1419773920870391,,14,1,
1368713,2005005,1420050050870391,,14,1,
1368713,2005007,1420050070870391,,14,1,
1368713,2005008,1420050080870391,,14,1,
1368713,1977392,14219773920870391,,142,1,
1368713,2005007,14220050070870391,,142,1,
1368713,1977392,14319773920870391,,143,1,
1368713,2005007,14320050070870391,,143,1,
1368713,1977392,14419773920870391,,144,1,
1368713,2005007,14420050070870391,,144,1,
1368713,1977392,14519773920870391,,145,1,
1368713,2005007,14520050070870391,,145,1,
1368713,1977392,14619773920870391,,146,1,
1368713,2005007,14620050070870391,,146,1,
1368713,11977392,14719773920870391,,147,1,
1368713,12005007,14720050070870391,,147,1,
1368713,11977392,14819773920870391,,148,1,
1368713,12005007,14820050070870391,,148,1,
1368713,11977392,14919773920870391,,149,1,
1368713,12005007,14920050070870391,,149,1,
1368713,1977392,1519773920870391,,15,1,
1368713,2005005,1520050050870391,,15,1,
1368713,2005007,1520050070870391,,15,1,
1368713,2005008,1520050080870391,,15,1,
1368713,1977392,1619773920870391,,16,1,
1368713,2005005,1620050050870391,,16,1,
1368713,2005007,1620050070870391,,16,1,
1368713,2005008,1620050080870391,,16,1,
1368713,1977392,1719773920870391,,17,1,
1368713,2005005,1720050050870391,,17,1,
1368713,2005007,1720050070870391,,17,1,
1368713,2005008,1720050080870391,,17,1,
1368713,1977392,1819773920870391,,18,1,
1368713,2005005,1820050050870391,,18,1,
1368713,2005007,1820050070870391,,18,1,
1368713,2005008,1820050080870391,,18,1,
1368713,1977392,1919773920870391,,19,1,
1368713,2005005,1920050050870391,,19,1,
1368713,2005007,1920050070870391,,19,1,
1368713,2005008,1920050080870391,,19,1,
1368713,1977392,2019773920870391,,20,1,
1368713,2005005,2020050050870391,,20,1,
1368713,2005007,2020050070870391,,20,1,
1368713,2005008,2020050080870391,,20,1,
1368713,1977392,2119773920870391,,21,1,
1368713,2005005,2120050050870391,,21,1,
1368713,2005007,2120050070870391,,21,1,
1368713,2005008,2120050080870391,,21,1,
1368713,1977392,219773920870391,,2,1,
1368713,2005005,220050050870391,,2,1,
1368713,2005007,220050070870391,,2,1,
1368713,2005008,220050080870391,,2,1,
1368713,1977392,2219773920870391,,22,1,
1368713,2005005,2220050050870391,,22,1,
1368713,2005007,2220050070870391,,22,1,
1368713,2005008,2220050080870391,,22,1,
1368713,1977392,2319773920870391,,23,1,
1368713,2005005,2320050050870391,,23,1,
1368713,2005007,2320050070870391,,23,1,
1368713,2005008,2320050080870391,,23,1,
1368713,1977392,2419773920870391,,24,1,
1368713,2005005,2420050050870391,,24,1,
1368713,2005007,2420050070870391,,24,1,
1368713,2005008,2420050080870391,,24,1,
1368713,1977392,2519773920870391,,25,1,
1368713,2005005,2520050050870391,,25,1,
1368713,2005007,2520050070870391,,25,1,
1368713,2005008,2520050080870391,,25,1,
1368713,1977392,2619773920870391,,26,1,
1368713,2005005,2620050050870391,,26,1,
1368713,2005007,2620050070870391,,26,1,
1368713,2005008,2620050080870391,,26,1,
1368713,1977392,2719773920870391,,27,1,
1368713,2005005,2720050050870391,,27,1,
1368713,2005007,2720050070870391,,27,1,
1368713,2005008,2720050080870391,,27,1,
1368713,1977392,2819773920870391,,28,1,
1368713,2005005,2820050050870391,,28,1,
1368713,2005007,2820050070870391,,28,1,
1368713,2005008,2820050080870391,,28,1,
1368713,1977392,2919773920870391,,29,1,
1368713,2005005,2920050050870391,,29,1,
1368713,2005007,2920050070870391,,29,1,
1368713,2005008,2920050080870391,,29,1,
1368713,1977392,3019773920870391,,30,1,
1368713,2005005,3020050050870391,,30,1,
1368713,2005007,3020050070870391,,30,1,
1368713,2005008,3020050080870391,,30,1,
1368713,1977392,3119773920870391,,31,1,
1368713,2005005,3120050050870391,,31,1,
1368713,2005007,3120050070870391,,31,1,
1368713,2005008,3120050080870391,,31,1,
1368713,1977392,319773920870391,,3,1,
1368713,2005005,320050050870391,,3,1,
1368713,2005007,320050070870391,,3,1,
1368713,2005008,320050080870391,,3,1,
1368713,1977392,3219773920870391,,32,1,
1368713,2005005,3220050050870391,,32,1,
1368713,2005007,3220050070870391,,32,1,
1368713,2005008,3220050080870391,,32,1,
1368713,1977392,3319773920870391,,33,1,
1368713,2005005,3320050050870391,,33,1,
1368713,2005007,3320050070870391,,33,1,
1368713,2005008,3320050080870391,,33,1,
1368713,1977392,3419773920870391,,34,1,
1368713,2005005,3420050050870391,,34,1,
1368713,2005007,3420050070870391,,34,1,
1368713,2005008,3420050080870391,,34,1,
1368713,1977392,3519773920870391,,35,1,
1368713,2005005,3520050050870391,,35,1,
1368713,2005007,3520050070870391,,35,1,
1368713,2005008,3520050080870391,,35,1,
1368713,1977392,3619773920870391,,36,1,
1368713,2005005,3620050050870391,,36,1,
1368713,2005007,3620050070870391,,36,1,
1368713,2005008,3620050080870391,,36,1,
1368713,1977392,3719773920870391,,37,1,
1368713,2005005,3720050050870391,,37,1,
1368713,2005007,3720050070870391,,37,1,
1368713,2005008,3720050080870391,,37,1,
1368713,1977392,3819773920870391,,38,1,
1368713,2005005,3820050050870391,,38,1,
1368713,2005007,3820050070870391,,38,1,
1368713,2005008,3820050080870391,,38,1,
1368713,1977392,3919773920870391,,39,1,
1368713,2005005,3920050050870391,,39,1,
1368713,2005007,3920050070870391,,39,1,
1368713,2005008,3920050080870391,,39,1,
1368713,1977392,4019773920870391,,40,1,
1368713,2005005,4020050050870391,,40,1,
1368713,2005007,4020050070870391,,40,1,
1368713,2005008,4020050080870391,,40,1,
1368713,1977392,4119773920870391,,41,1,
1368713,2005005,4120050050870391,,41,1,
1368713,2005007,4120050070870391,,41,1,
1368713,2005008,4120050080870391,,41,1,
1368713,1977392,419773920870391,,4,1,
1368713,2005005,420050050870391,,4,1,
1368713,2005007,420050070870391,,4,1,
1368713,2005008,420050080870391,,4,1,
1368713,1977392,4219773920870391,,42,1,
1368713,2005005,4220050050870391,,42,1,
1368713,2005007,4220050070870391,,42,1,
1368713,2005008,4220050080870391,,42,1,
1368713,1977392,4319773920870391,,43,1,
1368713,2005005,4320050050870391,,43,1,
1368713,2005007,4320050070870391,,43,1,
1368713,2005008,4320050080870391,,43,1,
1368713,1977392,4419773920870391,,44,1,
1368713,2005005,4420050050870391,,44,1,
1368713,2005007,4420050070870391,,44,1,
1368713,2005008,4420050080870391,,44,1,
1368713,1977392,4519773920870391,,45,1,
1368713,2005005,4520050050870391,,45,1,
1368713,2005007,4520050070870391,,45,1,
1368713,2005008,4520050080870391,,45,1,
1368713,1977392,4619773920870391,,46,1,
1368713,2005005,4620050050870391,,46,1,
1368713,2005007,4620050070870391,,46,1,
1368713,2005008,4620050080870391,,46,1,
1368713,1977392,4719773920870391,,47,1,
1368713,2005005,4720050050870391,,47,1,
1368713,2005007,4720050070870391,,47,1,
1368713,2005008,4720050080870391,,47,1,
1368713,1977392,4819773920870391,,48,1,
1368713,2005005,4820050050870391,,48,1,
1368713,2005007,4820050070870391,,48,1,
1368713,2005008,4820050080870391,,48,1,
1368713,1977392,4919773920870391,,49,1,
1368713,2005005,4920050050870391,,49,1,
1368713,2005007,4920050070870391,,49,1,
1368713,2005008,4920050080870391,,49,1,
1368713,1977392,5019773920870391,,50,1,
1368713,2005005,5020050050870391,,50,1,
1368713,2005007,5020050070870391,,50,1,
1368713,2005008,5020050080870391,,50,1,
1368713,1977392,5119773920870391,,51,1,
1368713,2005005,5120050050870391,,51,1,
1368713,2005007,5120050070870391,,51,1,
1368713,2005008,5120050080870391,,51,1,
1368713,1977392,519773920870391,,5,1,
1368713,2005005,520050050870391,,5,1,
1368713,2005007,520050070870391,,5,1,
1368713,2005008,520050080870391,,5,1,
1368713,1977392,5219773920870391,,52,1,
1368713,2005005,5220050050870391,,52,1,
1368713,2005007,5220050070870391,,52,1,
1368713,2005008,5220050080870391,,52,1,
1368713,1977392,5319773920870391,,53,1,
1368713,2005005,5320050050870391,,53,1,
1368713,2005007,5320050070870391,,53,1,
1368713,2005008,5320050080870391,,53,1,
1368713,1977392,5419773920870391,,54,1,
1368713,2005005,5420050050870391,,54,1,
1368713,2005007,5420050070870391,,54,1,
1368713,2005008,5420050080870391,,54,1,
1368713,1977392,5519773920870391,,55,1,
1368713,2005005,5520050050870391,,55,1,
1368713,2005007,5520050070870391,,55,1,
1368713,2005008,5520050080870391,,55,1,
1368713,1977392,5619773920870391,,56,1,
1368713,2005005,5620050050870391,,56,1,
1368713,2005007,5620050070870391,,56,1,
1368713,2005008,5620050080870391,,56,1,
1368713,1977392,5719773920870391,,57,1,
1368713,2005005,5720050050870391,,57,1,
1368713,2005007,5720050070870391,,57,1,
1368713,2005008,5720050080870391,,57,1,
1368713,1977392,5819773920870391,,58,1,
1368713,2005005,5820050050870391,,58,1,
1368713,2005007,5820050070870391,,58,1,
1368713,2005008,5820050080870391,,58,1,
1368713,1977392,5919773920870391,,59,1,
1368713,2005005,5920050050870391,,59,1,
1368713,2005007,5920050070870391,,59,1,
1368713,2005008,5920050080870391,,59,1,
1368713,1977392,6019773920870391,,60,1,
1368713,2005005,6020050050870391,,60,1,
1368713,2005007,6020050070870391,,60,1,
1368713,2005008,6020050080870391,,60,1,
1368713,1977392,6119773920870391,,61,1,
1368713,2005005,6120050050870391,,61,1,
1368713,2005007,6120050070870391,,61,1,
1368713,2005008,6120050080870391,,61,1,
1368713,1977392,619773920870391,,6,1,
1368713,2005005,620050050870391,,6,1,
1368713,2005007,620050070870391,,6,1,
1368713,2005008,620050080870391,,6,1,
1368713,1977392,6219773920870391,,62,1,
1368713,2005005,6220050050870391,,62,1,
1368713,2005007,6220050070870391,,62,1,
1368713,2005008,6220050080870391,,62,1,
1368713,1977392,6319773920870391,,63,1,
1368713,2005005,6320050050870391,,63,1,
1368713,2005007,6320050070870391,,63,1,
1368713,2005008,6320050080870391,,63,1,
1368713,1977392,6419773920870391,,64,1,
1368713,2005005,6420050050870391,,64,1,
1368713,2005007,6420050070870391,,64,1,
1368713,2005008,6420050080870391,,64,1,
1368713,1977392,6519773920870391,,65,1,
1368713,2005005,6520050050870391,,65,1,
1368713,2005007,6520050070870391,,65,1,
1368713,2005008,6520050080870391,,65,1,
1368713,1977392,6619773920870391,,66,1,
1368713,2005005,6620050050870391,,66,1,
1368713,2005007,6620050070870391,,66,1,
1368713,2005008,6620050080870391,,66,1,
1368713,1977392,6719773920870391,,67,1,
1368713,2005005,6720050050870391,,67,1,
1368713,2005007,6720050070870391,,67,1,
1368713,2005008,6720050080870391,,67,1,
1368713,1977392,6819773920870391,,68,1,
1368713,2005005,6820050050870391,,68,1,
1368713,2005007,6820050070870391,,68,1,
1368713,2005008,6820050080870391,,68,1,
1368713,1977392,6919773920870391,,69,1,
1368713,2005005,6920050050870391,,69,1,
1368713,2005007,6920050070870391,,69,1,
1368713,2005008,6920050080870391,,69,1,
1368713,1977392,7019773920870391,,70,1,
1368713,2005005,7020050050870391,,70,1,
1368713,2005007,7020050070870391,,70,1,
1368713,2005008,7020050080870391,,70,1,
1368713,1977392,7119773920870391,,71,1,
1368713,2005005,7120050050870391,,71,1,
1368713,2005007,7120050070870391,,71,1,
1368713,2005008,7120050080870391,,71,1,
1368713,1977392,719773920870391,,7,1,
1368713,2005005,720050050870391,,7,1,
1368713,2005007,720050070870391,,7,1,
1368713,2005008,720050080870391,,7,1,
1368713,1977392,7219773920870391,,72,1,
1368713,2005005,7220050050870391,,72,1,
1368713,2005007,7220050070870391,,72,1,
1368713,2005008,7220050080870391,,72,1,
1368713,1977392,7319773920870391,,73,1,
1368713,2005005,7320050050870391,,73,1,
1368713,2005007,7320050070870391,,73,1,
1368713,2005008,7320050080870391,,73,1,
1368713,1977392,7419773920870391,,74,1,
1368713,2005005,7420050050870391,,74,1,
1368713,2005007,7420050070870391,,74,1,
1368713,2005008,7420050080870391,,74,1,
1368713,1977392,7519773920870391,,75,1,
1368713,2005005,7520050050870391,,75,1,
1368713,2005007,7520050070870391,,75,1,
1368713,2005008,7520050080870391,,75,1,
1368713,1977392,7619773920870391,,76,1,
1368713,2005005,7620050050870391,,76,1,
1368713,2005007,7620050070870391,,76,1,
1368713,2005008,7620050080870391,,76,1,
1368713,1977392,7719773920870391,,77,1,
1368713,2005005,7720050050870391,,77,1,
1368713,2005007,7720050070870391,,77,1,
1368713,2005008,7720050080870391,,77,1,
1368713,1977392,7819773920870391,,78,1,
1368713,2005005,7820050050870391,,78,1,
1368713,2005007,7820050070870391,,78,1,
1368713,2005008,7820050080870391,,78,1,
1368713,1977392,7919773920870391,,79,1,
1368713,2005005,7920050050870391,,79,1,
1368713,2005007,7920050070870391,,79,1,
1368713,2005008,7920050080870391,,79,1,
1368713,1977392,8019773920870391,,80,1,
1368713,2005005,8020050050870391,,80,1,
1368713,2005007,8020050070870391,,80,1,
1368713,2005008,8020050080870391,,80,1,
1368713,1977392,8119773920870391,,81,1,
1368713,2005005,8120050050870391,,81,1,
1368713,2005007,8120050070870391,,81,1,
1368713,2005008,8120050080870391,,81,1,
1368713,1977392,819773920870391,,8,1,
1368713,2005005,820050050870391,,8,1,
1368713,2005007,820050070870391,,8,1,
1368713,2005008,820050080870391,,8,1,
1368713,1977392,8219773920870391,,82,1,
1368713,2005005,8220050050870391,,82,1,
1368713,2005007,8220050070870391,,82,1,
1368713,2005008,8220050080870391,,82,1,
1368713,1977392,8319773920870391,,83,1,
1368713,2005005,8320050050870391,,83,1,
1368713,2005007,8320050070870391,,83,1,
1368713,2005008,8320050080870391,,83,1,
1368713,1977392,8419773920870391,,84,1,
1368713,2005005,8420050050870391,,84,1,
1368713,2005007,8420050070870391,,84,1,
1368713,2005008,8420050080870391,,84,1,
1368713,1977392,8519773920870391,,85,1,
1368713,2005005,8520050050870391,,85,1,
1368713,2005007,8520050070870391,,85,1,
1368713,2005008,8520050080870391,,85,1,
1368713,1977392,8619773920870391,,86,1,
1368713,2005005,8620050050870391,,86,1,
1368713,2005007,8620050070870391,,86,1,
1368713,2005008,8620050080870391,,86,1,
1368713,1977392,8719773920870391,,87,1,
1368713,2005005,8720050050870391,,87,1,
1368713,2005007,8720050070870391,,87,1,
1368713,2005008,8720050080870391,,87,1,
1368713,1977392,8819773920870391,,88,1,
1368713,2005005,8820050050870391,,88,1,
1368713,2005007,8820050070870391,,88,1,
1368713,2005008,8820050080870391,,88,1,
1368713,1977392,8919773920870391,,89,1,
1368713,2005005,8920050050870391,,89,1,
1368713,2005007,8920050070870391,,89,1,
1368713,2005008,8920050080870391,,89,1,
1368713,1977392,9019773920870391,,90,1,
1368713,2005005,9020050050870391,,90,1,
1368713,2005007,9020050070870391,,90,1,
1368713,2005008,9020050080870391,,90,1,
1368713,1977392,9119773920870391,,91,1,
1368713,2005005,9120050050870391,,91,1,
1368713,2005007,9120050070870391,,91,1,
1368713,2005008,9120050080870391,,91,1,
1368713,1977392,919773920870391,,9,1,
1368713,2005005,920050050870391,,9,1,
1368713,2005007,920050070870391,,9,1,
1368713,2005008,920050080870391,,9,1,
1368713,1977392,9219773920870391,,92,1,
1368713,2005005,9220050050870391,,92,1,
1368713,2005007,9220050070870391,,92,1,
1368713,2005008,9220050080870391,,92,1,
1368713,1977392,9319773920870391,,93,1,
1368713,2005005,9320050050870391,,93,1,
1368713,2005007,9320050070870391,,93,1,
1368713,2005008,9320050080870391,,93,1,
1368713,1977392,9419773920870391,,94,1,
1368713,2005005,9420050050870391,,94,1,
1368713,2005007,9420050070870391,,94,1,
1368713,2005008,9420050080870391,,94,1,
1368713,1977392,9519773920870391,,95,1,
1368713,2005005,9520050050870391,,95,1,
1368713,2005007,9520050070870391,,95,1,
1368713,2005008,9520050080870391,,95,1,
1368713,1977392,9619773920870391,,96,1,
1368713,2005005,9620050050870391,,96,1,
1368713,2005007,9620050070870391,,96,1,
1368713,2005008,9620050080870391,,96,1,
1368713,1977392,9719773920870391,,97,1,
1368713,2005005,9720050050870391,,97,1,
1368713,2005007,9720050070870391,,97,1,
1368713,2005008,9720050080870391,,97,1,
1368713,1977392,9819773920870391,,98,1,
1368713,2005005,9820050050870391,,98,1,
1368713,2005007,9820050070870391,,98,1,
1368713,2005008,9820050080870391,,98,1,
1368713,1977392,9919773920870391,,99,1,
1368713,2005005,9920050050870391,,99,1,
1368713,2005007,9920050070870391,,99,1,
1368713,2005008,9920050080870391,,99,1,
1368713,1977392,1019773921102670,,10,1,
1368713,2005007,1020050071102670,,10,1,
1368713,2005008,1020050081102670,,10,1,
1368713,1977392,1119773921102670,,11,1,
1368713,2005007,1120050071102670,,11,1,
1368713,2005008,1120050081102670,,11,1,
1368713,1977392,119773921102670,,1,1,
1368713,2005007,120050071102670,,1,1,
1368713,2005008,120050081102670,,1,1,
1368713,1977392,1219773921102670,,12,1,
1368713,2005007,1220050071102670,,12,1,
1368713,2005008,1220050081102670,,12,1,
1368713,1977392,1319773921102670,,13,1,
1368713,2005007,1320050071102670,,13,1,
1368713,2005008,1320050081102670,,13,1,
1368713,1977392,1419773921102670,,14,1,
1368713,2005007,1420050071102670,,14,1,
1368713,2005008,1420050081102670,,14,1,
1368713,1977392,1519773921102670,,15,1,
1368713,2005007,1520050071102670,,15,1,
1368713,2005008,1520050081102670,,15,1,
1368713,1977392,1619773921102670,,16,1,
1368713,2005007,1620050071102670,,16,1,
1368713,2005008,1620050081102670,,16,1,
1368713,1977392,1719773921102670,,17,1,
1368713,2005007,1720050071102670,,17,1,
1368713,2005008,1720050081102670,,17,1,
1368713,1977392,1819773921102670,,18,1,
1368713,2005007,1820050071102670,,18,1,
1368713,2005008,1820050081102670,,18,1,
1368713,1977392,1919773921102670,,19,1,
1368713,2005007,1920050071102670,,19,1,
1368713,2005008,1920050081102670,,19,1,
1368713,1977392,2019773921102670,,20,1,
1368713,2005007,2020050071102670,,20,1,
1368713,2005008,2020050081102670,,20,1,
1368713,1977392,2119773921102670,,21,1,
1368713,2005007,2120050071102670,,21,1,
1368713,2005008,2120050081102670,,21,1,
1368713,1977392,219773921102670,,2,1,
1368713,2005007,220050071102670,,2,1,
1368713,2005008,220050081102670,,2,1,
1368713,1977392,2219773921102670,,22,1,
1368713,2005007,2220050071102670,,22,1,
1368713,2005008,2220050081102670,,22,1,
1368713,1977392,2319773921102670,,23,1,
1368713,2005007,2320050071102670,,23,1,
1368713,2005008,2320050081102670,,23,1,
1368713,1977392,2419773921102670,,24,1,
1368713,2005007,2420050071102670,,24,1,
1368713,2005008,2420050081102670,,24,1,
1368713,1977392,2519773921102670,,25,1,
1368713,2005007,2520050071102670,,25,1,
1368713,2005008,2520050081102670,,25,1,
1368713,1977392,2619773921102670,,26,1,
1368713,2005007,2620050071102670,,26,1,
1368713,2005008,2620050081102670,,26,1,
1368713,1977392,2719773921102670,,27,1,
1368713,2005007,2720050071102670,,27,1,
1368713,2005008,2720050081102670,,27,1,
1368713,1977392,2819773921102670,,28,1,
1368713,2005007,2820050071102670,,28,1,
1368713,1977392,2919773921102670,,29,1,
1368713,2005007,2920050071102670,,29,1,
1368713,1977392,3019773921102670,,30,1,
1368713,2005007,3020050071102670,,30,1,
1368713,1977392,3119773921102670,,31,1,
1368713,2005007,3120050071102670,,31,1,
1368713,1977392,319773921102670,,3,1,
1368713,2005007,320050071102670,,3,1,
1368713,2005008,320050081102670,,3,1,
1368713,1977392,3219773921102670,,32,1,
1368713,2005007,3220050071102670,,32,1,
1368713,1977392,3319773921102670,,33,1,
1368713,2005007,3320050071102670,,33,1,
1368713,1977392,3419773921102670,,34,1,
1368713,2005007,3420050071102670,,34,1,
1368713,1977392,3519773921102670,,35,1,
1368713,2005007,3520050071102670,,35,1,
1368713,1977392,3619773921102670,,36,1,
1368713,2005007,3620050071102670,,36,1,
1368713,1977392,3719773921102670,,37,1,
1368713,2005007,3720050071102670,,37,1,
1368713,1977392,3819773921102670,,38,1,
1368713,2005007,3820050071102670,,38,1,
1368713,1977392,3919773921102670,,39,1,
1368713,2005007,3920050071102670,,39,1,
1368713,1977392,4019773921102670,,40,1,
1368713,2005007,4020050071102670,,40,1,
1368713,1977392,4119773921102670,,41,1,
1368713,2005007,4120050071102670,,41,1,
1368713,1977392,419773921102670,,4,1,
1368713,2005007,420050071102670,,4,1,
1368713,2005008,420050081102670,,4,1,
1368713,1977392,4219773921102670,,42,1,
1368713,2005007,4220050071102670,,42,1,
1368713,1977392,4319773921102670,,43,1,
1368713,2005007,4320050071102670,,43,1,
1368713,1977392,4419773921102670,,44,1,
1368713,2005007,4420050071102670,,44,1,
1368713,1977392,4519773921102670,,45,1,
1368713,2005007,4520050071102670,,45,1,
1368713,1977392,4619773921102670,,46,1,
1368713,2005007,4620050071102670,,46,1,
1368713,1977392,4719773921102670,,47,1,
1368713,2005007,4720050071102670,,47,1,
1368713,1977392,4819773921102670,,48,1,
1368713,2005007,4820050071102670,,48,1,
1368713,1977392,4919773921102670,,49,1,
1368713,2005007,4920050071102670,,49,1,
1368713,1977392,5019773921102670,,50,1,
1368713,2005007,5020050071102670,,50,1,
1368713,1977392,5119773921102670,,51,1,
1368713,2005007,5120050071102670,,51,1,
1368713,1977392,519773921102670,,5,1,
1368713,2005007,520050071102670,,5,1,
1368713,2005008,520050081102670,,5,1,
1368713,1977392,5219773921102670,,52,1,
1368713,2005007,5220050071102670,,52,1,
1368713,1977392,5319773921102670,,53,1,
1368713,2005007,5320050071102670,,53,1,
1368713,1977392,5419773921102670,,54,1,
1368713,2005007,5420050071102670,,54,1,
1368713,1977392,5519773921102670,,55,1,
1368713,2005007,5520050071102670,,55,1,
1368713,1977392,5619773921102670,,56,1,
1368713,2005007,5620050071102670,,56,1,
1368713,1977392,5719773921102670,,57,1,
1368713,2005007,5720050071102670,,57,1,
1368713,1977392,5819773921102670,,58,1,
1368713,2005007,5820050071102670,,58,1,
1368713,1977392,619773921102670,,6,1,
1368713,2005007,620050071102670,,6,1,
1368713,2005008,620050081102670,,6,1,
1368713,1977392,719773921102670,,7,1,
1368713,2005007,720050071102670,,7,1,
1368713,2005008,720050081102670,,7,1,
1368713,1977392,819773921102670,,8,1,
1368713,2005007,820050071102670,,8,1,
1368713,2005008,820050081102670,,8,1,
1368713,1977392,919773921102670,,9,1,
1368713,2005007,920050071102670,,9,1,
1368713,2005008,920050081102670,,9,1,
