route_id,service_id,trip_id,trip_headsign,trip_short_name,direction_id,shape_id
1144020,1976274,10019762741143256,,100,1,
1144020,1998493,10019984931143256,,100,1,
1144020,11998494,10019984941143256,,100,1,
1144020,1976274,10119762741143256,,101,1,
1144020,1998493,10119984931143256,,101,1,
1144020,1976274,1019762741143256,,10,1,
1144020,1976276,1019762761143256,,10,1,
1144020,1998492,1019984921143256,,10,1,
1144020,1998493,1019984931143256,,10,1,
1144020,1998494,1019984941143256,,10,1,
1144020,1976274,10219762741143256,,102,1,
1144020,1998493,10219984931143256,,102,1,
1144020,1976274,10319762741143256,,103,1,
1144020,1998493,10319984931143256,,103,1,
1144020,1976274,10419762741143256,,104,1,
1144020,1998493,10419984931143256,,104,1,
1144020,1976274,10519762741143256,,105,1,
1144020,1998493,10519984931143256,,105,1,
1144020,1976274,10619762741143256,,106,1,
1144020,1998493,10619984931143256,,106,1,
1144020,1976274,10719762741143256,,107,1,
1144020,1998493,10719984931143256,,107,1,
1144020,1976274,10819762741143256,,108,1,
1144020,1998493,10819984931143256,,108,1,
1144020,1976274,10919762741143256,,109,1,
1144020,1998493,10919984931143256,,109,1,
1144020,1976274,11019762741143256,,110,1,
1144020,1998493,11019984931143256,,110,1,
1144020,1976274,11119762741143256,,111,1,
1144020,1998493,11119984931143256,,111,1,
1144020,1976274,1119762741143256,,11,1,
1144020,1976276,1119762761143256,,11,1,
1144020,1998492,1119984921143256,,11,1,
1144020,1998493,1119984931143256,,11,1,
1144020,1998494,1119984941143256,,11,1,
1144020,1976274,11219762741143256,,112,1,
1144020,1998493,11219984931143256,,112,1,
1144020,1976274,11319762741143256,,113,1,
1144020,1998493,11319984931143256,,113,1,
1144020,1976274,11419762741143256,,114,1,
1144020,1998493,11419984931143256,,114,1,
1144020,1976274,11519762741143256,,115,1,
1144020,1998493,11519984931143256,,115,1,
1144020,1976274,11619762741143256,,116,1,
1144020,1998493,11619984931143256,,116,1,
1144020,1976274,11719762741143256,,117,1,
1144020,1998493,11719984931143256,,117,1,
1144020,1976274,11819762741143256,,118,1,
1144020,1998493,11819984931143256,,118,1,
1144020,1976274,11919762741143256,,119,1,
1144020,1998493,11919984931143256,,119,1,
1144020,1976274,119762741143256,,1,1,
1144020,1976276,119762761143256,,1,1,
1144020,1998492,119984921143256,,1,1,
1144020,1998493,119984931143256,,1,1,
1144020,1998494,119984941143256,,1,1,
1144020,1976274,12019762741143256,,120,1,
1144020,1998493,12019984931143256,,120,1,
1144020,1976274,12119762741143256,,121,1,
1144020,1998493,12119984931143256,,121,1,
1144020,1976274,1219762741143256,,12,1,
1144020,1976276,1219762761143256,,12,1,
1144020,1998492,1219984921143256,,12,1,
1144020,1998493,1219984931143256,,12,1,
1144020,1998494,1219984941143256,,12,1,
1144020,1976274,12219762741143256,,122,1,
1144020,1998493,12219984931143256,,122,1,
1144020,1976274,12319762741143256,,123,1,
1144020,1998493,12319984931143256,,123,1,
1144020,1976274,12419762741143256,,124,1,
1144020,1998493,12419984931143256,,124,1,
1144020,1976274,12519762741143256,,125,1,
1144020,1998493,12519984931143256,,125,1,
1144020,1976274,12619762741143256,,126,1,
1144020,1998493,12619984931143256,,126,1,
1144020,1976274,12719762741143256,,127,1,
1144020,1998493,12719984931143256,,127,1,
1144020,1976274,12819762741143256,,128,1,
1144020,1998493,12819984931143256,,128,1,
1144020,1976274,12919762741143256,,129,1,
1144020,1998493,12919984931143256,,129,1,
1144020,1976274,13019762741143256,,130,1,
1144020,1998493,13019984931143256,,130,1,
1144020,1976274,13119762741143256,,131,1,
1144020,1998493,13119984931143256,,131,1,
1144020,1976274,1319762741143256,,13,1,
1144020,1976276,1319762761143256,,13,1,
1144020,1998492,1319984921143256,,13,1,
1144020,1998493,1319984931143256,,13,1,
1144020,1998494,1319984941143256,,13,1,
1144020,11976274,13219762741143256,,132,1,
1144020,1998493,13219984931143256,,132,1,
1144020,11976274,13319762741143256,,133,1,
1144020,11998493,13319984931143256,,133,1,
1144020,11998493,13419984931143256,,134,1,
1144020,1976274,1419762741143256,,14,1,
1144020,1976276,1419762761143256,,14,1,
1144020,1998492,1419984921143256,,14,1,
1144020,1998493,1419984931143256,,14,1,
1144020,1998494,1419984941143256,,14,1,
1144020,1976274,1519762741143256,,15,1,
1144020,1976276,1519762761143256,,15,1,
1144020,1998492,1519984921143256,,15,1,
1144020,1998493,1519984931143256,,15,1,
1144020,1998494,1519984941143256,,15,1,
1144020,1976274,1619762741143256,,16,1,
1144020,1976276,1619762761143256,,16,1,
1144020,1998492,1619984921143256,,16,1,
1144020,1998493,1619984931143256,,16,1,
1144020,1998494,1619984941143256,,16,1,
1144020,1976274,1719762741143256,,17,1,
1144020,1976276,1719762761143256,,17,1,
1144020,1998492,1719984921143256,,17,1,
1144020,1998493,1719984931143256,,17,1,
1144020,1998494,1719984941143256,,17,1,
1144020,1976274,1819762741143256,,18,1,
1144020,1976276,1819762761143256,,18,1,
1144020,1998492,1819984921143256,,18,1,
1144020,1998493,1819984931143256,,18,1,
1144020,1998494,1819984941143256,,18,1,
1144020,1976274,1919762741143256,,19,1,
1144020,1976276,1919762761143256,,19,1,
1144020,1998492,1919984921143256,,19,1,
1144020,1998493,1919984931143256,,19,1,
1144020,1998494,1919984941143256,,19,1,
1144020,1976274,2019762741143256,,20,1,
1144020,1976276,2019762761143256,,20,1,
1144020,1998492,2019984921143256,,20,1,
1144020,1998493,2019984931143256,,20,1,
1144020,1998494,2019984941143256,,20,1,
1144020,1976274,2119762741143256,,21,1,
1144020,1976276,2119762761143256,,21,1,
1144020,1998492,2119984921143256,,21,1,
1144020,1998493,2119984931143256,,21,1,
1144020,1998494,2119984941143256,,21,1,
1144020,1976274,219762741143256,,2,1,
1144020,1976276,219762761143256,,2,1,
1144020,1998492,219984921143256,,2,1,
1144020,1998493,219984931143256,,2,1,
1144020,1998494,219984941143256,,2,1,
1144020,1976274,2219762741143256,,22,1,
1144020,1976276,2219762761143256,,22,1,
1144020,1998492,2219984921143256,,22,1,
1144020,1998493,2219984931143256,,22,1,
1144020,1998494,2219984941143256,,22,1,
1144020,1976274,2319762741143256,,23,1,
1144020,1976276,2319762761143256,,23,1,
1144020,1998492,2319984921143256,,23,1,
1144020,1998493,2319984931143256,,23,1,
1144020,1998494,2319984941143256,,23,1,
1144020,1976274,2419762741143256,,24,1,
1144020,1976276,2419762761143256,,24,1,
1144020,1998492,2419984921143256,,24,1,
1144020,1998493,2419984931143256,,24,1,
1144020,1998494,2419984941143256,,24,1,
1144020,1976274,2519762741143256,,25,1,
1144020,1976276,2519762761143256,,25,1,
1144020,1998492,2519984921143256,,25,1,
1144020,1998493,2519984931143256,,25,1,
1144020,1998494,2519984941143256,,25,1,
1144020,1976274,2619762741143256,,26,1,
1144020,1976276,2619762761143256,,26,1,
1144020,1998492,2619984921143256,,26,1,
1144020,1998493,2619984931143256,,26,1,
1144020,1998494,2619984941143256,,26,1,
1144020,1976274,2719762741143256,,27,1,
1144020,1976276,2719762761143256,,27,1,
1144020,1998492,2719984921143256,,27,1,
1144020,1998493,2719984931143256,,27,1,
1144020,1998494,2719984941143256,,27,1,
1144020,1976274,2819762741143256,,28,1,
1144020,1976276,2819762761143256,,28,1,
1144020,1998492,2819984921143256,,28,1,
1144020,1998493,2819984931143256,,28,1,
1144020,1998494,2819984941143256,,28,1,
1144020,1976274,2919762741143256,,29,1,
1144020,1976276,2919762761143256,,29,1,
1144020,1998492,2919984921143256,,29,1,
1144020,1998493,2919984931143256,,29,1,
1144020,1998494,2919984941143256,,29,1,
1144020,1976274,3019762741143256,,30,1,
1144020,1976276,3019762761143256,,30,1,
1144020,1998492,3019984921143256,,30,1,
1144020,1998493,3019984931143256,,30,1,
1144020,1998494,3019984941143256,,30,1,
1144020,1976274,3119762741143256,,31,1,
1144020,1976276,3119762761143256,,31,1,
1144020,1998492,3119984921143256,,31,1,
1144020,1998493,3119984931143256,,31,1,
1144020,1998494,3119984941143256,,31,1,
1144020,1976274,319762741143256,,3,1,
1144020,1976276,319762761143256,,3,1,
1144020,1998492,319984921143256,,3,1,
1144020,1998493,319984931143256,,3,1,
1144020,1998494,319984941143256,,3,1,
1144020,1976274,3219762741143256,,32,1,
1144020,1976276,3219762761143256,,32,1,
1144020,1998492,3219984921143256,,32,1,
1144020,1998493,3219984931143256,,32,1,
1144020,1998494,3219984941143256,,32,1,
1144020,1976274,3319762741143256,,33,1,
1144020,1976276,3319762761143256,,33,1,
1144020,1998492,3319984921143256,,33,1,
1144020,1998493,3319984931143256,,33,1,
1144020,1998494,3319984941143256,,33,1,
1144020,1976274,3419762741143256,,34,1,
1144020,1976276,3419762761143256,,34,1,
1144020,1998492,3419984921143256,,34,1,
1144020,1998493,3419984931143256,,34,1,
1144020,1998494,3419984941143256,,34,1,
1144020,1976274,3519762741143256,,35,1,
1144020,1976276,3519762761143256,,35,1,
1144020,1998492,3519984921143256,,35,1,
1144020,1998493,3519984931143256,,35,1,
1144020,1998494,3519984941143256,,35,1,
1144020,1976274,3619762741143256,,36,1,
1144020,1976276,3619762761143256,,36,1,
1144020,1998492,3619984921143256,,36,1,
1144020,1998493,3619984931143256,,36,1,
1144020,1998494,3619984941143256,,36,1,
1144020,1976274,3719762741143256,,37,1,
1144020,1976276,3719762761143256,,37,1,
1144020,1998492,3719984921143256,,37,1,
1144020,1998493,3719984931143256,,37,1,
1144020,1998494,3719984941143256,,37,1,
1144020,1976274,3819762741143256,,38,1,
1144020,1976276,3819762761143256,,38,1,
1144020,1998492,3819984921143256,,38,1,
1144020,1998493,3819984931143256,,38,1,
1144020,1998494,3819984941143256,,38,1,
1144020,1976274,3919762741143256,,39,1,
1144020,1976276,3919762761143256,,39,1,
1144020,1998492,3919984921143256,,39,1,
1144020,1998493,3919984931143256,,39,1,
1144020,1998494,3919984941143256,,39,1,
1144020,1976274,4019762741143256,,40,1,
1144020,1976276,4019762761143256,,40,1,
1144020,1998492,4019984921143256,,40,1,
1144020,1998493,4019984931143256,,40,1,
1144020,1998494,4019984941143256,,40,1,
1144020,1976274,4119762741143256,,41,1,
1144020,1976276,4119762761143256,,41,1,
1144020,1998492,4119984921143256,,41,1,
1144020,1998493,4119984931143256,,41,1,
1144020,1998494,4119984941143256,,41,1,
1144020,1976274,419762741143256,,4,1,
1144020,1976276,419762761143256,,4,1,
1144020,1998492,419984921143256,,4,1,
1144020,1998493,419984931143256,,4,1,
1144020,1998494,419984941143256,,4,1,
1144020,1976274,4219762741143256,,42,1,
1144020,1976276,4219762761143256,,42,1,
1144020,1998492,4219984921143256,,42,1,
1144020,1998493,4219984931143256,,42,1,
1144020,1998494,4219984941143256,,42,1,
1144020,1976274,4319762741143256,,43,1,
1144020,1976276,4319762761143256,,43,1,
1144020,1998492,4319984921143256,,43,1,
1144020,1998493,4319984931143256,,43,1,
1144020,1998494,4319984941143256,,43,1,
1144020,1976274,4419762741143256,,44,1,
1144020,1976276,4419762761143256,,44,1,
1144020,1998492,4419984921143256,,44,1,
1144020,1998493,4419984931143256,,44,1,
1144020,1998494,4419984941143256,,44,1,
1144020,1976274,4519762741143256,,45,1,
1144020,1976276,4519762761143256,,45,1,
1144020,1998492,4519984921143256,,45,1,
1144020,1998493,4519984931143256,,45,1,
1144020,1998494,4519984941143256,,45,1,
1144020,1976274,4619762741143256,,46,1,
1144020,1976276,4619762761143256,,46,1,
1144020,1998492,4619984921143256,,46,1,
1144020,1998493,4619984931143256,,46,1,
1144020,1998494,4619984941143256,,46,1,
1144020,1976274,4719762741143256,,47,1,
1144020,1976276,4719762761143256,,47,1,
1144020,1998492,4719984921143256,,47,1,
1144020,1998493,4719984931143256,,47,1,
1144020,1998494,4719984941143256,,47,1,
1144020,1976274,4819762741143256,,48,1,
1144020,1976276,4819762761143256,,48,1,
1144020,1998492,4819984921143256,,48,1,
1144020,1998493,4819984931143256,,48,1,
1144020,1998494,4819984941143256,,48,1,
1144020,1976274,4919762741143256,,49,1,
1144020,1976276,4919762761143256,,49,1,
1144020,1998492,4919984921143256,,49,1,
1144020,1998493,4919984931143256,,49,1,
1144020,1998494,4919984941143256,,49,1,
1144020,1976274,5019762741143256,,50,1,
1144020,1976276,5019762761143256,,50,1,
1144020,1998492,5019984921143256,,50,1,
1144020,1998493,5019984931143256,,50,1,
1144020,1998494,5019984941143256,,50,1,
1144020,1976274,5119762741143256,,51,1,
1144020,1976276,5119762761143256,,51,1,
1144020,1998492,5119984921143256,,51,1,
1144020,1998493,5119984931143256,,51,1,
1144020,1998494,5119984941143256,,51,1,
1144020,1976274,519762741143256,,5,1,
1144020,1976276,519762761143256,,5,1,
1144020,1998492,519984921143256,,5,1,
1144020,1998493,519984931143256,,5,1,
1144020,1998494,519984941143256,,5,1,
1144020,1976274,5219762741143256,,52,1,
1144020,1976276,5219762761143256,,52,1,
1144020,1998492,5219984921143256,,52,1,
1144020,1998493,5219984931143256,,52,1,
1144020,1998494,5219984941143256,,52,1,
1144020,1976274,5319762741143256,,53,1,
1144020,1976276,5319762761143256,,53,1,
1144020,1998492,5319984921143256,,53,1,
1144020,1998493,5319984931143256,,53,1,
1144020,1998494,5319984941143256,,53,1,
1144020,1976274,5419762741143256,,54,1,
1144020,1976276,5419762761143256,,54,1,
1144020,1998492,5419984921143256,,54,1,
1144020,1998493,5419984931143256,,54,1,
1144020,1998494,5419984941143256,,54,1,
1144020,1976274,5519762741143256,,55,1,
1144020,1976276,5519762761143256,,55,1,
1144020,1998492,5519984921143256,,55,1,
1144020,1998493,5519984931143256,,55,1,
1144020,1998494,5519984941143256,,55,1,
1144020,1976274,5619762741143256,,56,1,
1144020,1976276,5619762761143256,,56,1,
1144020,1998492,5619984921143256,,56,1,
1144020,1998493,5619984931143256,,56,1,
1144020,1998494,5619984941143256,,56,1,
1144020,1976274,5719762741143256,,57,1,
1144020,1976276,5719762761143256,,57,1,
1144020,1998492,5719984921143256,,57,1,
1144020,1998493,5719984931143256,,57,1,
1144020,1998494,5719984941143256,,57,1,
1144020,1976274,5819762741143256,,58,1,
1144020,1976276,5819762761143256,,58,1,
1144020,1998492,5819984921143256,,58,1,
1144020,1998493,5819984931143256,,58,1,
1144020,1998494,5819984941143256,,58,1,
1144020,1976274,5919762741143256,,59,1,
1144020,1976276,5919762761143256,,59,1,
1144020,1998492,5919984921143256,,59,1,
1144020,1998493,5919984931143256,,59,1,
1144020,1998494,5919984941143256,,59,1,
1144020,1976274,6019762741143256,,60,1,
1144020,1976276,6019762761143256,,60,1,
1144020,1998492,6019984921143256,,60,1,
1144020,1998493,6019984931143256,,60,1,
1144020,1998494,6019984941143256,,60,1,
1144020,1976274,6119762741143256,,61,1,
1144020,1976276,6119762761143256,,61,1,
1144020,1998492,6119984921143256,,61,1,
1144020,1998493,6119984931143256,,61,1,
1144020,1998494,6119984941143256,,61,1,
1144020,1976274,619762741143256,,6,1,
1144020,1976276,619762761143256,,6,1,
1144020,1998492,619984921143256,,6,1,
1144020,1998493,619984931143256,,6,1,
1144020,1998494,619984941143256,,6,1,
1144020,1976274,6219762741143256,,62,1,
1144020,1976276,6219762761143256,,62,1,
1144020,1998492,6219984921143256,,62,1,
1144020,1998493,6219984931143256,,62,1,
1144020,1998494,6219984941143256,,62,1,
1144020,1976274,6319762741143256,,63,1,
1144020,1976276,6319762761143256,,63,1,
1144020,1998492,6319984921143256,,63,1,
1144020,1998493,6319984931143256,,63,1,
1144020,1998494,6319984941143256,,63,1,
1144020,1976274,6419762741143256,,64,1,
1144020,1976276,6419762761143256,,64,1,
1144020,1998492,6419984921143256,,64,1,
1144020,1998493,6419984931143256,,64,1,
1144020,1998494,6419984941143256,,64,1,
1144020,1976274,6519762741143256,,65,1,
1144020,1976276,6519762761143256,,65,1,
1144020,1998492,6519984921143256,,65,1,
1144020,1998493,6519984931143256,,65,1,
1144020,1998494,6519984941143256,,65,1,
1144020,1976274,6619762741143256,,66,1,
1144020,1976276,6619762761143256,,66,1,
1144020,1998492,6619984921143256,,66,1,
1144020,1998493,6619984931143256,,66,1,
1144020,1998494,6619984941143256,,66,1,
1144020,1976274,6719762741143256,,67,1,
1144020,1976276,6719762761143256,,67,1,
1144020,1998492,6719984921143256,,67,1,
1144020,1998493,6719984931143256,,67,1,
1144020,1998494,6719984941143256,,67,1,
1144020,1976274,6819762741143256,,68,1,
1144020,1976276,6819762761143256,,68,1,
1144020,1998492,6819984921143256,,68,1,
1144020,1998493,6819984931143256,,68,1,
1144020,1998494,6819984941143256,,68,1,
1144020,1976274,6919762741143256,,69,1,
1144020,1976276,6919762761143256,,69,1,
1144020,1998492,6919984921143256,,69,1,
1144020,1998493,6919984931143256,,69,1,
1144020,1998494,6919984941143256,,69,1,
1144020,1976274,7019762741143256,,70,1,
1144020,1976276,7019762761143256,,70,1,
1144020,1998492,7019984921143256,,70,1,
1144020,1998493,7019984931143256,,70,1,
1144020,1998494,7019984941143256,,70,1,
1144020,1976274,7119762741143256,,71,1,
1144020,1976276,7119762761143256,,71,1,
1144020,1998492,7119984921143256,,71,1,
1144020,1998493,7119984931143256,,71,1,
1144020,1998494,7119984941143256,,71,1,
1144020,1976274,719762741143256,,7,1,
1144020,1976276,719762761143256,,7,1,
1144020,1998492,719984921143256,,7,1,
1144020,1998493,719984931143256,,7,1,
1144020,1998494,719984941143256,,7,1,
1144020,1976274,7219762741143256,,72,1,
1144020,1976276,7219762761143256,,72,1,
1144020,1998492,7219984921143256,,72,1,
1144020,1998493,7219984931143256,,72,1,
1144020,1998494,7219984941143256,,72,1,
1144020,1976274,7319762741143256,,73,1,
1144020,1976276,7319762761143256,,73,1,
1144020,1998492,7319984921143256,,73,1,
1144020,1998493,7319984931143256,,73,1,
1144020,1998494,7319984941143256,,73,1,
1144020,1976274,7419762741143256,,74,1,
1144020,1976276,7419762761143256,,74,1,
1144020,1998492,7419984921143256,,74,1,
1144020,1998493,7419984931143256,,74,1,
1144020,1998494,7419984941143256,,74,1,
1144020,1976274,7519762741143256,,75,1,
1144020,1976276,7519762761143256,,75,1,
1144020,1998492,7519984921143256,,75,1,
1144020,1998493,7519984931143256,,75,1,
1144020,1998494,7519984941143256,,75,1,
1144020,1976274,7619762741143256,,76,1,
1144020,1976276,7619762761143256,,76,1,
1144020,1998492,7619984921143256,,76,1,
1144020,1998493,7619984931143256,,76,1,
1144020,1998494,7619984941143256,,76,1,
1144020,1976274,7719762741143256,,77,1,
1144020,1976276,7719762761143256,,77,1,
1144020,1998492,7719984921143256,,77,1,
1144020,1998493,7719984931143256,,77,1,
1144020,1998494,7719984941143256,,77,1,
1144020,1976274,7819762741143256,,78,1,
1144020,1976276,7819762761143256,,78,1,
1144020,1998492,7819984921143256,,78,1,
1144020,1998493,7819984931143256,,78,1,
1144020,1998494,7819984941143256,,78,1,
1144020,1976274,7919762741143256,,79,1,
1144020,1976276,7919762761143256,,79,1,
1144020,1998492,7919984921143256,,79,1,
1144020,1998493,7919984931143256,,79,1,
1144020,1998494,7919984941143256,,79,1,
1144020,1976274,8019762741143256,,80,1,
1144020,1976276,8019762761143256,,80,1,
1144020,11998492,8019984921143256,,80,1,
1144020,1998493,8019984931143256,,80,1,
1144020,1998494,8019984941143256,,80,1,
1144020,1976274,8119762741143256,,81,1,
1144020,1976276,8119762761143256,,81,1,
1144020,11998492,8119984921143256,,81,1,
1144020,1998493,8119984931143256,,81,1,
1144020,1998494,8119984941143256,,81,1,
1144020,1976274,819762741143256,,8,1,
1144020,1976276,819762761143256,,8,1,
1144020,1998492,819984921143256,,8,1,
1144020,1998493,819984931143256,,8,1,
1144020,1998494,819984941143256,,8,1,
1144020,1976274,8219762741143256,,82,1,
1144020,1976276,8219762761143256,,82,1,
1144020,1998493,8219984931143256,,82,1,
1144020,1998494,8219984941143256,,82,1,
1144020,1976274,8319762741143256,,83,1,
1144020,1976276,8319762761143256,,83,1,
1144020,1998493,8319984931143256,,83,1,
1144020,1998494,8319984941143256,,83,1,
1144020,1976274,8419762741143256,,84,1,
1144020,1976276,8419762761143256,,84,1,
1144020,1998493,8419984931143256,,84,1,
1144020,1998494,8419984941143256,,84,1,
1144020,1976274,8519762741143256,,85,1,
1144020,1976276,8519762761143256,,85,1,
1144020,1998493,8519984931143256,,85,1,
1144020,1998494,8519984941143256,,85,1,
1144020,1976274,8619762741143256,,86,1,
1144020,1976276,8619762761143256,,86,1,
1144020,1998493,8619984931143256,,86,1,
1144020,1998494,8619984941143256,,86,1,
1144020,1976274,8719762741143256,,87,1,
1144020,1976276,8719762761143256,,87,1,
1144020,1998493,8719984931143256,,87,1,
1144020,1998494,8719984941143256,,87,1,
1144020,1976274,8819762741143256,,88,1,
1144020,1976276,8819762761143256,,88,1,
1144020,1998493,8819984931143256,,88,1,
1144020,1998494,8819984941143256,,88,1,
1144020,1976274,8919762741143256,,89,1,
1144020,1976276,8919762761143256,,89,1,
1144020,1998493,8919984931143256,,89,1,
1144020,1998494,8919984941143256,,89,1,
1144020,1976274,9019762741143256,,90,1,
1144020,1976276,9019762761143256,,90,1,
1144020,1998493,9019984931143256,,90,1,
1144020,1998494,9019984941143256,,90,1,
1144020,1976274,9119762741143256,,91,1,
1144020,1976276,9119762761143256,,91,1,
1144020,1998493,9119984931143256,,91,1,
1144020,1998494,9119984941143256,,91,1,
1144020,1976274,919762741143256,,9,1,
1144020,1976276,919762761143256,,9,1,
1144020,1998492,919984921143256,,9,1,
1144020,1998493,919984931143256,,9,1,
1144020,1998494,919984941143256,,9,1,
1144020,1976274,9219762741143256,,92,1,
1144020,1976276,9219762761143256,,92,1,
1144020,1998493,9219984931143256,,92,1,
1144020,1998494,9219984941143256,,92,1,
1144020,1976274,9319762741143256,,93,1,
1144020,1976276,9319762761143256,,93,1,
1144020,1998493,9319984931143256,,93,1,
1144020,1998494,9319984941143256,,93,1,
1144020,1976274,9419762741143256,,94,1,
1144020,1976276,9419762761143256,,94,1,
1144020,1998493,9419984931143256,,94,1,
1144020,1998494,9419984941143256,,94,1,
1144020,1976274,9519762741143256,,95,1,
1144020,1976276,9519762761143256,,95,1,
1144020,1998493,9519984931143256,,95,1,
1144020,1998494,9519984941143256,,95,1,
1144020,1976274,9619762741143256,,96,1,
1144020,11976276,9619762761143256,,96,1,
1144020,1998493,9619984931143256,,96,1,
1144020,1998494,9619984941143256,,96,1,
1144020,1976274,9719762741143256,,97,1,
1144020,11976276,9719762761143256,,97,1,
1144020,1998493,9719984931143256,,97,1,
1144020,1998494,9719984941143256,,97,1,
1144020,1976274,9819762741143256,,98,1,
1144020,1998493,9819984931143256,,98,1,
1144020,1998494,9819984941143256,,98,1,
1144020,1976274,9919762741143256,,99,1,
1144020,1998493,9919984931143256,,99,1,
1144020,11998494,9919984941143256,,99,1,
1144020,1976274,1019762741143257,,10,1,
1144020,1998493,1019984931143257,,10,1,
1144020,1976274,1119762741143257,,11,1,
1144020,1998493,1119984931143257,,11,1,
1144020,1976274,119762741143257,,1,1,
1144020,1998493,119984931143257,,1,1,
1144020,1976274,1219762741143257,,12,1,
1144020,1998493,1219984931143257,,12,1,
1144020,1976274,1319762741143257,,13,1,
1144020,1998493,1319984931143257,,13,1,
1144020,1976274,1419762741143257,,14,1,
1144020,1998493,1419984931143257,,14,1,
1144020,1976274,1519762741143257,,15,1,
1144020,1998493,1519984931143257,,15,1,
1144020,1976274,1619762741143257,,16,1,
1144020,1998493,1619984931143257,,16,1,
1144020,1976274,1719762741143257,,17,1,
1144020,1998493,1719984931143257,,17,1,
1144020,1976274,1819762741143257,,18,1,
1144020,1998493,1819984931143257,,18,1,
1144020,1976274,1919762741143257,,19,1,
1144020,1998493,1919984931143257,,19,1,
1144020,1976274,2019762741143257,,20,1,
1144020,1998493,2019984931143257,,20,1,
1144020,1976274,2119762741143257,,21,1,
1144020,1998493,2119984931143257,,21,1,
1144020,1976274,219762741143257,,2,1,
1144020,1998493,219984931143257,,2,1,
1144020,1976274,2219762741143257,,22,1,
1144020,1998493,2219984931143257,,22,1,
1144020,1976274,2319762741143257,,23,1,
1144020,1998493,2319984931143257,,23,1,
1144020,1976274,2419762741143257,,24,1,
1144020,1998493,2419984931143257,,24,1,
1144020,1976274,2519762741143257,,25,1,
1144020,1998493,2519984931143257,,25,1,
1144020,1976274,2619762741143257,,26,1,
1144020,1998493,2619984931143257,,26,1,
1144020,1976274,2719762741143257,,27,1,
1144020,1998493,2719984931143257,,27,1,
1144020,1976274,2819762741143257,,28,1,
1144020,1998493,2819984931143257,,28,1,
1144020,1976274,2919762741143257,,29,1,
1144020,1998493,2919984931143257,,29,1,
1144020,1976274,3019762741143257,,30,1,
1144020,1998493,3019984931143257,,30,1,
1144020,1976274,3119762741143257,,31,1,
1144020,1998493,3119984931143257,,31,1,
1144020,1976274,319762741143257,,3,1,
1144020,1998493,319984931143257,,3,1,
1144020,1976274,3219762741143257,,32,1,
1144020,1998493,3219984931143257,,32,1,
1144020,1976274,3319762741143257,,33,1,
1144020,1998493,3319984931143257,,33,1,
1144020,1976274,3419762741143257,,34,1,
1144020,1998493,3419984931143257,,34,1,
1144020,1976274,3519762741143257,,35,1,
1144020,1998493,3519984931143257,,35,1,
1144020,1976274,3619762741143257,,36,1,
1144020,1998493,3619984931143257,,36,1,
1144020,1976274,3719762741143257,,37,1,
1144020,1998493,3719984931143257,,37,1,
1144020,1976274,3819762741143257,,38,1,
1144020,1998493,3819984931143257,,38,1,
1144020,1976274,3919762741143257,,39,1,
1144020,1998493,3919984931143257,,39,1,
1144020,1976274,4019762741143257,,40,1,
1144020,1998493,4019984931143257,,40,1,
1144020,1976274,4119762741143257,,41,1,
1144020,1998493,4119984931143257,,41,1,
1144020,1976274,419762741143257,,4,1,
1144020,1998493,419984931143257,,4,1,
1144020,1976274,4219762741143257,,42,1,
1144020,1998493,4219984931143257,,42,1,
1144020,1976274,4319762741143257,,43,1,
1144020,1998493,4319984931143257,,43,1,
1144020,1976274,4419762741143257,,44,1,
1144020,1998493,4419984931143257,,44,1,
1144020,1976274,4519762741143257,,45,1,
1144020,1998493,4519984931143257,,45,1,
1144020,1976274,4619762741143257,,46,1,
1144020,1998493,4619984931143257,,46,1,
1144020,1976274,4719762741143257,,47,1,
1144020,1998493,4719984931143257,,47,1,
1144020,1976274,4819762741143257,,48,1,
1144020,1998493,4819984931143257,,48,1,
1144020,1998493,4919984931143257,,49,1,
1144020,1998493,5019984931143257,,50,1,
1144020,1998493,5119984931143257,,51,1,
1144020,1976274,519762741143257,,5,1,
1144020,1998493,519984931143257,,5,1,
1144020,1998493,5219984931143257,,52,1,
1144020,1998493,5319984931143257,,53,1,
1144020,1976274,619762741143257,,6,1,
1144020,1998493,619984931143257,,6,1,
1144020,1976274,719762741143257,,7,1,
1144020,1998493,719984931143257,,7,1,
1144020,1976274,819762741143257,,8,1,
1144020,1998493,819984931143257,,8,1,
1144020,1976274,919762741143257,,9,1,
1144020,1998493,919984931143257,,9,1,
1144020,1976274,119762741143258,,1,1,
1144020,1998493,119984931143258,,1,1,
1144020,1976274,219762741143258,,2,1,
1144020,1998493,219984931143258,,2,1,
1368964,1976270,10019762701220351,,100,0,
1368964,1998490,10019984901220351,,100,0,
1368964,1998491,10019984911220351,,100,0,
1368964,1976270,10119762701220351,,101,0,
1368964,1998490,10119984901220351,,101,0,
1368964,1998491,10119984911220351,,101,0,
1368964,1976270,1019762701220351,,10,0,
1368964,1976272,1019762721220351,,10,0,
1368964,1998489,1019984891220351,,10,0,
1368964,1998490,1019984901220351,,10,0,
1368964,1998491,1019984911220351,,10,0,
1368964,1976270,10219762701220351,,102,0,
1368964,1998490,10219984901220351,,102,0,
1368964,11998491,10219984911220351,,102,0,
1368964,1976270,10319762701220351,,103,0,
1368964,1998490,10319984901220351,,103,0,
1368964,11998491,10319984911220351,,103,0,
1368964,1976270,10419762701220351,,104,0,
1368964,1998490,10419984901220351,,104,0,
1368964,1976270,10519762701220351,,105,0,
1368964,1998490,10519984901220351,,105,0,
1368964,1976270,10619762701220351,,106,0,
1368964,1998490,10619984901220351,,106,0,
1368964,1976270,10719762701220351,,107,0,
1368964,1998490,10719984901220351,,107,0,
1368964,1976270,10819762701220351,,108,0,
1368964,1998490,10819984901220351,,108,0,
1368964,1976270,10919762701220351,,109,0,
1368964,1998490,10919984901220351,,109,0,
1368964,1976270,11019762701220351,,110,0,
1368964,1998490,11019984901220351,,110,0,
1368964,1976270,11119762701220351,,111,0,
1368964,1998490,11119984901220351,,111,0,
1368964,1976270,1119762701220351,,11,0,
1368964,1976272,1119762721220351,,11,0,
1368964,1998489,1119984891220351,,11,0,
1368964,1998490,1119984901220351,,11,0,
1368964,1998491,1119984911220351,,11,0,
1368964,1976270,11219762701220351,,112,0,
1368964,1998490,11219984901220351,,112,0,
1368964,1976270,11319762701220351,,113,0,
1368964,1998490,11319984901220351,,113,0,
1368964,1976270,11419762701220351,,114,0,
1368964,1998490,11419984901220351,,114,0,
1368964,1976270,11519762701220351,,115,0,
1368964,1998490,11519984901220351,,115,0,
1368964,1976270,11619762701220351,,116,0,
1368964,1998490,11619984901220351,,116,0,
1368964,1976270,11719762701220351,,117,0,
1368964,1998490,11719984901220351,,117,0,
1368964,1976270,11819762701220351,,118,0,
1368964,1998490,11819984901220351,,118,0,
1368964,1976270,11919762701220351,,119,0,
1368964,1998490,11919984901220351,,119,0,
1368964,1976270,119762701220351,,1,0,
1368964,1976272,119762721220351,,1,0,
1368964,1998489,119984891220351,,1,0,
1368964,1998490,119984901220351,,1,0,
1368964,1998491,119984911220351,,1,0,
1368964,1976270,12019762701220351,,120,0,
1368964,1998490,12019984901220351,,120,0,
1368964,1976270,12119762701220351,,121,0,
1368964,1998490,12119984901220351,,121,0,
1368964,1976270,1219762701220351,,12,0,
1368964,1976272,1219762721220351,,12,0,
1368964,1998489,1219984891220351,,12,0,
1368964,1998490,1219984901220351,,12,0,
1368964,1998491,1219984911220351,,12,0,
1368964,1976270,12219762701220351,,122,0,
1368964,1998490,12219984901220351,,122,0,
1368964,1976270,12319762701220351,,123,0,
1368964,1998490,12319984901220351,,123,0,
1368964,1976270,12419762701220351,,124,0,
1368964,1998490,12419984901220351,,124,0,
1368964,1976270,12519762701220351,,125,0,
1368964,1998490,12519984901220351,,125,0,
1368964,1976270,12619762701220351,,126,0,
1368964,1998490,12619984901220351,,126,0,
1368964,1976270,12719762701220351,,127,0,
1368964,1998490,12719984901220351,,127,0,
1368964,1976270,12819762701220351,,128,0,
1368964,1998490,12819984901220351,,128,0,
1368964,11976270,12919762701220351,,129,0,
1368964,1998490,12919984901220351,,129,0,
1368964,11976270,13019762701220351,,130,0,
1368964,1998490,13019984901220351,,130,0,
1368964,1998490,13119984901220351,,131,0,
1368964,1976270,1319762701220351,,13,0,
1368964,1976272,1319762721220351,,13,0,
1368964,1998489,1319984891220351,,13,0,
1368964,1998490,1319984901220351,,13,0,
1368964,1998491,1319984911220351,,13,0,
1368964,11998490,13219984901220351,,132,0,
1368964,11998490,13319984901220351,,133,0,
1368964,1976270,1419762701220351,,14,0,
1368964,1976272,1419762721220351,,14,0,
1368964,1998489,1419984891220351,,14,0,
1368964,1998490,1419984901220351,,14,0,
1368964,1998491,1419984911220351,,14,0,
1368964,1976270,1519762701220351,,15,0,
1368964,1976272,1519762721220351,,15,0,
1368964,1998489,1519984891220351,,15,0,
1368964,1998490,1519984901220351,,15,0,
1368964,1998491,1519984911220351,,15,0,
1368964,1976270,1619762701220351,,16,0,
1368964,1976272,1619762721220351,,16,0,
1368964,1998489,1619984891220351,,16,0,
1368964,1998490,1619984901220351,,16,0,
1368964,1998491,1619984911220351,,16,0,
1368964,1976270,1719762701220351,,17,0,
1368964,1976272,1719762721220351,,17,0,
1368964,1998489,1719984891220351,,17,0,
1368964,1998490,1719984901220351,,17,0,
1368964,1998491,1719984911220351,,17,0,
1368964,1976270,1819762701220351,,18,0,
1368964,1976272,1819762721220351,,18,0,
1368964,1998489,1819984891220351,,18,0,
1368964,1998490,1819984901220351,,18,0,
1368964,1998491,1819984911220351,,18,0,
1368964,1976270,1919762701220351,,19,0,
1368964,1976272,1919762721220351,,19,0,
1368964,1998489,1919984891220351,,19,0,
1368964,1998490,1919984901220351,,19,0,
1368964,1998491,1919984911220351,,19,0,
1368964,1976270,2019762701220351,,20,0,
1368964,1976272,2019762721220351,,20,0,
1368964,1998489,2019984891220351,,20,0,
1368964,1998490,2019984901220351,,20,0,
1368964,1998491,2019984911220351,,20,0,
1368964,1976270,2119762701220351,,21,0,
1368964,1976272,2119762721220351,,21,0,
1368964,1998489,2119984891220351,,21,0,
1368964,1998490,2119984901220351,,21,0,
1368964,1998491,2119984911220351,,21,0,
1368964,1976270,219762701220351,,2,0,
1368964,1976272,219762721220351,,2,0,
1368964,1998489,219984891220351,,2,0,
1368964,1998490,219984901220351,,2,0,
1368964,1998491,219984911220351,,2,0,
1368964,1976270,2219762701220351,,22,0,
1368964,1976272,2219762721220351,,22,0,
1368964,1998489,2219984891220351,,22,0,
1368964,1998490,2219984901220351,,22,0,
1368964,1998491,2219984911220351,,22,0,
1368964,1976270,2319762701220351,,23,0,
1368964,1976272,2319762721220351,,23,0,
1368964,1998489,2319984891220351,,23,0,
1368964,1998490,2319984901220351,,23,0,
1368964,1998491,2319984911220351,,23,0,
1368964,1976270,2419762701220351,,24,0,
1368964,1976272,2419762721220351,,24,0,
1368964,1998489,2419984891220351,,24,0,
1368964,1998490,2419984901220351,,24,0,
1368964,1998491,2419984911220351,,24,0,
1368964,1976270,2519762701220351,,25,0,
1368964,1976272,2519762721220351,,25,0,
1368964,1998489,2519984891220351,,25,0,
1368964,1998490,2519984901220351,,25,0,
1368964,1998491,2519984911220351,,25,0,
1368964,1976270,2619762701220351,,26,0,
1368964,1976272,2619762721220351,,26,0,
1368964,1998489,2619984891220351,,26,0,
1368964,1998490,2619984901220351,,26,0,
1368964,1998491,2619984911220351,,26,0,
1368964,1976270,2719762701220351,,27,0,
1368964,1976272,2719762721220351,,27,0,
1368964,1998489,2719984891220351,,27,0,
1368964,1998490,2719984901220351,,27,0,
1368964,1998491,2719984911220351,,27,0,
1368964,1976270,2819762701220351,,28,0,
1368964,1976272,2819762721220351,,28,0,
1368964,1998489,2819984891220351,,28,0,
1368964,1998490,2819984901220351,,28,0,
1368964,1998491,2819984911220351,,28,0,
1368964,1976270,2919762701220351,,29,0,
1368964,1976272,2919762721220351,,29,0,
1368964,1998489,2919984891220351,,29,0,
1368964,1998490,2919984901220351,,29,0,
1368964,1998491,2919984911220351,,29,0,
1368964,1976270,3019762701220351,,30,0,
1368964,1976272,3019762721220351,,30,0,
1368964,1998489,3019984891220351,,30,0,
1368964,1998490,3019984901220351,,30,0,
1368964,1998491,3019984911220351,,30,0,
1368964,1976270,3119762701220351,,31,0,
1368964,1976272,3119762721220351,,31,0,
1368964,1998489,3119984891220351,,31,0,
1368964,1998490,3119984901220351,,31,0,
1368964,1998491,3119984911220351,,31,0,
1368964,1976270,319762701220351,,3,0,
1368964,1976272,319762721220351,,3,0,
1368964,1998489,319984891220351,,3,0,
1368964,1998490,319984901220351,,3,0,
1368964,1998491,319984911220351,,3,0,
1368964,1976270,3219762701220351,,32,0,
1368964,1976272,3219762721220351,,32,0,
1368964,1998489,3219984891220351,,32,0,
1368964,1998490,3219984901220351,,32,0,
1368964,1998491,3219984911220351,,32,0,
1368964,1976270,3319762701220351,,33,0,
1368964,1976272,3319762721220351,,33,0,
1368964,1998489,3319984891220351,,33,0,
1368964,1998490,3319984901220351,,33,0,
1368964,1998491,3319984911220351,,33,0,
1368964,1976270,3419762701220351,,34,0,
1368964,1976272,3419762721220351,,34,0,
1368964,1998489,3419984891220351,,34,0,
1368964,1998490,3419984901220351,,34,0,
1368964,1998491,3419984911220351,,34,0,
1368964,1976270,3519762701220351,,35,0,
1368964,1976272,3519762721220351,,35,0,
1368964,1998489,3519984891220351,,35,0,
1368964,1998490,3519984901220351,,35,0,
1368964,1998491,3519984911220351,,35,0,
1368964,1976270,3619762701220351,,36,0,
1368964,1976272,3619762721220351,,36,0,
1368964,1998489,3619984891220351,,36,0,
1368964,1998490,3619984901220351,,36,0,
1368964,1998491,3619984911220351,,36,0,
1368964,1976270,3719762701220351,,37,0,
1368964,1976272,3719762721220351,,37,0,
1368964,1998489,3719984891220351,,37,0,
1368964,1998490,3719984901220351,,37,0,
1368964,1998491,3719984911220351,,37,0,
1368964,1976270,3819762701220351,,38,0,
1368964,1976272,3819762721220351,,38,0,
1368964,1998489,3819984891220351,,38,0,
1368964,1998490,3819984901220351,,38,0,
1368964,1998491,3819984911220351,,38,0,
1368964,1976270,3919762701220351,,39,0,
1368964,1976272,3919762721220351,,39,0,
1368964,1998489,3919984891220351,,39,0,
1368964,1998490,3919984901220351,,39,0,
1368964,1998491,3919984911220351,,39,0,
1368964,1976270,4019762701220351,,40,0,
1368964,1976272,4019762721220351,,40,0,
1368964,1998489,4019984891220351,,40,0,
1368964,1998490,4019984901220351,,40,0,
1368964,1998491,4019984911220351,,40,0,
1368964,1976270,4119762701220351,,41,0,
1368964,1976272,4119762721220351,,41,0,
1368964,1998489,4119984891220351,,41,0,
1368964,1998490,4119984901220351,,41,0,
1368964,1998491,4119984911220351,,41,0,
1368964,1976270,419762701220351,,4,0,
1368964,1976272,419762721220351,,4,0,
1368964,1998489,419984891220351,,4,0,
1368964,1998490,419984901220351,,4,0,
1368964,1998491,419984911220351,,4,0,
1368964,1976270,4219762701220351,,42,0,
1368964,1976272,4219762721220351,,42,0,
1368964,1998489,4219984891220351,,42,0,
1368964,1998490,4219984901220351,,42,0,
1368964,1998491,4219984911220351,,42,0,
1368964,1976270,4319762701220351,,43,0,
1368964,1976272,4319762721220351,,43,0,
1368964,1998489,4319984891220351,,43,0,
1368964,1998490,4319984901220351,,43,0,
1368964,1998491,4319984911220351,,43,0,
1368964,1976270,4419762701220351,,44,0,
1368964,1976272,4419762721220351,,44,0,
1368964,1998489,4419984891220351,,44,0,
1368964,1998490,4419984901220351,,44,0,
1368964,1998491,4419984911220351,,44,0,
1368964,1976270,4519762701220351,,45,0,
1368964,1976272,4519762721220351,,45,0,
1368964,1998489,4519984891220351,,45,0,
1368964,1998490,4519984901220351,,45,0,
1368964,1998491,4519984911220351,,45,0,
1368964,1976270,4619762701220351,,46,0,
1368964,1976272,4619762721220351,,46,0,
1368964,1998489,4619984891220351,,46,0,
1368964,1998490,4619984901220351,,46,0,
1368964,1998491,4619984911220351,,46,0,
1368964,1976270,4719762701220351,,47,0,
1368964,1976272,4719762721220351,,47,0,
1368964,1998489,4719984891220351,,47,0,
1368964,1998490,4719984901220351,,47,0,
1368964,1998491,4719984911220351,,47,0,
1368964,1976270,4819762701220351,,48,0,
1368964,1976272,4819762721220351,,48,0,
1368964,1998489,4819984891220351,,48,0,
1368964,1998490,4819984901220351,,48,0,
1368964,1998491,4819984911220351,,48,0,
1368964,1976270,4919762701220351,,49,0,
1368964,1976272,4919762721220351,,49,0,
1368964,1998489,4919984891220351,,49,0,
1368964,1998490,4919984901220351,,49,0,
1368964,1998491,4919984911220351,,49,0,
1368964,1976270,5019762701220351,,50,0,
1368964,1976272,5019762721220351,,50,0,
1368964,1998489,5019984891220351,,50,0,
1368964,1998490,5019984901220351,,50,0,
1368964,1998491,5019984911220351,,50,0,
1368964,1976270,5119762701220351,,51,0,
1368964,1976272,5119762721220351,,51,0,
1368964,1998489,5119984891220351,,51,0,
1368964,1998490,5119984901220351,,51,0,
1368964,1998491,5119984911220351,,51,0,
1368964,1976270,519762701220351,,5,0,
1368964,1976272,519762721220351,,5,0,
1368964,1998489,519984891220351,,5,0,
1368964,1998490,519984901220351,,5,0,
1368964,1998491,519984911220351,,5,0,
1368964,1976270,5219762701220351,,52,0,
1368964,1976272,5219762721220351,,52,0,
1368964,1998489,5219984891220351,,52,0,
1368964,1998490,5219984901220351,,52,0,
1368964,1998491,5219984911220351,,52,0,
1368964,1976270,5319762701220351,,53,0,
1368964,1976272,5319762721220351,,53,0,
1368964,1998489,5319984891220351,,53,0,
1368964,1998490,5319984901220351,,53,0,
1368964,1998491,5319984911220351,,53,0,
1368964,1976270,5419762701220351,,54,0,
1368964,1976272,5419762721220351,,54,0,
1368964,1998489,5419984891220351,,54,0,
1368964,1998490,5419984901220351,,54,0,
1368964,1998491,5419984911220351,,54,0,
1368964,1976270,5519762701220351,,55,0,
1368964,1976272,5519762721220351,,55,0,
1368964,1998489,5519984891220351,,55,0,
1368964,1998490,5519984901220351,,55,0,
1368964,1998491,5519984911220351,,55,0,
1368964,1976270,5619762701220351,,56,0,
1368964,1976272,5619762721220351,,56,0,
1368964,1998489,5619984891220351,,56,0,
1368964,1998490,5619984901220351,,56,0,
1368964,1998491,5619984911220351,,56,0,
1368964,1976270,5719762701220351,,57,0,
1368964,1976272,5719762721220351,,57,0,
1368964,1998489,5719984891220351,,57,0,
1368964,1998490,5719984901220351,,57,0,
1368964,1998491,5719984911220351,,57,0,
1368964,1976270,5819762701220351,,58,0,
1368964,1976272,5819762721220351,,58,0,
1368964,1998489,5819984891220351,,58,0,
1368964,1998490,5819984901220351,,58,0,
1368964,1998491,5819984911220351,,58,0,
1368964,1976270,5919762701220351,,59,0,
1368964,1976272,5919762721220351,,59,0,
1368964,1998489,5919984891220351,,59,0,
1368964,1998490,5919984901220351,,59,0,
1368964,1998491,5919984911220351,,59,0,
1368964,1976270,6019762701220351,,60,0,
1368964,1976272,6019762721220351,,60,0,
1368964,1998489,6019984891220351,,60,0,
1368964,1998490,6019984901220351,,60,0,
1368964,1998491,6019984911220351,,60,0,
1368964,1976270,6119762701220351,,61,0,
1368964,1976272,6119762721220351,,61,0,
1368964,1998489,6119984891220351,,61,0,
1368964,1998490,6119984901220351,,61,0,
1368964,1998491,6119984911220351,,61,0,
1368964,1976270,619762701220351,,6,0,
1368964,1976272,619762721220351,,6,0,
1368964,1998489,619984891220351,,6,0,
1368964,1998490,619984901220351,,6,0,
1368964,1998491,619984911220351,,6,0,
1368964,1976270,6219762701220351,,62,0,
1368964,1976272,6219762721220351,,62,0,
1368964,1998489,6219984891220351,,62,0,
1368964,1998490,6219984901220351,,62,0,
1368964,1998491,6219984911220351,,62,0,
1368964,1976270,6319762701220351,,63,0,
1368964,1976272,6319762721220351,,63,0,
1368964,1998489,6319984891220351,,63,0,
1368964,1998490,6319984901220351,,63,0,
1368964,1998491,6319984911220351,,63,0,
1368964,1976270,6419762701220351,,64,0,
1368964,1976272,6419762721220351,,64,0,
1368964,1998489,6419984891220351,,64,0,
1368964,1998490,6419984901220351,,64,0,
1368964,1998491,6419984911220351,,64,0,
1368964,1976270,6519762701220351,,65,0,
1368964,1976272,6519762721220351,,65,0,
1368964,1998489,6519984891220351,,65,0,
1368964,1998490,6519984901220351,,65,0,
1368964,1998491,6519984911220351,,65,0,
1368964,1976270,6619762701220351,,66,0,
1368964,1976272,6619762721220351,,66,0,
1368964,1998489,6619984891220351,,66,0,
1368964,1998490,6619984901220351,,66,0,
1368964,1998491,6619984911220351,,66,0,
1368964,1976270,6719762701220351,,67,0,
1368964,1976272,6719762721220351,,67,0,
1368964,1998489,6719984891220351,,67,0,
1368964,1998490,6719984901220351,,67,0,
1368964,1998491,6719984911220351,,67,0,
1368964,1976270,6819762701220351,,68,0,
1368964,1976272,6819762721220351,,68,0,
1368964,1998489,6819984891220351,,68,0,
1368964,1998490,6819984901220351,,68,0,
1368964,1998491,6819984911220351,,68,0,
1368964,1976270,6919762701220351,,69,0,
1368964,1976272,6919762721220351,,69,0,
1368964,1998489,6919984891220351,,69,0,
1368964,1998490,6919984901220351,,69,0,
1368964,1998491,6919984911220351,,69,0,
1368964,1976270,7019762701220351,,70,0,
1368964,1976272,7019762721220351,,70,0,
1368964,1998489,7019984891220351,,70,0,
1368964,1998490,7019984901220351,,70,0,
1368964,1998491,7019984911220351,,70,0,
1368964,1976270,7119762701220351,,71,0,
1368964,1976272,7119762721220351,,71,0,
1368964,1998489,7119984891220351,,71,0,
1368964,1998490,7119984901220351,,71,0,
1368964,1998491,7119984911220351,,71,0,
1368964,1976270,719762701220351,,7,0,
1368964,1976272,719762721220351,,7,0,
1368964,1998489,719984891220351,,7,0,
1368964,1998490,719984901220351,,7,0,
1368964,1998491,719984911220351,,7,0,
1368964,1976270,7219762701220351,,72,0,
1368964,1976272,7219762721220351,,72,0,
1368964,1998489,7219984891220351,,72,0,
1368964,1998490,7219984901220351,,72,0,
1368964,1998491,7219984911220351,,72,0,
1368964,1976270,7319762701220351,,73,0,
1368964,1976272,7319762721220351,,73,0,
1368964,1998489,7319984891220351,,73,0,
1368964,1998490,7319984901220351,,73,0,
1368964,1998491,7319984911220351,,73,0,
1368964,1976270,7419762701220351,,74,0,
1368964,1976272,7419762721220351,,74,0,
1368964,1998489,7419984891220351,,74,0,
1368964,1998490,7419984901220351,,74,0,
1368964,1998491,7419984911220351,,74,0,
1368964,1976270,7519762701220351,,75,0,
1368964,1976272,7519762721220351,,75,0,
1368964,1998489,7519984891220351,,75,0,
1368964,1998490,7519984901220351,,75,0,
1368964,1998491,7519984911220351,,75,0,
1368964,1976270,7619762701220351,,76,0,
1368964,1976272,7619762721220351,,76,0,
1368964,1998489,7619984891220351,,76,0,
1368964,1998490,7619984901220351,,76,0,
1368964,1998491,7619984911220351,,76,0,
1368964,1976270,7719762701220351,,77,0,
1368964,1976272,7719762721220351,,77,0,
1368964,1998489,7719984891220351,,77,0,
1368964,1998490,7719984901220351,,77,0,
1368964,1998491,7719984911220351,,77,0,
1368964,1976270,7819762701220351,,78,0,
1368964,1976272,7819762721220351,,78,0,
1368964,1998489,7819984891220351,,78,0,
1368964,1998490,7819984901220351,,78,0,
1368964,1998491,7819984911220351,,78,0,
1368964,1976270,7919762701220351,,79,0,
1368964,1976272,7919762721220351,,79,0,
1368964,1998489,7919984891220351,,79,0,
1368964,1998490,7919984901220351,,79,0,
1368964,1998491,7919984911220351,,79,0,
1368964,1976270,8019762701220351,,80,0,
1368964,1976272,8019762721220351,,80,0,
1368964,1998489,8019984891220351,,80,0,
1368964,1998490,8019984901220351,,80,0,
1368964,1998491,8019984911220351,,80,0,
1368964,1976270,8119762701220351,,81,0,
1368964,1976272,8119762721220351,,81,0,
1368964,11998489,8119984891220351,,81,0,
1368964,1998490,8119984901220351,,81,0,
1368964,1998491,8119984911220351,,81,0,
1368964,1976270,819762701220351,,8,0,
1368964,1976272,819762721220351,,8,0,
1368964,1998489,819984891220351,,8,0,
1368964,1998490,819984901220351,,8,0,
1368964,1998491,819984911220351,,8,0,
1368964,1976270,8219762701220351,,82,0,
1368964,1976272,8219762721220351,,82,0,
1368964,11998489,8219984891220351,,82,0,
1368964,1998490,8219984901220351,,82,0,
1368964,1998491,8219984911220351,,82,0,
1368964,1976270,8319762701220351,,83,0,
1368964,1976272,8319762721220351,,83,0,
1368964,1998490,8319984901220351,,83,0,
1368964,1998491,8319984911220351,,83,0,
1368964,1976270,8419762701220351,,84,0,
1368964,1976272,8419762721220351,,84,0,
1368964,1998490,8419984901220351,,84,0,
1368964,1998491,8419984911220351,,84,0,
1368964,1976270,8519762701220351,,85,0,
1368964,1976272,8519762721220351,,85,0,
1368964,1998490,8519984901220351,,85,0,
1368964,1998491,8519984911220351,,85,0,
1368964,1976270,8619762701220351,,86,0,
1368964,1976272,8619762721220351,,86,0,
1368964,1998490,8619984901220351,,86,0,
1368964,1998491,8619984911220351,,86,0,
1368964,1976270,8719762701220351,,87,0,
1368964,1976272,8719762721220351,,87,0,
1368964,1998490,8719984901220351,,87,0,
1368964,1998491,8719984911220351,,87,0,
1368964,1976270,8819762701220351,,88,0,
1368964,1976272,8819762721220351,,88,0,
1368964,1998490,8819984901220351,,88,0,
1368964,1998491,8819984911220351,,88,0,
1368964,1976270,8919762701220351,,89,0,
1368964,1976272,8919762721220351,,89,0,
1368964,1998490,8919984901220351,,89,0,
1368964,1998491,8919984911220351,,89,0,
1368964,1976270,9019762701220351,,90,0,
1368964,1976272,9019762721220351,,90,0,
1368964,1998490,9019984901220351,,90,0,
1368964,1998491,9019984911220351,,90,0,
1368964,1976270,9119762701220351,,91,0,
1368964,1976272,9119762721220351,,91,0,
1368964,1998490,9119984901220351,,91,0,
1368964,1998491,9119984911220351,,91,0,
1368964,1976270,919762701220351,,9,0,
1368964,1976272,919762721220351,,9,0,
1368964,1998489,919984891220351,,9,0,
1368964,1998490,919984901220351,,9,0,
1368964,1998491,919984911220351,,9,0,
1368964,1976270,9219762701220351,,92,0,
1368964,1976272,9219762721220351,,92,0,
1368964,1998490,9219984901220351,,92,0,
1368964,1998491,9219984911220351,,92,0,
1368964,1976270,9319762701220351,,93,0,
1368964,1976272,9319762721220351,,93,0,
1368964,1998490,9319984901220351,,93,0,
1368964,1998491,9319984911220351,,93,0,
1368964,1976270,9419762701220351,,94,0,
1368964,1976272,9419762721220351,,94,0,
1368964,1998490,9419984901220351,,94,0,
1368964,1998491,9419984911220351,,94,0,
1368964,1976270,9519762701220351,,95,0,
1368964,1976272,9519762721220351,,95,0,
1368964,1998490,9519984901220351,,95,0,
1368964,1998491,9519984911220351,,95,0,
1368964,1976270,9619762701220351,,96,0,
1368964,1976272,9619762721220351,,96,0,
1368964,1998490,9619984901220351,,96,0,
1368964,1998491,9619984911220351,,96,0,
1368964,1976270,9719762701220351,,97,0,
1368964,1976272,9719762721220351,,97,0,
1368964,1998490,9719984901220351,,97,0,
1368964,1998491,9719984911220351,,97,0,
1368964,1976270,9819762701220351,,98,0,
1368964,11976272,9819762721220351,,98,0,
1368964,1998490,9819984901220351,,98,0,
1368964,1998491,9819984911220351,,98,0,
1368964,1976270,9919762701220351,,99,0,
1368964,11976272,9919762721220351,,99,0,
1368964,1998490,9919984901220351,,99,0,
1368964,1998491,9919984911220351,,99,0,
1368964,1976270,1019762700941105,,10,0,
1368964,1998490,1019984900941105,,10,0,
1368964,1976270,1119762700941105,,11,0,
1368964,1998490,1119984900941105,,11,0,
1368964,1976270,119762700941105,,1,0,
1368964,1976272,119762720941105,,1,0,
1368964,1998490,119984900941105,,1,0,
1368964,1998491,119984910941105,,1,0,
1368964,1976270,1219762700941105,,12,0,
1368964,1998490,1219984900941105,,12,0,
1368964,1976270,1319762700941105,,13,0,
1368964,1998490,1319984900941105,,13,0,
1368964,1976270,1419762700941105,,14,0,
1368964,1998490,1419984900941105,,14,0,
1368964,1976270,1519762700941105,,15,0,
1368964,1998490,1519984900941105,,15,0,
1368964,1976270,1619762700941105,,16,0,
1368964,1998490,1619984900941105,,16,0,
1368964,1976270,1719762700941105,,17,0,
1368964,1998490,1719984900941105,,17,0,
1368964,1976270,1819762700941105,,18,0,
1368964,1998490,1819984900941105,,18,0,
1368964,1976270,1919762700941105,,19,0,
1368964,1998490,1919984900941105,,19,0,
1368964,1976270,2019762700941105,,20,0,
1368964,1998490,2019984900941105,,20,0,
1368964,1976270,2119762700941105,,21,0,
1368964,1998490,2119984900941105,,21,0,
1368964,1976270,219762700941105,,2,0,
1368964,1998490,219984900941105,,2,0,
1368964,1976270,2219762700941105,,22,0,
1368964,1998490,2219984900941105,,22,0,
1368964,1976270,2319762700941105,,23,0,
1368964,1998490,2319984900941105,,23,0,
1368964,1976270,2419762700941105,,24,0,
1368964,1998490,2419984900941105,,24,0,
1368964,1976270,2519762700941105,,25,0,
1368964,1998490,2519984900941105,,25,0,
1368964,1976270,2619762700941105,,26,0,
1368964,1998490,2619984900941105,,26,0,
1368964,1976270,2719762700941105,,27,0,
1368964,1998490,2719984900941105,,27,0,
1368964,1976270,2819762700941105,,28,0,
1368964,1998490,2819984900941105,,28,0,
1368964,1976270,2919762700941105,,29,0,
1368964,1998490,2919984900941105,,29,0,
1368964,1976270,3019762700941105,,30,0,
1368964,1998490,3019984900941105,,30,0,
1368964,1976270,3119762700941105,,31,0,
1368964,1998490,3119984900941105,,31,0,
1368964,1976270,319762700941105,,3,0,
1368964,1998490,319984900941105,,3,0,
1368964,1976270,3219762700941105,,32,0,
1368964,1998490,3219984900941105,,32,0,
1368964,1976270,3319762700941105,,33,0,
1368964,1998490,3319984900941105,,33,0,
1368964,1976270,3419762700941105,,34,0,
1368964,1998490,3419984900941105,,34,0,
1368964,1976270,3519762700941105,,35,0,
1368964,1998490,3519984900941105,,35,0,
1368964,1976270,3619762700941105,,36,0,
1368964,1998490,3619984900941105,,36,0,
1368964,1976270,3719762700941105,,37,0,
1368964,1998490,3719984900941105,,37,0,
1368964,1976270,3819762700941105,,38,0,
1368964,1998490,3819984900941105,,38,0,
1368964,1976270,3919762700941105,,39,0,
1368964,1998490,3919984900941105,,39,0,
1368964,1976270,4019762700941105,,40,0,
1368964,1998490,4019984900941105,,40,0,
1368964,1976270,4119762700941105,,41,0,
1368964,1998490,4119984900941105,,41,0,
1368964,1976270,419762700941105,,4,0,
1368964,1998490,419984900941105,,4,0,
1368964,1976270,4219762700941105,,42,0,
1368964,1998490,4219984900941105,,42,0,
1368964,1976270,4319762700941105,,43,0,
1368964,1998490,4319984900941105,,43,0,
1368964,1976270,4419762700941105,,44,0,
1368964,1998490,4419984900941105,,44,0,
1368964,1976270,4519762700941105,,45,0,
1368964,1998490,4519984900941105,,45,0,
1368964,1976270,4619762700941105,,46,0,
1368964,1998490,4619984900941105,,46,0,
1368964,1976270,4719762700941105,,47,0,
1368964,1998490,4719984900941105,,47,0,
1368964,1976270,4819762700941105,,48,0,
1368964,1998490,4819984900941105,,48,0,
1368964,1976270,4919762700941105,,49,0,
1368964,1998490,4919984900941105,,49,0,
1368964,1976270,5019762700941105,,50,0,
1368964,1998490,5019984900941105,,50,0,
1368964,1976270,5119762700941105,,51,0,
1368964,1998490,5119984900941105,,51,0,
1368964,1976270,519762700941105,,5,0,
1368964,1998490,519984900941105,,5,0,
1368964,1976270,5219762700941105,,52,0,
1368964,1998490,5219984900941105,,52,0,
1368964,1998490,5319984900941105,,53,0,
1368964,1998490,5419984900941105,,54,0,
1368964,1998490,5519984900941105,,55,0,
1368964,1998490,5619984900941105,,56,0,
1368964,1998490,5719984900941105,,57,0,
1368964,1998490,5819984900941105,,58,0,
1368964,1998490,5919984900941105,,59,0,
1368964,1998490,6019984900941105,,60,0,
1368964,1976270,619762700941105,,6,0,
1368964,1998490,619984900941105,,6,0,
1368964,1976270,719762700941105,,7,0,
1368964,1998490,719984900941105,,7,0,
1368964,1976270,819762700941105,,8,0,
1368964,1998490,819984900941105,,8,0,
1368964,1976270,919762700941105,,9,0,
1368964,1998490,919984900941105,,9,0,
