route_id,service_id,trip_id,trip_headsign,trip_short_name,direction_id,shape_id
1368824,1936835,10019368351039779,,100,0,
1368824,1936836,10019368361039779,,100,0,
1368824,11936837,10019368371039779,,100,0,
1368824,1936839,10019368391039779,,100,0,
1368824,1936840,10019368401039779,,100,0,
1368824,1936835,10119368351039779,,101,0,
1368824,1936836,10119368361039779,,101,0,
1368824,11936837,10119368371039779,,101,0,
1368824,1936839,10119368391039779,,101,0,
1368824,1936840,10119368401039779,,101,0,
1368824,1936834,1019368341039779,,10,0,
1368824,1936835,1019368351039779,,10,0,
1368824,1936836,1019368361039779,,10,0,
1368824,1936837,1019368371039779,,10,0,
1368824,1936838,1019368381039779,,10,0,
1368824,1936839,1019368391039779,,10,0,
1368824,1936840,1019368401039779,,10,0,
1368824,1936835,10219368351039779,,102,0,
1368824,1936836,10219368361039779,,102,0,
1368824,11936837,10219368371039779,,102,0,
1368824,1936839,10219368391039779,,102,0,
1368824,1936840,10219368401039779,,102,0,
1368824,1936835,10319368351039779,,103,0,
1368824,1936836,10319368361039779,,103,0,
1368824,11936837,10319368371039779,,103,0,
1368824,1936839,10319368391039779,,103,0,
1368824,1936840,10319368401039779,,103,0,
1368824,1936835,10419368351039779,,104,0,
1368824,1936836,10419368361039779,,104,0,
1368824,1936839,10419368391039779,,104,0,
1368824,1936840,10419368401039779,,104,0,
1368824,1936835,10519368351039779,,105,0,
1368824,1936836,10519368361039779,,105,0,
1368824,1936839,10519368391039779,,105,0,
1368824,1936840,10519368401039779,,105,0,
1368824,1936835,10619368351039779,,106,0,
1368824,1936836,10619368361039779,,106,0,
1368824,1936839,10619368391039779,,106,0,
1368824,1936840,10619368401039779,,106,0,
1368824,1936835,10719368351039779,,107,0,
1368824,1936836,10719368361039779,,107,0,
1368824,1936839,10719368391039779,,107,0,
1368824,1936840,10719368401039779,,107,0,
1368824,1936835,10819368351039779,,108,0,
1368824,11936836,10819368361039779,,108,0,
1368824,1936839,10819368391039779,,108,0,
1368824,11936840,10819368401039779,,108,0,
1368824,1936835,10919368351039779,,109,0,
1368824,11936836,10919368361039779,,109,0,
1368824,1936839,10919368391039779,,109,0,
1368824,11936840,10919368401039779,,109,0,
1368824,1936835,11019368351039779,,110,0,
1368824,1936839,11019368391039779,,110,0,
1368824,11936840,11019368401039779,,110,0,
1368824,1936835,11119368351039779,,111,0,
1368824,1936839,11119368391039779,,111,0,
1368824,11936840,11119368401039779,,111,0,
1368824,1936834,1119368341039779,,11,0,
1368824,1936835,1119368351039779,,11,0,
1368824,1936836,1119368361039779,,11,0,
1368824,1936837,1119368371039779,,11,0,
1368824,1936838,1119368381039779,,11,0,
1368824,1936839,1119368391039779,,11,0,
1368824,1936840,1119368401039779,,11,0,
1368824,1936835,11219368351039779,,112,0,
1368824,1936839,11219368391039779,,112,0,
1368824,11936840,11219368401039779,,112,0,
1368824,1936835,11319368351039779,,113,0,
1368824,1936839,11319368391039779,,113,0,
1368824,1936835,11419368351039779,,114,0,
1368824,1936839,11419368391039779,,114,0,
1368824,1936835,11519368351039779,,115,0,
1368824,1936839,11519368391039779,,115,0,
1368824,1936835,11619368351039779,,116,0,
1368824,1936839,11619368391039779,,116,0,
1368824,1936835,11719368351039779,,117,0,
1368824,1936839,11719368391039779,,117,0,
1368824,1936835,11819368351039779,,118,0,
1368824,1936839,11819368391039779,,118,0,
1368824,1936835,11919368351039779,,119,0,
1368824,1936839,11919368391039779,,119,0,
1368824,1936834,119368341039779,,1,0,
1368824,1936835,119368351039779,,1,0,
1368824,1936836,119368361039779,,1,0,
1368824,1936837,119368371039779,,1,0,
1368824,1936838,119368381039779,,1,0,
1368824,1936839,119368391039779,,1,0,
1368824,1936840,119368401039779,,1,0,
1368824,1936835,12019368351039779,,120,0,
1368824,1936839,12019368391039779,,120,0,
1368824,11936835,12119368351039779,,121,0,
1368824,11936839,12119368391039779,,121,0,
1368824,1936834,1219368341039779,,12,0,
1368824,1936835,1219368351039779,,12,0,
1368824,1936836,1219368361039779,,12,0,
1368824,1936837,1219368371039779,,12,0,
1368824,1936838,1219368381039779,,12,0,
1368824,1936839,1219368391039779,,12,0,
1368824,1936840,1219368401039779,,12,0,
1368824,11936835,12219368351039779,,122,0,
1368824,11936839,12219368391039779,,122,0,
1368824,11936839,12319368391039779,,123,0,
1368824,11936839,12419368391039779,,124,0,
1368824,11936839,12519368391039779,,125,0,
1368824,1936834,1319368341039779,,13,0,
1368824,1936835,1319368351039779,,13,0,
1368824,1936836,1319368361039779,,13,0,
1368824,1936837,1319368371039779,,13,0,
1368824,1936838,1319368381039779,,13,0,
1368824,1936839,1319368391039779,,13,0,
1368824,1936840,1319368401039779,,13,0,
1368824,1936834,1419368341039779,,14,0,
1368824,1936835,1419368351039779,,14,0,
1368824,1936836,1419368361039779,,14,0,
1368824,1936837,1419368371039779,,14,0,
1368824,1936838,1419368381039779,,14,0,
1368824,1936839,1419368391039779,,14,0,
1368824,1936840,1419368401039779,,14,0,
1368824,1936834,1519368341039779,,15,0,
1368824,1936835,1519368351039779,,15,0,
1368824,1936836,1519368361039779,,15,0,
1368824,1936837,1519368371039779,,15,0,
1368824,1936838,1519368381039779,,15,0,
1368824,1936839,1519368391039779,,15,0,
1368824,1936840,1519368401039779,,15,0,
1368824,1936834,1619368341039779,,16,0,
1368824,1936835,1619368351039779,,16,0,
1368824,1936836,1619368361039779,,16,0,
1368824,1936837,1619368371039779,,16,0,
1368824,1936838,1619368381039779,,16,0,
1368824,1936839,1619368391039779,,16,0,
1368824,1936840,1619368401039779,,16,0,
1368824,1936834,1719368341039779,,17,0,
1368824,1936835,1719368351039779,,17,0,
1368824,1936836,1719368361039779,,17,0,
1368824,1936837,1719368371039779,,17,0,
1368824,1936838,1719368381039779,,17,0,
1368824,1936839,1719368391039779,,17,0,
1368824,1936840,1719368401039779,,17,0,
1368824,1936834,1819368341039779,,18,0,
1368824,1936835,1819368351039779,,18,0,
1368824,1936836,1819368361039779,,18,0,
1368824,1936837,1819368371039779,,18,0,
1368824,1936838,1819368381039779,,18,0,
1368824,1936839,1819368391039779,,18,0,
1368824,1936840,1819368401039779,,18,0,
1368824,1936834,1919368341039779,,19,0,
1368824,1936835,1919368351039779,,19,0,
1368824,1936836,1919368361039779,,19,0,
1368824,1936837,1919368371039779,,19,0,
1368824,1936838,1919368381039779,,19,0,
1368824,1936839,1919368391039779,,19,0,
1368824,1936840,1919368401039779,,19,0,
1368824,1936834,2019368341039779,,20,0,
1368824,1936835,2019368351039779,,20,0,
1368824,1936836,2019368361039779,,20,0,
1368824,1936837,2019368371039779,,20,0,
1368824,1936838,2019368381039779,,20,0,
1368824,1936839,2019368391039779,,20,0,
1368824,1936840,2019368401039779,,20,0,
1368824,1936834,2119368341039779,,21,0,
1368824,1936835,2119368351039779,,21,0,
1368824,1936836,2119368361039779,,21,0,
1368824,1936837,2119368371039779,,21,0,
1368824,1936838,2119368381039779,,21,0,
1368824,1936839,2119368391039779,,21,0,
1368824,1936840,2119368401039779,,21,0,
1368824,1936834,219368341039779,,2,0,
1368824,1936835,219368351039779,,2,0,
1368824,1936836,219368361039779,,2,0,
1368824,1936837,219368371039779,,2,0,
1368824,1936838,219368381039779,,2,0,
1368824,1936839,219368391039779,,2,0,
1368824,1936840,219368401039779,,2,0,
1368824,1936834,2219368341039779,,22,0,
1368824,1936835,2219368351039779,,22,0,
1368824,1936836,2219368361039779,,22,0,
1368824,1936837,2219368371039779,,22,0,
1368824,1936838,2219368381039779,,22,0,
1368824,1936839,2219368391039779,,22,0,
1368824,1936840,2219368401039779,,22,0,
1368824,1936834,2319368341039779,,23,0,
1368824,1936835,2319368351039779,,23,0,
1368824,1936836,2319368361039779,,23,0,
1368824,1936837,2319368371039779,,23,0,
1368824,1936838,2319368381039779,,23,0,
1368824,1936839,2319368391039779,,23,0,
1368824,1936840,2319368401039779,,23,0,
1368824,1936834,2419368341039779,,24,0,
1368824,1936835,2419368351039779,,24,0,
1368824,1936836,2419368361039779,,24,0,
1368824,1936837,2419368371039779,,24,0,
1368824,1936838,2419368381039779,,24,0,
1368824,1936839,2419368391039779,,24,0,
1368824,1936840,2419368401039779,,24,0,
1368824,1936834,2519368341039779,,25,0,
1368824,1936835,2519368351039779,,25,0,
1368824,1936836,2519368361039779,,25,0,
1368824,1936837,2519368371039779,,25,0,
1368824,1936838,2519368381039779,,25,0,
1368824,1936839,2519368391039779,,25,0,
1368824,1936840,2519368401039779,,25,0,
1368824,1936834,2619368341039779,,26,0,
1368824,1936835,2619368351039779,,26,0,
1368824,1936836,2619368361039779,,26,0,
1368824,1936837,2619368371039779,,26,0,
1368824,1936838,2619368381039779,,26,0,
1368824,1936839,2619368391039779,,26,0,
1368824,1936840,2619368401039779,,26,0,
1368824,1936834,2719368341039779,,27,0,
1368824,1936835,2719368351039779,,27,0,
1368824,1936836,2719368361039779,,27,0,
1368824,1936837,2719368371039779,,27,0,
1368824,1936838,2719368381039779,,27,0,
1368824,1936839,2719368391039779,,27,0,
1368824,1936840,2719368401039779,,27,0,
1368824,1936834,2819368341039779,,28,0,
1368824,1936835,2819368351039779,,28,0,
1368824,1936836,2819368361039779,,28,0,
1368824,1936837,2819368371039779,,28,0,
1368824,1936838,2819368381039779,,28,0,
1368824,1936839,2819368391039779,,28,0,
1368824,1936840,2819368401039779,,28,0,
1368824,1936834,2919368341039779,,29,0,
1368824,1936835,2919368351039779,,29,0,
1368824,1936836,2919368361039779,,29,0,
1368824,1936837,2919368371039779,,29,0,
1368824,1936838,2919368381039779,,29,0,
1368824,1936839,2919368391039779,,29,0,
1368824,1936840,2919368401039779,,29,0,
1368824,1936834,3019368341039779,,30,0,
1368824,1936835,3019368351039779,,30,0,
1368824,1936836,3019368361039779,,30,0,
1368824,1936837,3019368371039779,,30,0,
1368824,1936838,3019368381039779,,30,0,
1368824,1936839,3019368391039779,,30,0,
1368824,1936840,3019368401039779,,30,0,
1368824,1936834,3119368341039779,,31,0,
1368824,1936835,3119368351039779,,31,0,
1368824,1936836,3119368361039779,,31,0,
1368824,1936837,3119368371039779,,31,0,
1368824,1936838,3119368381039779,,31,0,
1368824,1936839,3119368391039779,,31,0,
1368824,1936840,3119368401039779,,31,0,
1368824,1936834,319368341039779,,3,0,
1368824,1936835,319368351039779,,3,0,
1368824,1936836,319368361039779,,3,0,
1368824,1936837,319368371039779,,3,0,
1368824,1936838,319368381039779,,3,0,
1368824,1936839,319368391039779,,3,0,
1368824,1936840,319368401039779,,3,0,
1368824,1936834,3219368341039779,,32,0,
1368824,1936835,3219368351039779,,32,0,
1368824,1936836,3219368361039779,,32,0,
1368824,1936837,3219368371039779,,32,0,
1368824,1936838,3219368381039779,,32,0,
1368824,1936839,3219368391039779,,32,0,
1368824,1936840,3219368401039779,,32,0,
1368824,1936834,3319368341039779,,33,0,
1368824,1936835,3319368351039779,,33,0,
1368824,1936836,3319368361039779,,33,0,
1368824,1936837,3319368371039779,,33,0,
1368824,1936838,3319368381039779,,33,0,
1368824,1936839,3319368391039779,,33,0,
1368824,1936840,3319368401039779,,33,0,
1368824,1936834,3419368341039779,,34,0,
1368824,1936835,3419368351039779,,34,0,
1368824,1936836,3419368361039779,,34,0,
1368824,1936837,3419368371039779,,34,0,
1368824,1936838,3419368381039779,,34,0,
1368824,1936839,3419368391039779,,34,0,
1368824,1936840,3419368401039779,,34,0,
1368824,1936834,3519368341039779,,35,0,
1368824,1936835,3519368351039779,,35,0,
1368824,1936836,3519368361039779,,35,0,
1368824,1936837,3519368371039779,,35,0,
1368824,1936838,3519368381039779,,35,0,
1368824,1936839,3519368391039779,,35,0,
1368824,1936840,3519368401039779,,35,0,
1368824,1936834,3619368341039779,,36,0,
1368824,1936835,3619368351039779,,36,0,
1368824,1936836,3619368361039779,,36,0,
1368824,1936837,3619368371039779,,36,0,
1368824,1936838,3619368381039779,,36,0,
1368824,1936839,3619368391039779,,36,0,
1368824,1936840,3619368401039779,,36,0,
1368824,1936834,3719368341039779,,37,0,
1368824,1936835,3719368351039779,,37,0,
1368824,1936836,3719368361039779,,37,0,
1368824,1936837,3719368371039779,,37,0,
1368824,1936838,3719368381039779,,37,0,
1368824,1936839,3719368391039779,,37,0,
1368824,1936840,3719368401039779,,37,0,
1368824,1936834,3819368341039779,,38,0,
1368824,1936835,3819368351039779,,38,0,
1368824,1936836,3819368361039779,,38,0,
1368824,1936837,3819368371039779,,38,0,
1368824,1936838,3819368381039779,,38,0,
1368824,1936839,3819368391039779,,38,0,
1368824,1936840,3819368401039779,,38,0,
1368824,1936834,3919368341039779,,39,0,
1368824,1936835,3919368351039779,,39,0,
1368824,1936836,3919368361039779,,39,0,
1368824,1936837,3919368371039779,,39,0,
1368824,1936838,3919368381039779,,39,0,
1368824,1936839,3919368391039779,,39,0,
1368824,1936840,3919368401039779,,39,0,
1368824,1936834,4019368341039779,,40,0,
1368824,1936835,4019368351039779,,40,0,
1368824,1936836,4019368361039779,,40,0,
1368824,1936837,4019368371039779,,40,0,
1368824,1936838,4019368381039779,,40,0,
1368824,1936839,4019368391039779,,40,0,
1368824,1936840,4019368401039779,,40,0,
1368824,1936834,4119368341039779,,41,0,
1368824,1936835,4119368351039779,,41,0,
1368824,1936836,4119368361039779,,41,0,
1368824,1936837,4119368371039779,,41,0,
1368824,1936838,4119368381039779,,41,0,
1368824,1936839,4119368391039779,,41,0,
1368824,1936840,4119368401039779,,41,0,
1368824,1936834,419368341039779,,4,0,
1368824,1936835,419368351039779,,4,0,
1368824,1936836,419368361039779,,4,0,
1368824,1936837,419368371039779,,4,0,
1368824,1936838,419368381039779,,4,0,
1368824,1936839,419368391039779,,4,0,
1368824,1936840,419368401039779,,4,0,
1368824,1936834,4219368341039779,,42,0,
1368824,1936835,4219368351039779,,42,0,
1368824,1936836,4219368361039779,,42,0,
1368824,1936837,4219368371039779,,42,0,
1368824,1936838,4219368381039779,,42,0,
1368824,1936839,4219368391039779,,42,0,
1368824,1936840,4219368401039779,,42,0,
1368824,1936834,4319368341039779,,43,0,
1368824,1936835,4319368351039779,,43,0,
1368824,1936836,4319368361039779,,43,0,
1368824,1936837,4319368371039779,,43,0,
1368824,1936838,4319368381039779,,43,0,
1368824,1936839,4319368391039779,,43,0,
1368824,1936840,4319368401039779,,43,0,
1368824,1936834,4419368341039779,,44,0,
1368824,1936835,4419368351039779,,44,0,
1368824,1936836,4419368361039779,,44,0,
1368824,1936837,4419368371039779,,44,0,
1368824,1936838,4419368381039779,,44,0,
1368824,1936839,4419368391039779,,44,0,
1368824,1936840,4419368401039779,,44,0,
1368824,1936834,4519368341039779,,45,0,
1368824,1936835,4519368351039779,,45,0,
1368824,1936836,4519368361039779,,45,0,
1368824,1936837,4519368371039779,,45,0,
1368824,1936838,4519368381039779,,45,0,
1368824,1936839,4519368391039779,,45,0,
1368824,1936840,4519368401039779,,45,0,
1368824,1936834,4619368341039779,,46,0,
1368824,1936835,4619368351039779,,46,0,
1368824,1936836,4619368361039779,,46,0,
1368824,1936837,4619368371039779,,46,0,
1368824,1936838,4619368381039779,,46,0,
1368824,1936839,4619368391039779,,46,0,
1368824,1936840,4619368401039779,,46,0,
1368824,1936834,4719368341039779,,47,0,
1368824,1936835,4719368351039779,,47,0,
1368824,1936836,4719368361039779,,47,0,
1368824,1936837,4719368371039779,,47,0,
1368824,1936838,4719368381039779,,47,0,
1368824,1936839,4719368391039779,,47,0,
1368824,1936840,4719368401039779,,47,0,
1368824,1936834,4819368341039779,,48,0,
1368824,1936835,4819368351039779,,48,0,
1368824,1936836,4819368361039779,,48,0,
1368824,1936837,4819368371039779,,48,0,
1368824,1936838,4819368381039779,,48,0,
1368824,1936839,4819368391039779,,48,0,
1368824,1936840,4819368401039779,,48,0,
1368824,1936834,4919368341039779,,49,0,
1368824,1936835,4919368351039779,,49,0,
1368824,1936836,4919368361039779,,49,0,
1368824,1936837,4919368371039779,,49,0,
1368824,1936838,4919368381039779,,49,0,
1368824,1936839,4919368391039779,,49,0,
1368824,1936840,4919368401039779,,49,0,
1368824,1936834,5019368341039779,,50,0,
1368824,1936835,5019368351039779,,50,0,
1368824,1936836,5019368361039779,,50,0,
1368824,1936837,5019368371039779,,50,0,
1368824,1936838,5019368381039779,,50,0,
1368824,1936839,5019368391039779,,50,0,
1368824,1936840,5019368401039779,,50,0,
1368824,1936834,5119368341039779,,51,0,
1368824,1936835,5119368351039779,,51,0,
1368824,1936836,5119368361039779,,51,0,
1368824,1936837,5119368371039779,,51,0,
1368824,1936838,5119368381039779,,51,0,
1368824,1936839,5119368391039779,,51,0,
1368824,1936840,5119368401039779,,51,0,
1368824,1936834,519368341039779,,5,0,
1368824,1936835,519368351039779,,5,0,
1368824,1936836,519368361039779,,5,0,
1368824,1936837,519368371039779,,5,0,
1368824,1936838,519368381039779,,5,0,
1368824,1936839,519368391039779,,5,0,
1368824,1936840,519368401039779,,5,0,
1368824,1936834,5219368341039779,,52,0,
1368824,1936835,5219368351039779,,52,0,
1368824,1936836,5219368361039779,,52,0,
1368824,1936837,5219368371039779,,52,0,
1368824,1936838,5219368381039779,,52,0,
1368824,1936839,5219368391039779,,52,0,
1368824,1936840,5219368401039779,,52,0,
1368824,1936834,5319368341039779,,53,0,
1368824,1936835,5319368351039779,,53,0,
1368824,1936836,5319368361039779,,53,0,
1368824,1936837,5319368371039779,,53,0,
1368824,1936838,5319368381039779,,53,0,
1368824,1936839,5319368391039779,,53,0,
1368824,1936840,5319368401039779,,53,0,
1368824,1936834,5419368341039779,,54,0,
1368824,1936835,5419368351039779,,54,0,
1368824,1936836,5419368361039779,,54,0,
1368824,1936837,5419368371039779,,54,0,
1368824,1936838,5419368381039779,,54,0,
1368824,1936839,5419368391039779,,54,0,
1368824,1936840,5419368401039779,,54,0,
1368824,1936834,5519368341039779,,55,0,
1368824,1936835,5519368351039779,,55,0,
1368824,1936836,5519368361039779,,55,0,
1368824,1936837,5519368371039779,,55,0,
1368824,1936838,5519368381039779,,55,0,
1368824,1936839,5519368391039779,,55,0,
1368824,1936840,5519368401039779,,55,0,
1368824,11936834,5619368341039779,,56,0,
1368824,1936835,5619368351039779,,56,0,
1368824,1936836,5619368361039779,,56,0,
1368824,1936837,5619368371039779,,56,0,
1368824,1936838,5619368381039779,,56,0,
1368824,1936839,5619368391039779,,56,0,
1368824,1936840,5619368401039779,,56,0,
1368824,11936834,5719368341039779,,57,0,
1368824,1936835,5719368351039779,,57,0,
1368824,1936836,5719368361039779,,57,0,
1368824,1936837,5719368371039779,,57,0,
1368824,1936838,5719368381039779,,57,0,
1368824,1936839,5719368391039779,,57,0,
1368824,1936840,5719368401039779,,57,0,
1368824,1936835,5819368351039779,,58,0,
1368824,1936836,5819368361039779,,58,0,
1368824,1936837,5819368371039779,,58,0,
1368824,1936838,5819368381039779,,58,0,
1368824,1936839,5819368391039779,,58,0,
1368824,1936840,5819368401039779,,58,0,
1368824,1936835,5919368351039779,,59,0,
1368824,1936836,5919368361039779,,59,0,
1368824,1936837,5919368371039779,,59,0,
1368824,1936838,5919368381039779,,59,0,
1368824,1936839,5919368391039779,,59,0,
1368824,1936840,5919368401039779,,59,0,
1368824,1936835,6019368351039779,,60,0,
1368824,1936836,6019368361039779,,60,0,
1368824,1936837,6019368371039779,,60,0,
1368824,1936838,6019368381039779,,60,0,
1368824,1936839,6019368391039779,,60,0,
1368824,1936840,6019368401039779,,60,0,
1368824,1936835,6119368351039779,,61,0,
1368824,1936836,6119368361039779,,61,0,
1368824,1936837,6119368371039779,,61,0,
1368824,1936838,6119368381039779,,61,0,
1368824,1936839,6119368391039779,,61,0,
1368824,1936840,6119368401039779,,61,0,
1368824,1936834,619368341039779,,6,0,
1368824,1936835,619368351039779,,6,0,
1368824,1936836,619368361039779,,6,0,
1368824,1936837,619368371039779,,6,0,
1368824,1936838,619368381039779,,6,0,
1368824,1936839,619368391039779,,6,0,
1368824,1936840,619368401039779,,6,0,
1368824,1936835,6219368351039779,,62,0,
1368824,1936836,6219368361039779,,62,0,
1368824,1936837,6219368371039779,,62,0,
1368824,1936838,6219368381039779,,62,0,
1368824,1936839,6219368391039779,,62,0,
1368824,1936840,6219368401039779,,62,0,
1368824,1936835,6319368351039779,,63,0,
1368824,1936836,6319368361039779,,63,0,
1368824,1936837,6319368371039779,,63,0,
1368824,1936838,6319368381039779,,63,0,
1368824,1936839,6319368391039779,,63,0,
1368824,1936840,6319368401039779,,63,0,
1368824,1936835,6419368351039779,,64,0,
1368824,1936836,6419368361039779,,64,0,
1368824,1936837,6419368371039779,,64,0,
1368824,1936838,6419368381039779,,64,0,
1368824,1936839,6419368391039779,,64,0,
1368824,1936840,6419368401039779,,64,0,
1368824,1936835,6519368351039779,,65,0,
1368824,1936836,6519368361039779,,65,0,
1368824,1936837,6519368371039779,,65,0,
1368824,1936838,6519368381039779,,65,0,
1368824,1936839,6519368391039779,,65,0,
1368824,1936840,6519368401039779,,65,0,
1368824,1936835,6619368351039779,,66,0,
1368824,1936836,6619368361039779,,66,0,
1368824,1936837,6619368371039779,,66,0,
1368824,1936838,6619368381039779,,66,0,
1368824,1936839,6619368391039779,,66,0,
1368824,1936840,6619368401039779,,66,0,
1368824,1936835,6719368351039779,,67,0,
1368824,1936836,6719368361039779,,67,0,
1368824,1936837,6719368371039779,,67,0,
1368824,1936838,6719368381039779,,67,0,
1368824,1936839,6719368391039779,,67,0,
1368824,1936840,6719368401039779,,67,0,
1368824,1936835,6819368351039779,,68,0,
1368824,1936836,6819368361039779,,68,0,
1368824,1936837,6819368371039779,,68,0,
1368824,1936838,6819368381039779,,68,0,
1368824,1936839,6819368391039779,,68,0,
1368824,1936840,6819368401039779,,68,0,
1368824,1936835,6919368351039779,,69,0,
1368824,1936836,6919368361039779,,69,0,
1368824,1936837,6919368371039779,,69,0,
1368824,1936838,6919368381039779,,69,0,
1368824,1936839,6919368391039779,,69,0,
1368824,1936840,6919368401039779,,69,0,
1368824,1936835,7019368351039779,,70,0,
1368824,1936836,7019368361039779,,70,0,
1368824,1936837,7019368371039779,,70,0,
1368824,1936838,7019368381039779,,70,0,
1368824,1936839,7019368391039779,,70,0,
1368824,1936840,7019368401039779,,70,0,
1368824,1936835,7119368351039779,,71,0,
1368824,1936836,7119368361039779,,71,0,
1368824,1936837,7119368371039779,,71,0,
1368824,1936838,7119368381039779,,71,0,
1368824,1936839,7119368391039779,,71,0,
1368824,1936840,7119368401039779,,71,0,
1368824,1936834,719368341039779,,7,0,
1368824,1936835,719368351039779,,7,0,
1368824,1936836,719368361039779,,7,0,
1368824,1936837,719368371039779,,7,0,
1368824,1936838,719368381039779,,7,0,
1368824,1936839,719368391039779,,7,0,
1368824,1936840,719368401039779,,7,0,
1368824,1936835,7219368351039779,,72,0,
1368824,1936836,7219368361039779,,72,0,
1368824,1936837,7219368371039779,,72,0,
1368824,1936838,7219368381039779,,72,0,
1368824,1936839,7219368391039779,,72,0,
1368824,1936840,7219368401039779,,72,0,
1368824,1936835,7319368351039779,,73,0,
1368824,1936836,7319368361039779,,73,0,
1368824,1936837,7319368371039779,,73,0,
1368824,1936838,7319368381039779,,73,0,
1368824,1936839,7319368391039779,,73,0,
1368824,1936840,7319368401039779,,73,0,
1368824,1936835,7419368351039779,,74,0,
1368824,1936836,7419368361039779,,74,0,
1368824,1936837,7419368371039779,,74,0,
1368824,1936838,7419368381039779,,74,0,
1368824,1936839,7419368391039779,,74,0,
1368824,1936840,7419368401039779,,74,0,
1368824,1936835,7519368351039779,,75,0,
1368824,1936836,7519368361039779,,75,0,
1368824,1936837,7519368371039779,,75,0,
1368824,1936838,7519368381039779,,75,0,
1368824,1936839,7519368391039779,,75,0,
1368824,1936840,7519368401039779,,75,0,
1368824,1936835,7619368351039779,,76,0,
1368824,1936836,7619368361039779,,76,0,
1368824,1936837,7619368371039779,,76,0,
1368824,1936838,7619368381039779,,76,0,
1368824,1936839,7619368391039779,,76,0,
1368824,1936840,7619368401039779,,76,0,
1368824,1936835,7719368351039779,,77,0,
1368824,1936836,7719368361039779,,77,0,
1368824,1936837,7719368371039779,,77,0,
1368824,1936838,7719368381039779,,77,0,
1368824,1936839,7719368391039779,,77,0,
1368824,1936840,7719368401039779,,77,0,
1368824,1936835,7819368351039779,,78,0,
1368824,1936836,7819368361039779,,78,0,
1368824,1936837,7819368371039779,,78,0,
1368824,1936838,7819368381039779,,78,0,
1368824,1936839,7819368391039779,,78,0,
1368824,1936840,7819368401039779,,78,0,
1368824,1936835,7919368351039779,,79,0,
1368824,1936836,7919368361039779,,79,0,
1368824,1936837,7919368371039779,,79,0,
1368824,1936838,7919368381039779,,79,0,
1368824,1936839,7919368391039779,,79,0,
1368824,1936840,7919368401039779,,79,0,
1368824,1936835,8019368351039779,,80,0,
1368824,1936836,8019368361039779,,80,0,
1368824,1936837,8019368371039779,,80,0,
1368824,1936838,8019368381039779,,80,0,
1368824,1936839,8019368391039779,,80,0,
1368824,1936840,8019368401039779,,80,0,
1368824,1936835,8119368351039779,,81,0,
1368824,1936836,8119368361039779,,81,0,
1368824,1936837,8119368371039779,,81,0,
1368824,1936838,8119368381039779,,81,0,
1368824,1936839,8119368391039779,,81,0,
1368824,1936840,8119368401039779,,81,0,
1368824,1936834,819368341039779,,8,0,
1368824,1936835,819368351039779,,8,0,
1368824,1936836,819368361039779,,8,0,
1368824,1936837,819368371039779,,8,0,
1368824,1936838,819368381039779,,8,0,
1368824,1936839,819368391039779,,8,0,
1368824,1936840,819368401039779,,8,0,
1368824,1936835,8219368351039779,,82,0,
1368824,1936836,8219368361039779,,82,0,
1368824,1936837,8219368371039779,,82,0,
1368824,1936838,8219368381039779,,82,0,
1368824,1936839,8219368391039779,,82,0,
1368824,1936840,8219368401039779,,82,0,
1368824,1936835,8319368351039779,,83,0,
1368824,1936836,8319368361039779,,83,0,
1368824,1936837,8319368371039779,,83,0,
1368824,1936838,8319368381039779,,83,0,
1368824,1936839,8319368391039779,,83,0,
1368824,1936840,8319368401039779,,83,0,
1368824,1936835,8419368351039779,,84,0,
1368824,1936836,8419368361039779,,84,0,
1368824,1936837,8419368371039779,,84,0,
1368824,1936838,8419368381039779,,84,0,
1368824,1936839,8419368391039779,,84,0,
1368824,1936840,8419368401039779,,84,0,
1368824,1936835,8519368351039779,,85,0,
1368824,1936836,8519368361039779,,85,0,
1368824,1936837,8519368371039779,,85,0,
1368824,1936838,8519368381039779,,85,0,
1368824,1936839,8519368391039779,,85,0,
1368824,1936840,8519368401039779,,85,0,
1368824,1936835,8619368351039779,,86,0,
1368824,1936836,8619368361039779,,86,0,
1368824,1936837,8619368371039779,,86,0,
1368824,1936838,8619368381039779,,86,0,
1368824,1936839,8619368391039779,,86,0,
1368824,1936840,8619368401039779,,86,0,
1368824,1936835,8719368351039779,,87,0,
1368824,1936836,8719368361039779,,87,0,
1368824,1936837,8719368371039779,,87,0,
1368824,1936838,8719368381039779,,87,0,
1368824,1936839,8719368391039779,,87,0,
1368824,1936840,8719368401039779,,87,0,
1368824,1936835,8819368351039779,,88,0,
1368824,1936836,8819368361039779,,88,0,
1368824,1936837,8819368371039779,,88,0,
1368824,1936838,8819368381039779,,88,0,
1368824,1936839,8819368391039779,,88,0,
1368824,1936840,8819368401039779,,88,0,
1368824,1936835,8919368351039779,,89,0,
1368824,1936836,8919368361039779,,89,0,
1368824,1936837,8919368371039779,,89,0,
1368824,1936838,8919368381039779,,89,0,
1368824,1936839,8919368391039779,,89,0,
1368824,1936840,8919368401039779,,89,0,
1368824,1936835,9019368351039779,,90,0,
1368824,1936836,9019368361039779,,90,0,
1368824,1936837,9019368371039779,,90,0,
1368824,1936838,9019368381039779,,90,0,
1368824,1936839,9019368391039779,,90,0,
1368824,1936840,9019368401039779,,90,0,
1368824,1936835,9119368351039779,,91,0,
1368824,1936836,9119368361039779,,91,0,
1368824,1936837,9119368371039779,,91,0,
1368824,1936838,9119368381039779,,91,0,
1368824,1936839,9119368391039779,,91,0,
1368824,1936840,9119368401039779,,91,0,
1368824,1936834,919368341039779,,9,0,
1368824,1936835,919368351039779,,9,0,
1368824,1936836,919368361039779,,9,0,
1368824,1936837,919368371039779,,9,0,
1368824,1936838,919368381039779,,9,0,
1368824,1936839,919368391039779,,9,0,
1368824,1936840,919368401039779,,9,0,
1368824,1936835,9219368351039779,,92,0,
1368824,1936836,9219368361039779,,92,0,
1368824,1936837,9219368371039779,,92,0,
1368824,1936838,9219368381039779,,92,0,
1368824,1936839,9219368391039779,,92,0,
1368824,1936840,9219368401039779,,92,0,
1368824,1936835,9319368351039779,,93,0,
1368824,1936836,9319368361039779,,93,0,
1368824,1936837,9319368371039779,,93,0,
1368824,1936838,9319368381039779,,93,0,
1368824,1936839,9319368391039779,,93,0,
1368824,1936840,9319368401039779,,93,0,
1368824,1936835,9419368351039779,,94,0,
1368824,1936836,9419368361039779,,94,0,
1368824,1936837,9419368371039779,,94,0,
1368824,1936838,9419368381039779,,94,0,
1368824,1936839,9419368391039779,,94,0,
1368824,1936840,9419368401039779,,94,0,
1368824,1936835,9519368351039779,,95,0,
1368824,1936836,9519368361039779,,95,0,
1368824,1936837,9519368371039779,,95,0,
1368824,11936838,9519368381039779,,95,0,
1368824,1936839,9519368391039779,,95,0,
1368824,1936840,9519368401039779,,95,0,
1368824,1936835,9619368351039779,,96,0,
1368824,1936836,9619368361039779,,96,0,
1368824,1936837,9619368371039779,,96,0,
1368824,11936838,9619368381039779,,96,0,
1368824,1936839,9619368391039779,,96,0,
1368824,1936840,9619368401039779,,96,0,
1368824,1936835,9719368351039779,,97,0,
1368824,1936836,9719368361039779,,97,0,
1368824,1936837,9719368371039779,,97,0,
1368824,11936838,9719368381039779,,97,0,
1368824,1936839,9719368391039779,,97,0,
1368824,1936840,9719368401039779,,97,0,
1368824,1936835,9819368351039779,,98,0,
1368824,1936836,9819368361039779,,98,0,
1368824,1936837,9819368371039779,,98,0,
1368824,11936838,9819368381039779,,98,0,
1368824,1936839,9819368391039779,,98,0,
1368824,1936840,9819368401039779,,98,0,
1368824,1936835,9919368351039779,,99,0,
1368824,1936836,9919368361039779,,99,0,
1368824,11936837,9919368371039779,,99,0,
1368824,11936838,9919368381039779,,99,0,
1368824,1936839,9919368391039779,,99,0,
1368824,1936840,9919368401039779,,99,0,
1368824,1936835,1019368350888897,,10,0,
1368824,11936836,1019368360888897,,10,0,
1368824,11936837,1019368370888897,,10,0,
1368824,1936839,1019368390888897,,10,0,
1368824,11936840,1019368400888897,,10,0,
1368824,1936835,1119368350888897,,11,0,
1368824,1936839,1119368390888897,,11,0,
1368824,1936834,119368340888897,,1,0,
1368824,1936835,119368350888897,,1,0,
1368824,1936836,119368360888897,,1,0,
1368824,1936837,119368370888897,,1,0,
1368824,1936838,119368380888897,,1,0,
1368824,1936839,119368390888897,,1,0,
1368824,1936840,119368400888897,,1,0,
1368824,1936835,1219368350888897,,12,0,
1368824,1936839,1219368390888897,,12,0,
1368824,11936835,1319368350888897,,13,0,
1368824,11936839,1319368390888897,,13,0,
1368824,11936835,1419368350888897,,14,0,
1368824,11936839,1419368390888897,,14,0,
1368824,11936835,1519368350888897,,15,0,
1368824,11936839,1519368390888897,,15,0,
1368824,11936834,219368340888897,,2,0,
1368824,1936835,219368350888897,,2,0,
1368824,1936836,219368360888897,,2,0,
1368824,1936837,219368370888897,,2,0,
1368824,1936838,219368380888897,,2,0,
1368824,1936839,219368390888897,,2,0,
1368824,1936840,219368400888897,,2,0,
1368824,11936834,319368340888897,,3,0,
1368824,1936835,319368350888897,,3,0,
1368824,1936836,319368360888897,,3,0,
1368824,1936837,319368370888897,,3,0,
1368824,1936838,319368380888897,,3,0,
1368824,1936839,319368390888897,,3,0,
1368824,1936840,319368400888897,,3,0,
1368824,11936834,419368340888897,,4,0,
1368824,1936835,419368350888897,,4,0,
1368824,1936836,419368360888897,,4,0,
1368824,1936837,419368370888897,,4,0,
1368824,1936838,419368380888897,,4,0,
1368824,1936839,419368390888897,,4,0,
1368824,1936840,419368400888897,,4,0,
1368824,1936835,519368350888897,,5,0,
1368824,1936836,519368360888897,,5,0,
1368824,1936837,519368370888897,,5,0,
1368824,1936838,519368380888897,,5,0,
1368824,1936839,519368390888897,,5,0,
1368824,1936840,519368400888897,,5,0,
1368824,1936835,619368350888897,,6,0,
1368824,1936836,619368360888897,,6,0,
1368824,1936837,619368370888897,,6,0,
1368824,1936838,619368380888897,,6,0,
1368824,1936839,619368390888897,,6,0,
1368824,1936840,619368400888897,,6,0,
1368824,1936835,719368350888897,,7,0,
1368824,1936836,719368360888897,,7,0,
1368824,1936837,719368370888897,,7,0,
1368824,11936838,719368380888897,,7,0,
1368824,1936839,719368390888897,,7,0,
1368824,1936840,719368400888897,,7,0,
1368824,1936835,819368350888897,,8,0,
1368824,11936836,819368360888897,,8,0,
1368824,11936837,819368370888897,,8,0,
1368824,11936838,819368380888897,,8,0,
1368824,1936839,819368390888897,,8,0,
1368824,11936840,819368400888897,,8,0,
1368824,1936835,919368350888897,,9,0,
1368824,11936836,919368360888897,,9,0,
1368824,11936837,919368370888897,,9,0,
1368824,11936838,919368380888897,,9,0,
1368824,1936839,919368390888897,,9,0,
1368824,11936840,919368400888897,,9,0,
1368824,1936835,119368350888903,,1,0,
1368824,1936836,119368360888903,,1,0,
1368824,1936837,119368370888903,,1,0,
1368824,1936838,119368380888903,,1,0,
1368824,1936839,119368390888903,,1,0,
1368824,1936840,119368400888903,,1,0,
1368824,1936835,219368350888903,,2,0,
1368824,1936836,219368360888903,,2,0,
1368824,1936837,219368370888903,,2,0,
1368824,1936838,219368380888903,,2,0,
1368824,1936839,219368390888903,,2,0,
1368824,1936840,219368400888903,,2,0,
1368824,1936837,319368370888903,,3,0,
1368824,1936838,319368380888903,,3,0,
1368824,1936837,419368370888903,,4,0,
1368824,1936838,419368380888903,,4,0,
1368824,1936838,519368380888903,,5,0,
1368825,1936835,10019368350888898,,100,1,
1368825,1936836,10019368360888898,,100,1,
1368825,11936837,10019368370888898,,100,1,
1368825,11936838,10019368380888898,,100,1,
1368825,1936839,10019368390888898,,100,1,
1368825,1936840,10019368400888898,,100,1,
1368825,1936835,10119368350888898,,101,1,
1368825,1936836,10119368360888898,,101,1,
1368825,11936837,10119368370888898,,101,1,
1368825,1936839,10119368390888898,,101,1,
1368825,1936840,10119368400888898,,101,1,
1368825,1936834,1019368340888898,,10,1,
1368825,1936835,1019368350888898,,10,1,
1368825,1936836,1019368360888898,,10,1,
1368825,1936837,1019368370888898,,10,1,
1368825,1936838,1019368380888898,,10,1,
1368825,1936839,1019368390888898,,10,1,
1368825,1936840,1019368400888898,,10,1,
1368825,1936835,10219368350888898,,102,1,
1368825,1936836,10219368360888898,,102,1,
1368825,11936837,10219368370888898,,102,1,
1368825,1936839,10219368390888898,,102,1,
1368825,1936840,10219368400888898,,102,1,
1368825,1936835,10319368350888898,,103,1,
1368825,1936836,10319368360888898,,103,1,
1368825,11936837,10319368370888898,,103,1,
1368825,1936839,10319368390888898,,103,1,
1368825,1936840,10319368400888898,,103,1,
1368825,1936835,10419368350888898,,104,1,
1368825,1936836,10419368360888898,,104,1,
1368825,11936837,10419368370888898,,104,1,
1368825,1936839,10419368390888898,,104,1,
1368825,1936840,10419368400888898,,104,1,
1368825,1936835,10519368350888898,,105,1,
1368825,1936836,10519368360888898,,105,1,
1368825,1936839,10519368390888898,,105,1,
1368825,1936840,10519368400888898,,105,1,
1368825,1936835,10619368350888898,,106,1,
1368825,1936836,10619368360888898,,106,1,
1368825,1936839,10619368390888898,,106,1,
1368825,1936840,10619368400888898,,106,1,
1368825,1936835,10719368350888898,,107,1,
1368825,1936836,10719368360888898,,107,1,
1368825,1936839,10719368390888898,,107,1,
1368825,1936840,10719368400888898,,107,1,
1368825,1936835,10819368350888898,,108,1,
1368825,11936836,10819368360888898,,108,1,
1368825,1936839,10819368390888898,,108,1,
1368825,11936840,10819368400888898,,108,1,
1368825,1936835,10919368350888898,,109,1,
1368825,11936836,10919368360888898,,109,1,
1368825,1936839,10919368390888898,,109,1,
1368825,11936840,10919368400888898,,109,1,
1368825,1936835,11019368350888898,,110,1,
1368825,1936839,11019368390888898,,110,1,
1368825,11936840,11019368400888898,,110,1,
1368825,1936835,11119368350888898,,111,1,
1368825,1936839,11119368390888898,,111,1,
1368825,11936840,11119368400888898,,111,1,
1368825,1936834,1119368340888898,,11,1,
1368825,1936835,1119368350888898,,11,1,
1368825,1936836,1119368360888898,,11,1,
1368825,1936837,1119368370888898,,11,1,
1368825,1936838,1119368380888898,,11,1,
1368825,1936839,1119368390888898,,11,1,
1368825,1936840,1119368400888898,,11,1,
1368825,1936835,11219368350888898,,112,1,
1368825,1936839,11219368390888898,,112,1,
1368825,11936840,11219368400888898,,112,1,
1368825,1936835,11319368350888898,,113,1,
1368825,1936839,11319368390888898,,113,1,
1368825,1936835,11419368350888898,,114,1,
1368825,1936839,11419368390888898,,114,1,
1368825,1936835,11519368350888898,,115,1,
1368825,1936839,11519368390888898,,115,1,
1368825,1936835,11619368350888898,,116,1,
1368825,1936839,11619368390888898,,116,1,
1368825,1936835,11719368350888898,,117,1,
1368825,1936839,11719368390888898,,117,1,
1368825,1936835,11819368350888898,,118,1,
1368825,1936839,11819368390888898,,118,1,
1368825,1936835,11919368350888898,,119,1,
1368825,1936839,11919368390888898,,119,1,
1368825,1936834,119368340888898,,1,1,
1368825,1936835,119368350888898,,1,1,
1368825,1936836,119368360888898,,1,1,
1368825,1936837,119368370888898,,1,1,
1368825,1936838,119368380888898,,1,1,
1368825,1936839,119368390888898,,1,1,
1368825,1936840,119368400888898,,1,1,
1368825,1936835,12019368350888898,,120,1,
1368825,1936839,12019368390888898,,120,1,
1368825,11936835,12119368350888898,,121,1,
1368825,11936839,12119368390888898,,121,1,
1368825,1936834,1219368340888898,,12,1,
1368825,1936835,1219368350888898,,12,1,
1368825,1936836,1219368360888898,,12,1,
1368825,1936837,1219368370888898,,12,1,
1368825,1936838,1219368380888898,,12,1,
1368825,1936839,1219368390888898,,12,1,
1368825,1936840,1219368400888898,,12,1,
1368825,11936835,12219368350888898,,122,1,
1368825,11936839,12219368390888898,,122,1,
1368825,11936839,12319368390888898,,123,1,
1368825,11936839,12419368390888898,,124,1,
1368825,11936839,12519368390888898,,125,1,
1368825,1936834,1319368340888898,,13,1,
1368825,1936835,1319368350888898,,13,1,
1368825,1936836,1319368360888898,,13,1,
1368825,1936837,1319368370888898,,13,1,
1368825,1936838,1319368380888898,,13,1,
1368825,1936839,1319368390888898,,13,1,
1368825,1936840,1319368400888898,,13,1,
1368825,1936834,1419368340888898,,14,1,
1368825,1936835,1419368350888898,,14,1,
1368825,1936836,1419368360888898,,14,1,
1368825,1936837,1419368370888898,,14,1,
1368825,1936838,1419368380888898,,14,1,
1368825,1936839,1419368390888898,,14,1,
1368825,1936840,1419368400888898,,14,1,
1368825,1936834,1519368340888898,,15,1,
1368825,1936835,1519368350888898,,15,1,
1368825,1936836,1519368360888898,,15,1,
1368825,1936837,1519368370888898,,15,1,
1368825,1936838,1519368380888898,,15,1,
1368825,1936839,1519368390888898,,15,1,
1368825,1936840,1519368400888898,,15,1,
1368825,1936834,1619368340888898,,16,1,
1368825,1936835,1619368350888898,,16,1,
1368825,1936836,1619368360888898,,16,1,
1368825,1936837,1619368370888898,,16,1,
1368825,1936838,1619368380888898,,16,1,
1368825,1936839,1619368390888898,,16,1,
1368825,1936840,1619368400888898,,16,1,
1368825,1936834,1719368340888898,,17,1,
1368825,1936835,1719368350888898,,17,1,
1368825,1936836,1719368360888898,,17,1,
1368825,1936837,1719368370888898,,17,1,
1368825,1936838,1719368380888898,,17,1,
1368825,1936839,1719368390888898,,17,1,
1368825,1936840,1719368400888898,,17,1,
1368825,1936834,1819368340888898,,18,1,
1368825,1936835,1819368350888898,,18,1,
1368825,1936836,1819368360888898,,18,1,
1368825,1936837,1819368370888898,,18,1,
1368825,1936838,1819368380888898,,18,1,
1368825,1936839,1819368390888898,,18,1,
1368825,1936840,1819368400888898,,18,1,
1368825,1936834,1919368340888898,,19,1,
1368825,1936835,1919368350888898,,19,1,
1368825,1936836,1919368360888898,,19,1,
1368825,1936837,1919368370888898,,19,1,
1368825,1936838,1919368380888898,,19,1,
1368825,1936839,1919368390888898,,19,1,
1368825,1936840,1919368400888898,,19,1,
1368825,1936834,2019368340888898,,20,1,
1368825,1936835,2019368350888898,,20,1,
1368825,1936836,2019368360888898,,20,1,
1368825,1936837,2019368370888898,,20,1,
1368825,1936838,2019368380888898,,20,1,
1368825,1936839,2019368390888898,,20,1,
1368825,1936840,2019368400888898,,20,1,
1368825,1936834,2119368340888898,,21,1,
1368825,1936835,2119368350888898,,21,1,
1368825,1936836,2119368360888898,,21,1,
1368825,1936837,2119368370888898,,21,1,
1368825,1936838,2119368380888898,,21,1,
1368825,1936839,2119368390888898,,21,1,
1368825,1936840,2119368400888898,,21,1,
1368825,1936834,219368340888898,,2,1,
1368825,1936835,219368350888898,,2,1,
1368825,1936836,219368360888898,,2,1,
1368825,1936837,219368370888898,,2,1,
1368825,1936838,219368380888898,,2,1,
1368825,1936839,219368390888898,,2,1,
1368825,1936840,219368400888898,,2,1,
1368825,1936834,2219368340888898,,22,1,
1368825,1936835,2219368350888898,,22,1,
1368825,1936836,2219368360888898,,22,1,
1368825,1936837,2219368370888898,,22,1,
1368825,1936838,2219368380888898,,22,1,
1368825,1936839,2219368390888898,,22,1,
1368825,1936840,2219368400888898,,22,1,
1368825,1936834,2319368340888898,,23,1,
1368825,1936835,2319368350888898,,23,1,
1368825,1936836,2319368360888898,,23,1,
1368825,1936837,2319368370888898,,23,1,
1368825,1936838,2319368380888898,,23,1,
1368825,1936839,2319368390888898,,23,1,
1368825,1936840,2319368400888898,,23,1,
1368825,1936834,2419368340888898,,24,1,
1368825,1936835,2419368350888898,,24,1,
1368825,1936836,2419368360888898,,24,1,
1368825,1936837,2419368370888898,,24,1,
1368825,1936838,2419368380888898,,24,1,
1368825,1936839,2419368390888898,,24,1,
1368825,1936840,2419368400888898,,24,1,
1368825,1936834,2519368340888898,,25,1,
1368825,1936835,2519368350888898,,25,1,
1368825,1936836,2519368360888898,,25,1,
1368825,1936837,2519368370888898,,25,1,
1368825,1936838,2519368380888898,,25,1,
1368825,1936839,2519368390888898,,25,1,
1368825,1936840,2519368400888898,,25,1,
1368825,1936834,2619368340888898,,26,1,
1368825,1936835,2619368350888898,,26,1,
1368825,1936836,2619368360888898,,26,1,
1368825,1936837,2619368370888898,,26,1,
1368825,1936838,2619368380888898,,26,1,
1368825,1936839,2619368390888898,,26,1,
1368825,1936840,2619368400888898,,26,1,
1368825,1936834,2719368340888898,,27,1,
1368825,1936835,2719368350888898,,27,1,
1368825,1936836,2719368360888898,,27,1,
1368825,1936837,2719368370888898,,27,1,
1368825,1936838,2719368380888898,,27,1,
1368825,1936839,2719368390888898,,27,1,
1368825,1936840,2719368400888898,,27,1,
1368825,1936834,2819368340888898,,28,1,
1368825,1936835,2819368350888898,,28,1,
1368825,1936836,2819368360888898,,28,1,
1368825,1936837,2819368370888898,,28,1,
1368825,1936838,2819368380888898,,28,1,
1368825,1936839,2819368390888898,,28,1,
1368825,1936840,2819368400888898,,28,1,
1368825,1936834,2919368340888898,,29,1,
1368825,1936835,2919368350888898,,29,1,
1368825,1936836,2919368360888898,,29,1,
1368825,1936837,2919368370888898,,29,1,
1368825,1936838,2919368380888898,,29,1,
1368825,1936839,2919368390888898,,29,1,
1368825,1936840,2919368400888898,,29,1,
1368825,1936834,3019368340888898,,30,1,
1368825,1936835,3019368350888898,,30,1,
1368825,1936836,3019368360888898,,30,1,
1368825,1936837,3019368370888898,,30,1,
1368825,1936838,3019368380888898,,30,1,
1368825,1936839,3019368390888898,,30,1,
1368825,1936840,3019368400888898,,30,1,
1368825,1936834,3119368340888898,,31,1,
1368825,1936835,3119368350888898,,31,1,
1368825,1936836,3119368360888898,,31,1,
1368825,1936837,3119368370888898,,31,1,
1368825,1936838,3119368380888898,,31,1,
1368825,1936839,3119368390888898,,31,1,
1368825,1936840,3119368400888898,,31,1,
1368825,1936834,319368340888898,,3,1,
1368825,1936835,319368350888898,,3,1,
1368825,1936836,319368360888898,,3,1,
1368825,1936837,319368370888898,,3,1,
1368825,1936838,319368380888898,,3,1,
1368825,1936839,319368390888898,,3,1,
1368825,1936840,319368400888898,,3,1,
1368825,1936834,3219368340888898,,32,1,
1368825,1936835,3219368350888898,,32,1,
1368825,1936836,3219368360888898,,32,1,
1368825,1936837,3219368370888898,,32,1,
1368825,1936838,3219368380888898,,32,1,
1368825,1936839,3219368390888898,,32,1,
1368825,1936840,3219368400888898,,32,1,
1368825,1936834,3319368340888898,,33,1,
1368825,1936835,3319368350888898,,33,1,
1368825,1936836,3319368360888898,,33,1,
1368825,1936837,3319368370888898,,33,1,
1368825,1936838,3319368380888898,,33,1,
1368825,1936839,3319368390888898,,33,1,
1368825,1936840,3319368400888898,,33,1,
1368825,1936834,3419368340888898,,34,1,
1368825,1936835,3419368350888898,,34,1,
1368825,1936836,3419368360888898,,34,1,
1368825,1936837,3419368370888898,,34,1,
1368825,1936838,3419368380888898,,34,1,
1368825,1936839,3419368390888898,,34,1,
1368825,1936840,3419368400888898,,34,1,
1368825,1936834,3519368340888898,,35,1,
1368825,1936835,3519368350888898,,35,1,
1368825,1936836,3519368360888898,,35,1,
1368825,1936837,3519368370888898,,35,1,
1368825,1936838,3519368380888898,,35,1,
1368825,1936839,3519368390888898,,35,1,
1368825,1936840,3519368400888898,,35,1,
1368825,1936834,3619368340888898,,36,1,
1368825,1936835,3619368350888898,,36,1,
1368825,1936836,3619368360888898,,36,1,
1368825,1936837,3619368370888898,,36,1,
1368825,1936838,3619368380888898,,36,1,
1368825,1936839,3619368390888898,,36,1,
1368825,1936840,3619368400888898,,36,1,
1368825,1936834,3719368340888898,,37,1,
1368825,1936835,3719368350888898,,37,1,
1368825,1936836,3719368360888898,,37,1,
1368825,1936837,3719368370888898,,37,1,
1368825,1936838,3719368380888898,,37,1,
1368825,1936839,3719368390888898,,37,1,
1368825,1936840,3719368400888898,,37,1,
1368825,1936834,3819368340888898,,38,1,
1368825,1936835,3819368350888898,,38,1,
1368825,1936836,3819368360888898,,38,1,
1368825,1936837,3819368370888898,,38,1,
1368825,1936838,3819368380888898,,38,1,
1368825,1936839,3819368390888898,,38,1,
1368825,1936840,3819368400888898,,38,1,
1368825,1936834,3919368340888898,,39,1,
1368825,1936835,3919368350888898,,39,1,
1368825,1936836,3919368360888898,,39,1,
1368825,1936837,3919368370888898,,39,1,
1368825,1936838,3919368380888898,,39,1,
1368825,1936839,3919368390888898,,39,1,
1368825,1936840,3919368400888898,,39,1,
1368825,1936834,4019368340888898,,40,1,
1368825,1936835,4019368350888898,,40,1,
1368825,1936836,4019368360888898,,40,1,
1368825,1936837,4019368370888898,,40,1,
1368825,1936838,4019368380888898,,40,1,
1368825,1936839,4019368390888898,,40,1,
1368825,1936840,4019368400888898,,40,1,
1368825,1936834,4119368340888898,,41,1,
1368825,1936835,4119368350888898,,41,1,
1368825,1936836,4119368360888898,,41,1,
1368825,1936837,4119368370888898,,41,1,
1368825,1936838,4119368380888898,,41,1,
1368825,1936839,4119368390888898,,41,1,
1368825,1936840,4119368400888898,,41,1,
1368825,1936834,419368340888898,,4,1,
1368825,1936835,419368350888898,,4,1,
1368825,1936836,419368360888898,,4,1,
1368825,1936837,419368370888898,,4,1,
1368825,1936838,419368380888898,,4,1,
1368825,1936839,419368390888898,,4,1,
1368825,1936840,419368400888898,,4,1,
1368825,1936834,4219368340888898,,42,1,
1368825,1936835,4219368350888898,,42,1,
1368825,1936836,4219368360888898,,42,1,
1368825,1936837,4219368370888898,,42,1,
1368825,1936838,4219368380888898,,42,1,
1368825,1936839,4219368390888898,,42,1,
1368825,1936840,4219368400888898,,42,1,
1368825,1936834,4319368340888898,,43,1,
1368825,1936835,4319368350888898,,43,1,
1368825,1936836,4319368360888898,,43,1,
1368825,1936837,4319368370888898,,43,1,
1368825,1936838,4319368380888898,,43,1,
1368825,1936839,4319368390888898,,43,1,
1368825,1936840,4319368400888898,,43,1,
1368825,1936834,4419368340888898,,44,1,
1368825,1936835,4419368350888898,,44,1,
1368825,1936836,4419368360888898,,44,1,
1368825,1936837,4419368370888898,,44,1,
1368825,1936838,4419368380888898,,44,1,
1368825,1936839,4419368390888898,,44,1,
1368825,1936840,4419368400888898,,44,1,
1368825,1936834,4519368340888898,,45,1,
1368825,1936835,4519368350888898,,45,1,
1368825,1936836,4519368360888898,,45,1,
1368825,1936837,4519368370888898,,45,1,
1368825,1936838,4519368380888898,,45,1,
1368825,1936839,4519368390888898,,45,1,
1368825,1936840,4519368400888898,,45,1,
1368825,1936834,4619368340888898,,46,1,
1368825,1936835,4619368350888898,,46,1,
1368825,1936836,4619368360888898,,46,1,
1368825,1936837,4619368370888898,,46,1,
1368825,1936838,4619368380888898,,46,1,
1368825,1936839,4619368390888898,,46,1,
1368825,1936840,4619368400888898,,46,1,
1368825,1936834,4719368340888898,,47,1,
1368825,1936835,4719368350888898,,47,1,
1368825,1936836,4719368360888898,,47,1,
1368825,1936837,4719368370888898,,47,1,
1368825,1936838,4719368380888898,,47,1,
1368825,1936839,4719368390888898,,47,1,
1368825,1936840,4719368400888898,,47,1,
1368825,1936834,4819368340888898,,48,1,
1368825,1936835,4819368350888898,,48,1,
1368825,1936836,4819368360888898,,48,1,
1368825,1936837,4819368370888898,,48,1,
1368825,1936838,4819368380888898,,48,1,
1368825,1936839,4819368390888898,,48,1,
1368825,1936840,4819368400888898,,48,1,
1368825,1936834,4919368340888898,,49,1,
1368825,1936835,4919368350888898,,49,1,
1368825,1936836,4919368360888898,,49,1,
1368825,1936837,4919368370888898,,49,1,
1368825,1936838,4919368380888898,,49,1,
1368825,1936839,4919368390888898,,49,1,
1368825,1936840,4919368400888898,,49,1,
1368825,1936834,5019368340888898,,50,1,
1368825,1936835,5019368350888898,,50,1,
1368825,1936836,5019368360888898,,50,1,
1368825,1936837,5019368370888898,,50,1,
1368825,1936838,5019368380888898,,50,1,
1368825,1936839,5019368390888898,,50,1,
1368825,1936840,5019368400888898,,50,1,
1368825,1936834,5119368340888898,,51,1,
1368825,1936835,5119368350888898,,51,1,
1368825,1936836,5119368360888898,,51,1,
1368825,1936837,5119368370888898,,51,1,
1368825,1936838,5119368380888898,,51,1,
1368825,1936839,5119368390888898,,51,1,
1368825,1936840,5119368400888898,,51,1,
1368825,1936834,519368340888898,,5,1,
1368825,1936835,519368350888898,,5,1,
1368825,1936836,519368360888898,,5,1,
1368825,1936837,519368370888898,,5,1,
1368825,1936838,519368380888898,,5,1,
1368825,1936839,519368390888898,,5,1,
1368825,1936840,519368400888898,,5,1,
1368825,1936834,5219368340888898,,52,1,
1368825,1936835,5219368350888898,,52,1,
1368825,1936836,5219368360888898,,52,1,
1368825,1936837,5219368370888898,,52,1,
1368825,1936838,5219368380888898,,52,1,
1368825,1936839,5219368390888898,,52,1,
1368825,1936840,5219368400888898,,52,1,
1368825,1936834,5319368340888898,,53,1,
1368825,1936835,5319368350888898,,53,1,
1368825,1936836,5319368360888898,,53,1,
1368825,1936837,5319368370888898,,53,1,
1368825,1936838,5319368380888898,,53,1,
1368825,1936839,5319368390888898,,53,1,
1368825,1936840,5319368400888898,,53,1,
1368825,1936834,5419368340888898,,54,1,
1368825,1936835,5419368350888898,,54,1,
1368825,1936836,5419368360888898,,54,1,
1368825,1936837,5419368370888898,,54,1,
1368825,1936838,5419368380888898,,54,1,
1368825,1936839,5419368390888898,,54,1,
1368825,1936840,5419368400888898,,54,1,
1368825,11936834,5519368340888898,,55,1,
1368825,1936835,5519368350888898,,55,1,
1368825,1936836,5519368360888898,,55,1,
1368825,1936837,5519368370888898,,55,1,
1368825,1936838,5519368380888898,,55,1,
1368825,1936839,5519368390888898,,55,1,
1368825,1936840,5519368400888898,,55,1,
1368825,11936834,5619368340888898,,56,1,
1368825,1936835,5619368350888898,,56,1,
1368825,1936836,5619368360888898,,56,1,
1368825,1936837,5619368370888898,,56,1,
1368825,1936838,5619368380888898,,56,1,
1368825,1936839,5619368390888898,,56,1,
1368825,1936840,5619368400888898,,56,1,
1368825,1936835,5719368350888898,,57,1,
1368825,1936836,5719368360888898,,57,1,
1368825,1936837,5719368370888898,,57,1,
1368825,1936838,5719368380888898,,57,1,
1368825,1936839,5719368390888898,,57,1,
1368825,1936840,5719368400888898,,57,1,
1368825,1936835,5819368350888898,,58,1,
1368825,1936836,5819368360888898,,58,1,
1368825,1936837,5819368370888898,,58,1,
1368825,1936838,5819368380888898,,58,1,
1368825,1936839,5819368390888898,,58,1,
1368825,1936840,5819368400888898,,58,1,
1368825,1936835,5919368350888898,,59,1,
1368825,1936836,5919368360888898,,59,1,
1368825,1936837,5919368370888898,,59,1,
1368825,1936838,5919368380888898,,59,1,
1368825,1936839,5919368390888898,,59,1,
1368825,1936840,5919368400888898,,59,1,
1368825,1936835,6019368350888898,,60,1,
1368825,1936836,6019368360888898,,60,1,
1368825,1936837,6019368370888898,,60,1,
1368825,1936838,6019368380888898,,60,1,
1368825,1936839,6019368390888898,,60,1,
1368825,1936840,6019368400888898,,60,1,
1368825,1936835,6119368350888898,,61,1,
1368825,1936836,6119368360888898,,61,1,
1368825,1936837,6119368370888898,,61,1,
1368825,1936838,6119368380888898,,61,1,
1368825,1936839,6119368390888898,,61,1,
1368825,1936840,6119368400888898,,61,1,
1368825,1936834,619368340888898,,6,1,
1368825,1936835,619368350888898,,6,1,
1368825,1936836,619368360888898,,6,1,
1368825,1936837,619368370888898,,6,1,
1368825,1936838,619368380888898,,6,1,
1368825,1936839,619368390888898,,6,1,
1368825,1936840,619368400888898,,6,1,
1368825,1936835,6219368350888898,,62,1,
1368825,1936836,6219368360888898,,62,1,
1368825,1936837,6219368370888898,,62,1,
1368825,1936838,6219368380888898,,62,1,
1368825,1936839,6219368390888898,,62,1,
1368825,1936840,6219368400888898,,62,1,
1368825,1936835,6319368350888898,,63,1,
1368825,1936836,6319368360888898,,63,1,
1368825,1936837,6319368370888898,,63,1,
1368825,1936838,6319368380888898,,63,1,
1368825,1936839,6319368390888898,,63,1,
1368825,1936840,6319368400888898,,63,1,
1368825,1936835,6419368350888898,,64,1,
1368825,1936836,6419368360888898,,64,1,
1368825,1936837,6419368370888898,,64,1,
1368825,1936838,6419368380888898,,64,1,
1368825,1936839,6419368390888898,,64,1,
1368825,1936840,6419368400888898,,64,1,
1368825,1936835,6519368350888898,,65,1,
1368825,1936836,6519368360888898,,65,1,
1368825,1936837,6519368370888898,,65,1,
1368825,1936838,6519368380888898,,65,1,
1368825,1936839,6519368390888898,,65,1,
1368825,1936840,6519368400888898,,65,1,
1368825,1936835,6619368350888898,,66,1,
1368825,1936836,6619368360888898,,66,1,
1368825,1936837,6619368370888898,,66,1,
1368825,1936838,6619368380888898,,66,1,
1368825,1936839,6619368390888898,,66,1,
1368825,1936840,6619368400888898,,66,1,
1368825,1936835,6719368350888898,,67,1,
1368825,1936836,6719368360888898,,67,1,
1368825,1936837,6719368370888898,,67,1,
1368825,1936838,6719368380888898,,67,1,
1368825,1936839,6719368390888898,,67,1,
1368825,1936840,6719368400888898,,67,1,
1368825,1936835,6819368350888898,,68,1,
1368825,1936836,6819368360888898,,68,1,
1368825,1936837,6819368370888898,,68,1,
1368825,1936838,6819368380888898,,68,1,
1368825,1936839,6819368390888898,,68,1,
1368825,1936840,6819368400888898,,68,1,
1368825,1936835,6919368350888898,,69,1,
1368825,1936836,6919368360888898,,69,1,
1368825,1936837,6919368370888898,,69,1,
1368825,1936838,6919368380888898,,69,1,
1368825,1936839,6919368390888898,,69,1,
1368825,1936840,6919368400888898,,69,1,
1368825,1936835,7019368350888898,,70,1,
1368825,1936836,7019368360888898,,70,1,
1368825,1936837,7019368370888898,,70,1,
1368825,1936838,7019368380888898,,70,1,
1368825,1936839,7019368390888898,,70,1,
1368825,1936840,7019368400888898,,70,1,
1368825,1936835,7119368350888898,,71,1,
1368825,1936836,7119368360888898,,71,1,
1368825,1936837,7119368370888898,,71,1,
1368825,1936838,7119368380888898,,71,1,
1368825,1936839,7119368390888898,,71,1,
1368825,1936840,7119368400888898,,71,1,
1368825,1936834,719368340888898,,7,1,
1368825,1936835,719368350888898,,7,1,
1368825,1936836,719368360888898,,7,1,
1368825,1936837,719368370888898,,7,1,
1368825,1936838,719368380888898,,7,1,
1368825,1936839,719368390888898,,7,1,
1368825,1936840,719368400888898,,7,1,
1368825,1936835,7219368350888898,,72,1,
1368825,1936836,7219368360888898,,72,1,
1368825,1936837,7219368370888898,,72,1,
1368825,1936838,7219368380888898,,72,1,
1368825,1936839,7219368390888898,,72,1,
1368825,1936840,7219368400888898,,72,1,
1368825,1936835,7319368350888898,,73,1,
1368825,1936836,7319368360888898,,73,1,
1368825,1936837,7319368370888898,,73,1,
1368825,1936838,7319368380888898,,73,1,
1368825,1936839,7319368390888898,,73,1,
1368825,1936840,7319368400888898,,73,1,
1368825,1936835,7419368350888898,,74,1,
1368825,1936836,7419368360888898,,74,1,
1368825,1936837,7419368370888898,,74,1,
1368825,1936838,7419368380888898,,74,1,
1368825,1936839,7419368390888898,,74,1,
1368825,1936840,7419368400888898,,74,1,
1368825,1936835,7519368350888898,,75,1,
1368825,1936836,7519368360888898,,75,1,
1368825,1936837,7519368370888898,,75,1,
1368825,1936838,7519368380888898,,75,1,
1368825,1936839,7519368390888898,,75,1,
1368825,1936840,7519368400888898,,75,1,
1368825,1936835,7619368350888898,,76,1,
1368825,1936836,7619368360888898,,76,1,
1368825,1936837,7619368370888898,,76,1,
1368825,1936838,7619368380888898,,76,1,
1368825,1936839,7619368390888898,,76,1,
1368825,1936840,7619368400888898,,76,1,
1368825,1936835,7719368350888898,,77,1,
1368825,1936836,7719368360888898,,77,1,
1368825,1936837,7719368370888898,,77,1,
1368825,1936838,7719368380888898,,77,1,
1368825,1936839,7719368390888898,,77,1,
1368825,1936840,7719368400888898,,77,1,
1368825,1936835,7819368350888898,,78,1,
1368825,1936836,7819368360888898,,78,1,
1368825,1936837,7819368370888898,,78,1,
1368825,1936838,7819368380888898,,78,1,
1368825,1936839,7819368390888898,,78,1,
1368825,1936840,7819368400888898,,78,1,
1368825,1936835,7919368350888898,,79,1,
1368825,1936836,7919368360888898,,79,1,
1368825,1936837,7919368370888898,,79,1,
1368825,1936838,7919368380888898,,79,1,
1368825,1936839,7919368390888898,,79,1,
1368825,1936840,7919368400888898,,79,1,
1368825,1936835,8019368350888898,,80,1,
1368825,1936836,8019368360888898,,80,1,
1368825,1936837,8019368370888898,,80,1,
1368825,1936838,8019368380888898,,80,1,
1368825,1936839,8019368390888898,,80,1,
1368825,1936840,8019368400888898,,80,1,
1368825,1936835,8119368350888898,,81,1,
1368825,1936836,8119368360888898,,81,1,
1368825,1936837,8119368370888898,,81,1,
1368825,1936838,8119368380888898,,81,1,
1368825,1936839,8119368390888898,,81,1,
1368825,1936840,8119368400888898,,81,1,
1368825,1936834,819368340888898,,8,1,
1368825,1936835,819368350888898,,8,1,
1368825,1936836,819368360888898,,8,1,
1368825,1936837,819368370888898,,8,1,
1368825,1936838,819368380888898,,8,1,
1368825,1936839,819368390888898,,8,1,
1368825,1936840,819368400888898,,8,1,
1368825,1936835,8219368350888898,,82,1,
1368825,1936836,8219368360888898,,82,1,
1368825,1936837,8219368370888898,,82,1,
1368825,1936838,8219368380888898,,82,1,
1368825,1936839,8219368390888898,,82,1,
1368825,1936840,8219368400888898,,82,1,
1368825,1936835,8319368350888898,,83,1,
1368825,1936836,8319368360888898,,83,1,
1368825,1936837,8319368370888898,,83,1,
1368825,1936838,8319368380888898,,83,1,
1368825,1936839,8319368390888898,,83,1,
1368825,1936840,8319368400888898,,83,1,
1368825,1936835,8419368350888898,,84,1,
1368825,1936836,8419368360888898,,84,1,
1368825,1936837,8419368370888898,,84,1,
1368825,1936838,8419368380888898,,84,1,
1368825,1936839,8419368390888898,,84,1,
1368825,1936840,8419368400888898,,84,1,
1368825,1936835,8519368350888898,,85,1,
1368825,1936836,8519368360888898,,85,1,
1368825,1936837,8519368370888898,,85,1,
1368825,1936838,8519368380888898,,85,1,
1368825,1936839,8519368390888898,,85,1,
1368825,1936840,8519368400888898,,85,1,
1368825,1936835,8619368350888898,,86,1,
1368825,1936836,8619368360888898,,86,1,
1368825,1936837,8619368370888898,,86,1,
1368825,1936838,8619368380888898,,86,1,
1368825,1936839,8619368390888898,,86,1,
1368825,1936840,8619368400888898,,86,1,
1368825,1936835,8719368350888898,,87,1,
1368825,1936836,8719368360888898,,87,1,
1368825,1936837,8719368370888898,,87,1,
1368825,1936838,8719368380888898,,87,1,
1368825,1936839,8719368390888898,,87,1,
1368825,1936840,8719368400888898,,87,1,
1368825,1936835,8819368350888898,,88,1,
1368825,1936836,8819368360888898,,88,1,
1368825,1936837,8819368370888898,,88,1,
1368825,1936838,8819368380888898,,88,1,
1368825,1936839,8819368390888898,,88,1,
1368825,1936840,8819368400888898,,88,1,
1368825,1936835,8919368350888898,,89,1,
1368825,1936836,8919368360888898,,89,1,
1368825,1936837,8919368370888898,,89,1,
1368825,1936838,8919368380888898,,89,1,
1368825,1936839,8919368390888898,,89,1,
1368825,1936840,8919368400888898,,89,1,
1368825,1936835,9019368350888898,,90,1,
1368825,1936836,9019368360888898,,90,1,
1368825,1936837,9019368370888898,,90,1,
1368825,1936838,9019368380888898,,90,1,
1368825,1936839,9019368390888898,,90,1,
1368825,1936840,9019368400888898,,90,1,
1368825,1936835,9119368350888898,,91,1,
1368825,1936836,9119368360888898,,91,1,
1368825,1936837,9119368370888898,,91,1,
1368825,1936838,9119368380888898,,91,1,
1368825,1936839,9119368390888898,,91,1,
1368825,1936840,9119368400888898,,91,1,
1368825,1936834,919368340888898,,9,1,
1368825,1936835,919368350888898,,9,1,
1368825,1936836,919368360888898,,9,1,
1368825,1936837,919368370888898,,9,1,
1368825,1936838,919368380888898,,9,1,
1368825,1936839,919368390888898,,9,1,
1368825,1936840,919368400888898,,9,1,
1368825,1936835,9219368350888898,,92,1,
1368825,1936836,9219368360888898,,92,1,
1368825,1936837,9219368370888898,,92,1,
1368825,1936838,9219368380888898,,92,1,
1368825,1936839,9219368390888898,,92,1,
1368825,1936840,9219368400888898,,92,1,
1368825,1936835,9319368350888898,,93,1,
1368825,1936836,9319368360888898,,93,1,
1368825,1936837,9319368370888898,,93,1,
1368825,1936838,9319368380888898,,93,1,
1368825,1936839,9319368390888898,,93,1,
1368825,1936840,9319368400888898,,93,1,
1368825,1936835,9419368350888898,,94,1,
1368825,1936836,9419368360888898,,94,1,
1368825,1936837,9419368370888898,,94,1,
1368825,1936838,9419368380888898,,94,1,
1368825,1936839,9419368390888898,,94,1,
1368825,1936840,9419368400888898,,94,1,
1368825,1936835,9519368350888898,,95,1,
1368825,1936836,9519368360888898,,95,1,
1368825,1936837,9519368370888898,,95,1,
1368825,1936838,9519368380888898,,95,1,
1368825,1936839,9519368390888898,,95,1,
1368825,1936840,9519368400888898,,95,1,
1368825,1936835,9619368350888898,,96,1,
1368825,1936836,9619368360888898,,96,1,
1368825,1936837,9619368370888898,,96,1,
1368825,11936838,9619368380888898,,96,1,
1368825,1936839,9619368390888898,,96,1,
1368825,1936840,9619368400888898,,96,1,
1368825,1936835,9719368350888898,,97,1,
1368825,1936836,9719368360888898,,97,1,
1368825,1936837,9719368370888898,,97,1,
1368825,11936838,9719368380888898,,97,1,
1368825,1936839,9719368390888898,,97,1,
1368825,1936840,9719368400888898,,97,1,
1368825,1936835,9819368350888898,,98,1,
1368825,1936836,9819368360888898,,98,1,
1368825,1936837,9819368370888898,,98,1,
1368825,11936838,9819368380888898,,98,1,
1368825,1936839,9819368390888898,,98,1,
1368825,1936840,9819368400888898,,98,1,
1368825,1936835,9919368350888898,,99,1,
1368825,1936836,9919368360888898,,99,1,
1368825,1936837,9919368370888898,,99,1,
1368825,11936838,9919368380888898,,99,1,
1368825,1936839,9919368390888898,,99,1,
1368825,1936840,9919368400888898,,99,1,
1368825,1936835,1019368350963993,,10,1,
1368825,1936836,1019368360963993,,10,1,
1368825,1936839,1019368390963993,,10,1,
1368825,1936840,1019368400963993,,10,1,
1368825,1936835,1119368350963993,,11,1,
1368825,1936839,1119368390963993,,11,1,
1368825,1936834,119368340963993,,1,1,
1368825,1936835,119368350963993,,1,1,
1368825,1936836,119368360963993,,1,1,
1368825,1936837,119368370963993,,1,1,
1368825,1936838,119368380963993,,1,1,
1368825,1936839,119368390963993,,1,1,
1368825,1936840,119368400963993,,1,1,
1368825,1936835,1219368350963993,,12,1,
1368825,1936839,1219368390963993,,12,1,
1368825,1936835,1319368350963993,,13,1,
1368825,1936839,1319368390963993,,13,1,
1368825,1936835,1419368350963993,,14,1,
1368825,1936839,1419368390963993,,14,1,
1368825,1936835,1519368350963993,,15,1,
1368825,1936839,1519368390963993,,15,1,
1368825,1936834,219368340963993,,2,1,
1368825,1936835,219368350963993,,2,1,
1368825,1936836,219368360963993,,2,1,
1368825,1936837,219368370963993,,2,1,
1368825,1936838,219368380963993,,2,1,
1368825,1936839,219368390963993,,2,1,
1368825,1936840,219368400963993,,2,1,
1368825,1936834,319368340963993,,3,1,
1368825,1936835,319368350963993,,3,1,
1368825,1936836,319368360963993,,3,1,
1368825,1936837,319368370963993,,3,1,
1368825,1936838,319368380963993,,3,1,
1368825,1936839,319368390963993,,3,1,
1368825,1936840,319368400963993,,3,1,
1368825,1936834,419368340963993,,4,1,
1368825,1936835,419368350963993,,4,1,
1368825,1936836,419368360963993,,4,1,
1368825,1936837,419368370963993,,4,1,
1368825,1936838,419368380963993,,4,1,
1368825,1936839,419368390963993,,4,1,
1368825,1936840,419368400963993,,4,1,
1368825,1936834,519368340963993,,5,1,
1368825,1936835,519368350963993,,5,1,
1368825,1936836,519368360963993,,5,1,
1368825,1936837,519368370963993,,5,1,
1368825,1936838,519368380963993,,5,1,
1368825,1936839,519368390963993,,5,1,
1368825,1936840,519368400963993,,5,1,
1368825,1936835,619368350963993,,6,1,
1368825,1936836,619368360963993,,6,1,
1368825,1936837,619368370963993,,6,1,
1368825,1936838,619368380963993,,6,1,
1368825,1936839,619368390963993,,6,1,
1368825,1936840,619368400963993,,6,1,
1368825,1936835,719368350963993,,7,1,
1368825,1936836,719368360963993,,7,1,
1368825,1936837,719368370963993,,7,1,
1368825,1936838,719368380963993,,7,1,
1368825,1936839,719368390963993,,7,1,
1368825,1936840,719368400963993,,7,1,
1368825,1936835,819368350963993,,8,1,
1368825,1936836,819368360963993,,8,1,
1368825,1936837,819368370963993,,8,1,
1368825,1936838,819368380963993,,8,1,
1368825,1936839,819368390963993,,8,1,
1368825,1936840,819368400963993,,8,1,
1368825,1936835,919368350963993,,9,1,
1368825,1936836,919368360963993,,9,1,
1368825,1936837,919368370963993,,9,1,
1368825,1936839,919368390963993,,9,1,
1368825,1936840,919368400963993,,9,1,
