route_id,service_id,trip_id,trip_headsign,trip_short_name,direction_id,shape_id
1368840,11987656,10019876560894558,,100,0,
1368840,11987656,10119876560894558,,101,0,
1368840,1987654,1019876540894558,,10,0,
1368840,1987655,1019876550894558,,10,0,
1368840,1987656,1019876560894558,,10,0,
1368840,1987657,1019876570894558,,10,0,
1368840,1987659,1019876590894558,,10,0,
1368840,1987660,1019876600894558,,10,0,
1368840,1987661,1019876610894558,,10,0,
1368840,1994775,1019947750894558,,10,0,
1368840,1994776,1019947760894558,,10,0,
1368840,1994777,1019947770894558,,10,0,
1368840,1987654,1119876540894558,,11,0,
1368840,1987655,1119876550894558,,11,0,
1368840,1987656,1119876560894558,,11,0,
1368840,1987657,1119876570894558,,11,0,
1368840,1987659,1119876590894558,,11,0,
1368840,1987660,1119876600894558,,11,0,
1368840,1987661,1119876610894558,,11,0,
1368840,1994775,1119947750894558,,11,0,
1368840,1994776,1119947760894558,,11,0,
1368840,1994777,1119947770894558,,11,0,
1368840,1987654,119876540894558,,1,0,
1368840,1987655,119876550894558,,1,0,
1368840,1987656,119876560894558,,1,0,
1368840,1987657,119876570894558,,1,0,
1368840,1987659,119876590894558,,1,0,
1368840,1987660,119876600894558,,1,0,
1368840,1987661,119876610894558,,1,0,
1368840,1994775,119947750894558,,1,0,
1368840,1994776,119947760894558,,1,0,
1368840,1994777,119947770894558,,1,0,
1368840,1987654,1219876540894558,,12,0,
1368840,1987655,1219876550894558,,12,0,
1368840,1987656,1219876560894558,,12,0,
1368840,1987657,1219876570894558,,12,0,
1368840,1987659,1219876590894558,,12,0,
1368840,1987660,1219876600894558,,12,0,
1368840,1987661,1219876610894558,,12,0,
1368840,1994775,1219947750894558,,12,0,
1368840,1994776,1219947760894558,,12,0,
1368840,1994777,1219947770894558,,12,0,
1368840,1987654,1319876540894558,,13,0,
1368840,1987655,1319876550894558,,13,0,
1368840,1987656,1319876560894558,,13,0,
1368840,1987657,1319876570894558,,13,0,
1368840,1987659,1319876590894558,,13,0,
1368840,1987660,1319876600894558,,13,0,
1368840,1987661,1319876610894558,,13,0,
1368840,1994775,1319947750894558,,13,0,
1368840,1994776,1319947760894558,,13,0,
1368840,1994777,1319947770894558,,13,0,
1368840,1987654,1419876540894558,,14,0,
1368840,1987655,1419876550894558,,14,0,
1368840,1987656,1419876560894558,,14,0,
1368840,1987657,1419876570894558,,14,0,
1368840,1987659,1419876590894558,,14,0,
1368840,1987660,1419876600894558,,14,0,
1368840,1987661,1419876610894558,,14,0,
1368840,1994775,1419947750894558,,14,0,
1368840,1994776,1419947760894558,,14,0,
1368840,1994777,1419947770894558,,14,0,
1368840,1987654,1519876540894558,,15,0,
1368840,1987655,1519876550894558,,15,0,
1368840,1987656,1519876560894558,,15,0,
1368840,1987657,1519876570894558,,15,0,
1368840,1987659,1519876590894558,,15,0,
1368840,1987660,1519876600894558,,15,0,
1368840,1987661,1519876610894558,,15,0,
1368840,1994775,1519947750894558,,15,0,
1368840,1994776,1519947760894558,,15,0,
1368840,1994777,1519947770894558,,15,0,
1368840,1987654,1619876540894558,,16,0,
1368840,1987655,1619876550894558,,16,0,
1368840,1987656,1619876560894558,,16,0,
1368840,1987657,1619876570894558,,16,0,
1368840,1987659,1619876590894558,,16,0,
1368840,1987660,1619876600894558,,16,0,
1368840,1987661,1619876610894558,,16,0,
1368840,1994775,1619947750894558,,16,0,
1368840,1994776,1619947760894558,,16,0,
1368840,1994777,1619947770894558,,16,0,
1368840,1987654,1719876540894558,,17,0,
1368840,1987655,1719876550894558,,17,0,
1368840,1987656,1719876560894558,,17,0,
1368840,1987657,1719876570894558,,17,0,
1368840,1987659,1719876590894558,,17,0,
1368840,1987660,1719876600894558,,17,0,
1368840,1987661,1719876610894558,,17,0,
1368840,1994775,1719947750894558,,17,0,
1368840,1994776,1719947760894558,,17,0,
1368840,1994777,1719947770894558,,17,0,
1368840,1987654,1819876540894558,,18,0,
1368840,1987655,1819876550894558,,18,0,
1368840,1987656,1819876560894558,,18,0,
1368840,1987657,1819876570894558,,18,0,
1368840,1987659,1819876590894558,,18,0,
1368840,1987660,1819876600894558,,18,0,
1368840,1987661,1819876610894558,,18,0,
1368840,1994775,1819947750894558,,18,0,
1368840,1994776,1819947760894558,,18,0,
1368840,1994777,1819947770894558,,18,0,
1368840,1987654,1919876540894558,,19,0,
1368840,1987655,1919876550894558,,19,0,
1368840,1987656,1919876560894558,,19,0,
1368840,1987657,1919876570894558,,19,0,
1368840,1987659,1919876590894558,,19,0,
1368840,1987660,1919876600894558,,19,0,
1368840,1987661,1919876610894558,,19,0,
1368840,1994775,1919947750894558,,19,0,
1368840,1994776,1919947760894558,,19,0,
1368840,1994777,1919947770894558,,19,0,
1368840,1987654,2019876540894558,,20,0,
1368840,1987655,2019876550894558,,20,0,
1368840,1987656,2019876560894558,,20,0,
1368840,1987657,2019876570894558,,20,0,
1368840,1987659,2019876590894558,,20,0,
1368840,1987660,2019876600894558,,20,0,
1368840,1987661,2019876610894558,,20,0,
1368840,1994775,2019947750894558,,20,0,
1368840,1994776,2019947760894558,,20,0,
1368840,1994777,2019947770894558,,20,0,
1368840,1987654,2119876540894558,,21,0,
1368840,1987655,2119876550894558,,21,0,
1368840,1987656,2119876560894558,,21,0,
1368840,1987657,2119876570894558,,21,0,
1368840,1987659,2119876590894558,,21,0,
1368840,1987660,2119876600894558,,21,0,
1368840,1987661,2119876610894558,,21,0,
1368840,1994775,2119947750894558,,21,0,
1368840,1994776,2119947760894558,,21,0,
1368840,1994777,2119947770894558,,21,0,
1368840,1987654,219876540894558,,2,0,
1368840,1987655,219876550894558,,2,0,
1368840,1987656,219876560894558,,2,0,
1368840,1987657,219876570894558,,2,0,
1368840,1987659,219876590894558,,2,0,
1368840,1987660,219876600894558,,2,0,
1368840,1987661,219876610894558,,2,0,
1368840,1994775,219947750894558,,2,0,
1368840,1994776,219947760894558,,2,0,
1368840,1994777,219947770894558,,2,0,
1368840,1987654,2219876540894558,,22,0,
1368840,1987655,2219876550894558,,22,0,
1368840,1987656,2219876560894558,,22,0,
1368840,1987657,2219876570894558,,22,0,
1368840,1987659,2219876590894558,,22,0,
1368840,1987660,2219876600894558,,22,0,
1368840,1987661,2219876610894558,,22,0,
1368840,1994775,2219947750894558,,22,0,
1368840,1994776,2219947760894558,,22,0,
1368840,1994777,2219947770894558,,22,0,
1368840,1987654,2319876540894558,,23,0,
1368840,1987655,2319876550894558,,23,0,
1368840,1987656,2319876560894558,,23,0,
1368840,1987657,2319876570894558,,23,0,
1368840,1987659,2319876590894558,,23,0,
1368840,1987660,2319876600894558,,23,0,
1368840,1987661,2319876610894558,,23,0,
1368840,1994775,2319947750894558,,23,0,
1368840,1994776,2319947760894558,,23,0,
1368840,1994777,2319947770894558,,23,0,
1368840,1987654,2419876540894558,,24,0,
1368840,1987655,2419876550894558,,24,0,
1368840,1987656,2419876560894558,,24,0,
1368840,1987657,2419876570894558,,24,0,
1368840,1987659,2419876590894558,,24,0,
1368840,1987660,2419876600894558,,24,0,
1368840,1987661,2419876610894558,,24,0,
1368840,1994775,2419947750894558,,24,0,
1368840,1994776,2419947760894558,,24,0,
1368840,1994777,2419947770894558,,24,0,
1368840,1987654,2519876540894558,,25,0,
1368840,1987655,2519876550894558,,25,0,
1368840,1987656,2519876560894558,,25,0,
1368840,1987657,2519876570894558,,25,0,
1368840,1987659,2519876590894558,,25,0,
1368840,1987660,2519876600894558,,25,0,
1368840,1987661,2519876610894558,,25,0,
1368840,1994775,2519947750894558,,25,0,
1368840,1994776,2519947760894558,,25,0,
1368840,1994777,2519947770894558,,25,0,
1368840,1987654,2619876540894558,,26,0,
1368840,1987655,2619876550894558,,26,0,
1368840,1987656,2619876560894558,,26,0,
1368840,1987657,2619876570894558,,26,0,
1368840,1987659,2619876590894558,,26,0,
1368840,1987660,2619876600894558,,26,0,
1368840,1987661,2619876610894558,,26,0,
1368840,1994775,2619947750894558,,26,0,
1368840,1994776,2619947760894558,,26,0,
1368840,1994777,2619947770894558,,26,0,
1368840,1987654,2719876540894558,,27,0,
1368840,1987655,2719876550894558,,27,0,
1368840,1987656,2719876560894558,,27,0,
1368840,1987657,2719876570894558,,27,0,
1368840,1987659,2719876590894558,,27,0,
1368840,1987660,2719876600894558,,27,0,
1368840,1987661,2719876610894558,,27,0,
1368840,1994775,2719947750894558,,27,0,
1368840,1994776,2719947760894558,,27,0,
1368840,1994777,2719947770894558,,27,0,
1368840,1987654,2819876540894558,,28,0,
1368840,1987655,2819876550894558,,28,0,
1368840,1987656,2819876560894558,,28,0,
1368840,1987657,2819876570894558,,28,0,
1368840,1987659,2819876590894558,,28,0,
1368840,1987660,2819876600894558,,28,0,
1368840,1987661,2819876610894558,,28,0,
1368840,1994775,2819947750894558,,28,0,
1368840,1994776,2819947760894558,,28,0,
1368840,1994777,2819947770894558,,28,0,
1368840,1987654,2919876540894558,,29,0,
1368840,1987655,2919876550894558,,29,0,
1368840,1987656,2919876560894558,,29,0,
1368840,1987657,2919876570894558,,29,0,
1368840,1987659,2919876590894558,,29,0,
1368840,1987660,2919876600894558,,29,0,
1368840,1987661,2919876610894558,,29,0,
1368840,1994775,2919947750894558,,29,0,
1368840,1994776,2919947760894558,,29,0,
1368840,1994777,2919947770894558,,29,0,
1368840,1987654,3019876540894558,,30,0,
1368840,1987655,3019876550894558,,30,0,
1368840,1987656,3019876560894558,,30,0,
1368840,1987657,3019876570894558,,30,0,
1368840,1987659,3019876590894558,,30,0,
1368840,1987660,3019876600894558,,30,0,
1368840,1987661,3019876610894558,,30,0,
1368840,1994775,3019947750894558,,30,0,
1368840,1994776,3019947760894558,,30,0,
1368840,1994777,3019947770894558,,30,0,
1368840,1987654,3119876540894558,,31,0,
1368840,1987655,3119876550894558,,31,0,
1368840,1987656,3119876560894558,,31,0,
1368840,1987657,3119876570894558,,31,0,
1368840,1987659,3119876590894558,,31,0,
1368840,1987660,3119876600894558,,31,0,
1368840,1987661,3119876610894558,,31,0,
1368840,1994775,3119947750894558,,31,0,
1368840,1994776,3119947760894558,,31,0,
1368840,1994777,3119947770894558,,31,0,
1368840,1987654,319876540894558,,3,0,
1368840,1987655,319876550894558,,3,0,
1368840,1987656,319876560894558,,3,0,
1368840,1987657,319876570894558,,3,0,
1368840,1987659,319876590894558,,3,0,
1368840,1987660,319876600894558,,3,0,
1368840,1987661,319876610894558,,3,0,
1368840,1994775,319947750894558,,3,0,
1368840,1994776,319947760894558,,3,0,
1368840,1994777,319947770894558,,3,0,
1368840,1987654,3219876540894558,,32,0,
1368840,1987655,3219876550894558,,32,0,
1368840,1987656,3219876560894558,,32,0,
1368840,1987657,3219876570894558,,32,0,
1368840,1987659,3219876590894558,,32,0,
1368840,1987660,3219876600894558,,32,0,
1368840,1987661,3219876610894558,,32,0,
1368840,1994775,3219947750894558,,32,0,
1368840,1994776,3219947760894558,,32,0,
1368840,1994777,3219947770894558,,32,0,
1368840,1987654,3319876540894558,,33,0,
1368840,1987655,3319876550894558,,33,0,
1368840,1987656,3319876560894558,,33,0,
1368840,1987657,3319876570894558,,33,0,
1368840,1987659,3319876590894558,,33,0,
1368840,1987660,3319876600894558,,33,0,
1368840,1987661,3319876610894558,,33,0,
1368840,1994775,3319947750894558,,33,0,
1368840,1994776,3319947760894558,,33,0,
1368840,1994777,3319947770894558,,33,0,
1368840,1987654,3419876540894558,,34,0,
1368840,1987655,3419876550894558,,34,0,
1368840,1987656,3419876560894558,,34,0,
1368840,1987657,3419876570894558,,34,0,
1368840,1987659,3419876590894558,,34,0,
1368840,1987660,3419876600894558,,34,0,
1368840,1987661,3419876610894558,,34,0,
1368840,1994775,3419947750894558,,34,0,
1368840,1994776,3419947760894558,,34,0,
1368840,1994777,3419947770894558,,34,0,
1368840,1987654,3519876540894558,,35,0,
1368840,1987655,3519876550894558,,35,0,
1368840,1987656,3519876560894558,,35,0,
1368840,1987657,3519876570894558,,35,0,
1368840,1987659,3519876590894558,,35,0,
1368840,1987660,3519876600894558,,35,0,
1368840,1987661,3519876610894558,,35,0,
1368840,1994775,3519947750894558,,35,0,
1368840,1994776,3519947760894558,,35,0,
1368840,1994777,3519947770894558,,35,0,
1368840,1987654,3619876540894558,,36,0,
1368840,1987655,3619876550894558,,36,0,
1368840,1987656,3619876560894558,,36,0,
1368840,1987657,3619876570894558,,36,0,
1368840,1987659,3619876590894558,,36,0,
1368840,1987660,3619876600894558,,36,0,
1368840,1987661,3619876610894558,,36,0,
1368840,1994775,3619947750894558,,36,0,
1368840,1994776,3619947760894558,,36,0,
1368840,1994777,3619947770894558,,36,0,
1368840,1987654,3719876540894558,,37,0,
1368840,1987655,3719876550894558,,37,0,
1368840,1987656,3719876560894558,,37,0,
1368840,1987657,3719876570894558,,37,0,
1368840,1987659,3719876590894558,,37,0,
1368840,1987660,3719876600894558,,37,0,
1368840,1987661,3719876610894558,,37,0,
1368840,1994775,3719947750894558,,37,0,
1368840,1994776,3719947760894558,,37,0,
1368840,1994777,3719947770894558,,37,0,
1368840,1987654,3819876540894558,,38,0,
1368840,1987655,3819876550894558,,38,0,
1368840,1987656,3819876560894558,,38,0,
1368840,1987657,3819876570894558,,38,0,
1368840,1987659,3819876590894558,,38,0,
1368840,1987660,3819876600894558,,38,0,
1368840,1987661,3819876610894558,,38,0,
1368840,1994775,3819947750894558,,38,0,
1368840,1994776,3819947760894558,,38,0,
1368840,1994777,3819947770894558,,38,0,
1368840,1987654,3919876540894558,,39,0,
1368840,1987655,3919876550894558,,39,0,
1368840,1987656,3919876560894558,,39,0,
1368840,1987657,3919876570894558,,39,0,
1368840,1987659,3919876590894558,,39,0,
1368840,1987660,3919876600894558,,39,0,
1368840,1987661,3919876610894558,,39,0,
1368840,1994775,3919947750894558,,39,0,
1368840,1994776,3919947760894558,,39,0,
1368840,1994777,3919947770894558,,39,0,
1368840,1987654,4019876540894558,,40,0,
1368840,1987655,4019876550894558,,40,0,
1368840,1987656,4019876560894558,,40,0,
1368840,1987657,4019876570894558,,40,0,
1368840,1987659,4019876590894558,,40,0,
1368840,1987660,4019876600894558,,40,0,
1368840,1987661,4019876610894558,,40,0,
1368840,1994775,4019947750894558,,40,0,
1368840,1994776,4019947760894558,,40,0,
1368840,1994777,4019947770894558,,40,0,
1368840,1987654,4119876540894558,,41,0,
1368840,1987655,4119876550894558,,41,0,
1368840,1987656,4119876560894558,,41,0,
1368840,1987657,4119876570894558,,41,0,
1368840,1987659,4119876590894558,,41,0,
1368840,1987660,4119876600894558,,41,0,
1368840,1987661,4119876610894558,,41,0,
1368840,1994775,4119947750894558,,41,0,
1368840,1994776,4119947760894558,,41,0,
1368840,1994777,4119947770894558,,41,0,
1368840,1987654,419876540894558,,4,0,
1368840,1987655,419876550894558,,4,0,
1368840,1987656,419876560894558,,4,0,
1368840,1987657,419876570894558,,4,0,
1368840,1987659,419876590894558,,4,0,
1368840,1987660,419876600894558,,4,0,
1368840,1987661,419876610894558,,4,0,
1368840,1994775,419947750894558,,4,0,
1368840,1994776,419947760894558,,4,0,
1368840,1994777,419947770894558,,4,0,
1368840,1987654,4219876540894558,,42,0,
1368840,1987655,4219876550894558,,42,0,
1368840,1987656,4219876560894558,,42,0,
1368840,1987657,4219876570894558,,42,0,
1368840,1987659,4219876590894558,,42,0,
1368840,1987660,4219876600894558,,42,0,
1368840,1987661,4219876610894558,,42,0,
1368840,1994775,4219947750894558,,42,0,
1368840,1994776,4219947760894558,,42,0,
1368840,1994777,4219947770894558,,42,0,
1368840,1987654,4319876540894558,,43,0,
1368840,1987655,4319876550894558,,43,0,
1368840,1987656,4319876560894558,,43,0,
1368840,1987657,4319876570894558,,43,0,
1368840,1987659,4319876590894558,,43,0,
1368840,1987660,4319876600894558,,43,0,
1368840,1987661,4319876610894558,,43,0,
1368840,1994775,4319947750894558,,43,0,
1368840,1994776,4319947760894558,,43,0,
1368840,1994777,4319947770894558,,43,0,
1368840,1987654,4419876540894558,,44,0,
1368840,1987655,4419876550894558,,44,0,
1368840,1987656,4419876560894558,,44,0,
1368840,1987657,4419876570894558,,44,0,
1368840,1987659,4419876590894558,,44,0,
1368840,1987660,4419876600894558,,44,0,
1368840,1987661,4419876610894558,,44,0,
1368840,1994775,4419947750894558,,44,0,
1368840,1994776,4419947760894558,,44,0,
1368840,1994777,4419947770894558,,44,0,
1368840,1987654,4519876540894558,,45,0,
1368840,1987655,4519876550894558,,45,0,
1368840,1987656,4519876560894558,,45,0,
1368840,1987657,4519876570894558,,45,0,
1368840,1987659,4519876590894558,,45,0,
1368840,1987660,4519876600894558,,45,0,
1368840,1987661,4519876610894558,,45,0,
1368840,1994775,4519947750894558,,45,0,
1368840,1994776,4519947760894558,,45,0,
1368840,1994777,4519947770894558,,45,0,
1368840,1987654,4619876540894558,,46,0,
1368840,1987655,4619876550894558,,46,0,
1368840,1987656,4619876560894558,,46,0,
1368840,1987657,4619876570894558,,46,0,
1368840,1987659,4619876590894558,,46,0,
1368840,1987660,4619876600894558,,46,0,
1368840,1987661,4619876610894558,,46,0,
1368840,1994775,4619947750894558,,46,0,
1368840,1994776,4619947760894558,,46,0,
1368840,1994777,4619947770894558,,46,0,
1368840,1987654,4719876540894558,,47,0,
1368840,1987655,4719876550894558,,47,0,
1368840,1987656,4719876560894558,,47,0,
1368840,1987657,4719876570894558,,47,0,
1368840,1987659,4719876590894558,,47,0,
1368840,1987660,4719876600894558,,47,0,
1368840,1987661,4719876610894558,,47,0,
1368840,1994775,4719947750894558,,47,0,
1368840,1994776,4719947760894558,,47,0,
1368840,1994777,4719947770894558,,47,0,
1368840,1987654,4819876540894558,,48,0,
1368840,1987655,4819876550894558,,48,0,
1368840,1987656,4819876560894558,,48,0,
1368840,1987657,4819876570894558,,48,0,
1368840,1987659,4819876590894558,,48,0,
1368840,1987660,4819876600894558,,48,0,
1368840,1987661,4819876610894558,,48,0,
1368840,1994775,4819947750894558,,48,0,
1368840,1994776,4819947760894558,,48,0,
1368840,1994777,4819947770894558,,48,0,
1368840,1987654,4919876540894558,,49,0,
1368840,1987655,4919876550894558,,49,0,
1368840,1987656,4919876560894558,,49,0,
1368840,1987657,4919876570894558,,49,0,
1368840,1987659,4919876590894558,,49,0,
1368840,1987660,4919876600894558,,49,0,
1368840,1987661,4919876610894558,,49,0,
1368840,1994775,4919947750894558,,49,0,
1368840,1994776,4919947760894558,,49,0,
1368840,1994777,4919947770894558,,49,0,
1368840,1987654,5019876540894558,,50,0,
1368840,1987655,5019876550894558,,50,0,
1368840,1987656,5019876560894558,,50,0,
1368840,1987657,5019876570894558,,50,0,
1368840,1987659,5019876590894558,,50,0,
1368840,1987660,5019876600894558,,50,0,
1368840,1987661,5019876610894558,,50,0,
1368840,1994775,5019947750894558,,50,0,
1368840,1994776,5019947760894558,,50,0,
1368840,1994777,5019947770894558,,50,0,
1368840,1987654,5119876540894558,,51,0,
1368840,1987655,5119876550894558,,51,0,
1368840,1987656,5119876560894558,,51,0,
1368840,1987657,5119876570894558,,51,0,
1368840,1987659,5119876590894558,,51,0,
1368840,1987660,5119876600894558,,51,0,
1368840,1987661,5119876610894558,,51,0,
1368840,1994775,5119947750894558,,51,0,
1368840,1994776,5119947760894558,,51,0,
1368840,1994777,5119947770894558,,51,0,
1368840,1987654,519876540894558,,5,0,
1368840,1987655,519876550894558,,5,0,
1368840,1987656,519876560894558,,5,0,
1368840,1987657,519876570894558,,5,0,
1368840,1987659,519876590894558,,5,0,
1368840,1987660,519876600894558,,5,0,
1368840,1987661,519876610894558,,5,0,
1368840,1994775,519947750894558,,5,0,
1368840,1994776,519947760894558,,5,0,
1368840,1994777,519947770894558,,5,0,
1368840,1987654,5219876540894558,,52,0,
1368840,1987655,5219876550894558,,52,0,
1368840,1987656,5219876560894558,,52,0,
1368840,1987657,5219876570894558,,52,0,
1368840,1987659,5219876590894558,,52,0,
1368840,1987660,5219876600894558,,52,0,
1368840,1987661,5219876610894558,,52,0,
1368840,1994775,5219947750894558,,52,0,
1368840,1994776,5219947760894558,,52,0,
1368840,1994777,5219947770894558,,52,0,
1368840,1987654,5319876540894558,,53,0,
1368840,1987655,5319876550894558,,53,0,
1368840,1987656,5319876560894558,,53,0,
1368840,1987657,5319876570894558,,53,0,
1368840,1987659,5319876590894558,,53,0,
1368840,1987660,5319876600894558,,53,0,
1368840,1987661,5319876610894558,,53,0,
1368840,1994775,5319947750894558,,53,0,
1368840,1994776,5319947760894558,,53,0,
1368840,1994777,5319947770894558,,53,0,
1368840,1987654,5419876540894558,,54,0,
1368840,1987655,5419876550894558,,54,0,
1368840,1987656,5419876560894558,,54,0,
1368840,1987657,5419876570894558,,54,0,
1368840,1987659,5419876590894558,,54,0,
1368840,1987660,5419876600894558,,54,0,
1368840,1987661,5419876610894558,,54,0,
1368840,1994775,5419947750894558,,54,0,
1368840,1994776,5419947760894558,,54,0,
1368840,1994777,5419947770894558,,54,0,
1368840,1987654,5519876540894558,,55,0,
1368840,1987655,5519876550894558,,55,0,
1368840,1987656,5519876560894558,,55,0,
1368840,1987657,5519876570894558,,55,0,
1368840,1987659,5519876590894558,,55,0,
1368840,1987660,5519876600894558,,55,0,
1368840,1987661,5519876610894558,,55,0,
1368840,1994775,5519947750894558,,55,0,
1368840,1994776,5519947760894558,,55,0,
1368840,1994777,5519947770894558,,55,0,
1368840,1987654,5619876540894558,,56,0,
1368840,1987655,5619876550894558,,56,0,
1368840,1987656,5619876560894558,,56,0,
1368840,1987657,5619876570894558,,56,0,
1368840,1987659,5619876590894558,,56,0,
1368840,1987660,5619876600894558,,56,0,
1368840,1987661,5619876610894558,,56,0,
1368840,1994775,5619947750894558,,56,0,
1368840,1994776,5619947760894558,,56,0,
1368840,1994777,5619947770894558,,56,0,
1368840,1987654,5719876540894558,,57,0,
1368840,1987655,5719876550894558,,57,0,
1368840,1987656,5719876560894558,,57,0,
1368840,1987657,5719876570894558,,57,0,
1368840,1987659,5719876590894558,,57,0,
1368840,1987660,5719876600894558,,57,0,
1368840,1987661,5719876610894558,,57,0,
1368840,1994775,5719947750894558,,57,0,
1368840,1994776,5719947760894558,,57,0,
1368840,1994777,5719947770894558,,57,0,
1368840,1987654,5819876540894558,,58,0,
1368840,1987655,5819876550894558,,58,0,
1368840,1987656,5819876560894558,,58,0,
1368840,1987657,5819876570894558,,58,0,
1368840,1987659,5819876590894558,,58,0,
1368840,1987660,5819876600894558,,58,0,
1368840,1987661,5819876610894558,,58,0,
1368840,1994775,5819947750894558,,58,0,
1368840,1994776,5819947760894558,,58,0,
1368840,1994777,5819947770894558,,58,0,
1368840,1987654,5919876540894558,,59,0,
1368840,1987655,5919876550894558,,59,0,
1368840,1987656,5919876560894558,,59,0,
1368840,1987657,5919876570894558,,59,0,
1368840,1987659,5919876590894558,,59,0,
1368840,1987660,5919876600894558,,59,0,
1368840,1987661,5919876610894558,,59,0,
1368840,1994775,5919947750894558,,59,0,
1368840,1994776,5919947760894558,,59,0,
1368840,1994777,5919947770894558,,59,0,
1368840,1987654,6019876540894558,,60,0,
1368840,1987655,6019876550894558,,60,0,
1368840,1987656,6019876560894558,,60,0,
1368840,1987657,6019876570894558,,60,0,
1368840,1987659,6019876590894558,,60,0,
1368840,1987660,6019876600894558,,60,0,
1368840,1987661,6019876610894558,,60,0,
1368840,1994775,6019947750894558,,60,0,
1368840,1994776,6019947760894558,,60,0,
1368840,1994777,6019947770894558,,60,0,
1368840,1987654,6119876540894558,,61,0,
1368840,1987655,6119876550894558,,61,0,
1368840,1987656,6119876560894558,,61,0,
1368840,1987657,6119876570894558,,61,0,
1368840,1987659,6119876590894558,,61,0,
1368840,1987660,6119876600894558,,61,0,
1368840,1987661,6119876610894558,,61,0,
1368840,1994775,6119947750894558,,61,0,
1368840,1994776,6119947760894558,,61,0,
1368840,1994777,6119947770894558,,61,0,
1368840,1987654,619876540894558,,6,0,
1368840,1987655,619876550894558,,6,0,
1368840,1987656,619876560894558,,6,0,
1368840,1987657,619876570894558,,6,0,
1368840,1987659,619876590894558,,6,0,
1368840,1987660,619876600894558,,6,0,
1368840,1987661,619876610894558,,6,0,
1368840,1994775,619947750894558,,6,0,
1368840,1994776,619947760894558,,6,0,
1368840,1994777,619947770894558,,6,0,
1368840,1987654,6219876540894558,,62,0,
1368840,1987655,6219876550894558,,62,0,
1368840,1987656,6219876560894558,,62,0,
1368840,1987657,6219876570894558,,62,0,
1368840,1987659,6219876590894558,,62,0,
1368840,1987660,6219876600894558,,62,0,
1368840,1987661,6219876610894558,,62,0,
1368840,1994775,6219947750894558,,62,0,
1368840,1994776,6219947760894558,,62,0,
1368840,1994777,6219947770894558,,62,0,
1368840,1987654,6319876540894558,,63,0,
1368840,11987655,6319876550894558,,63,0,
1368840,1987656,6319876560894558,,63,0,
1368840,1987657,6319876570894558,,63,0,
1368840,1987659,6319876590894558,,63,0,
1368840,1987660,6319876600894558,,63,0,
1368840,1987661,6319876610894558,,63,0,
1368840,1994775,6319947750894558,,63,0,
1368840,1994776,6319947760894558,,63,0,
1368840,1994777,6319947770894558,,63,0,
1368840,1987654,6419876540894558,,64,0,
1368840,11987655,6419876550894558,,64,0,
1368840,1987656,6419876560894558,,64,0,
1368840,1987657,6419876570894558,,64,0,
1368840,1987659,6419876590894558,,64,0,
1368840,1987660,6419876600894558,,64,0,
1368840,1987661,6419876610894558,,64,0,
1368840,1994775,6419947750894558,,64,0,
1368840,1994776,6419947760894558,,64,0,
1368840,1994777,6419947770894558,,64,0,
1368840,11987654,6519876540894558,,65,0,
1368840,1987656,6519876560894558,,65,0,
1368840,1987657,6519876570894558,,65,0,
1368840,1987659,6519876590894558,,65,0,
1368840,1987660,6519876600894558,,65,0,
1368840,1987661,6519876610894558,,65,0,
1368840,1994775,6519947750894558,,65,0,
1368840,1994776,6519947760894558,,65,0,
1368840,1994777,6519947770894558,,65,0,
1368840,11987654,6619876540894558,,66,0,
1368840,1987656,6619876560894558,,66,0,
1368840,1987657,6619876570894558,,66,0,
1368840,1987659,6619876590894558,,66,0,
1368840,1987660,6619876600894558,,66,0,
1368840,1987661,6619876610894558,,66,0,
1368840,1994775,6619947750894558,,66,0,
1368840,1994776,6619947760894558,,66,0,
1368840,1994777,6619947770894558,,66,0,
1368840,1987656,6719876560894558,,67,0,
1368840,1987657,6719876570894558,,67,0,
1368840,1987659,6719876590894558,,67,0,
1368840,1987660,6719876600894558,,67,0,
1368840,1987661,6719876610894558,,67,0,
1368840,1994775,6719947750894558,,67,0,
1368840,1994776,6719947760894558,,67,0,
1368840,1994777,6719947770894558,,67,0,
1368840,1987656,6819876560894558,,68,0,
1368840,1987657,6819876570894558,,68,0,
1368840,1987659,6819876590894558,,68,0,
1368840,1987660,6819876600894558,,68,0,
1368840,1987661,6819876610894558,,68,0,
1368840,1994775,6819947750894558,,68,0,
1368840,1994776,6819947760894558,,68,0,
1368840,1994777,6819947770894558,,68,0,
1368840,1987656,6919876560894558,,69,0,
1368840,1987657,6919876570894558,,69,0,
1368840,1987659,6919876590894558,,69,0,
1368840,1987660,6919876600894558,,69,0,
1368840,1987661,6919876610894558,,69,0,
1368840,1994775,6919947750894558,,69,0,
1368840,1994776,6919947760894558,,69,0,
1368840,1994777,6919947770894558,,69,0,
1368840,1987656,7019876560894558,,70,0,
1368840,1987657,7019876570894558,,70,0,
1368840,1987659,7019876590894558,,70,0,
1368840,1987660,7019876600894558,,70,0,
1368840,1987661,7019876610894558,,70,0,
1368840,1994775,7019947750894558,,70,0,
1368840,1994776,7019947760894558,,70,0,
1368840,1994777,7019947770894558,,70,0,
1368840,1987656,7119876560894558,,71,0,
1368840,1987657,7119876570894558,,71,0,
1368840,1987659,7119876590894558,,71,0,
1368840,1987660,7119876600894558,,71,0,
1368840,1987661,7119876610894558,,71,0,
1368840,1994775,7119947750894558,,71,0,
1368840,1994776,7119947760894558,,71,0,
1368840,1994777,7119947770894558,,71,0,
1368840,1987654,719876540894558,,7,0,
1368840,1987655,719876550894558,,7,0,
1368840,1987656,719876560894558,,7,0,
1368840,1987657,719876570894558,,7,0,
1368840,1987659,719876590894558,,7,0,
1368840,1987660,719876600894558,,7,0,
1368840,1987661,719876610894558,,7,0,
1368840,1994775,719947750894558,,7,0,
1368840,1994776,719947760894558,,7,0,
1368840,1994777,719947770894558,,7,0,
1368840,1987656,7219876560894558,,72,0,
1368840,1987657,7219876570894558,,72,0,
1368840,1987659,7219876590894558,,72,0,
1368840,1987660,7219876600894558,,72,0,
1368840,1987661,7219876610894558,,72,0,
1368840,1994775,7219947750894558,,72,0,
1368840,1994776,7219947760894558,,72,0,
1368840,1994777,7219947770894558,,72,0,
1368840,1987656,7319876560894558,,73,0,
1368840,1987657,7319876570894558,,73,0,
1368840,1987659,7319876590894558,,73,0,
1368840,1987660,7319876600894558,,73,0,
1368840,1987661,7319876610894558,,73,0,
1368840,1994775,7319947750894558,,73,0,
1368840,1994776,7319947760894558,,73,0,
1368840,1994777,7319947770894558,,73,0,
1368840,1987656,7419876560894558,,74,0,
1368840,1987657,7419876570894558,,74,0,
1368840,1987659,7419876590894558,,74,0,
1368840,1987660,7419876600894558,,74,0,
1368840,1987661,7419876610894558,,74,0,
1368840,1994775,7419947750894558,,74,0,
1368840,1994776,7419947760894558,,74,0,
1368840,1994777,7419947770894558,,74,0,
1368840,1987656,7519876560894558,,75,0,
1368840,1987657,7519876570894558,,75,0,
1368840,1987659,7519876590894558,,75,0,
1368840,1987660,7519876600894558,,75,0,
1368840,1987661,7519876610894558,,75,0,
1368840,1994775,7519947750894558,,75,0,
1368840,1994776,7519947760894558,,75,0,
1368840,1994777,7519947770894558,,75,0,
1368840,1987656,7619876560894558,,76,0,
1368840,1987657,7619876570894558,,76,0,
1368840,1987659,7619876590894558,,76,0,
1368840,1987660,7619876600894558,,76,0,
1368840,1987661,7619876610894558,,76,0,
1368840,1994775,7619947750894558,,76,0,
1368840,1994776,7619947760894558,,76,0,
1368840,1994777,7619947770894558,,76,0,
1368840,1987656,7719876560894558,,77,0,
1368840,1987657,7719876570894558,,77,0,
1368840,1987659,7719876590894558,,77,0,
1368840,1987660,7719876600894558,,77,0,
1368840,1987661,7719876610894558,,77,0,
1368840,1994775,7719947750894558,,77,0,
1368840,1994776,7719947760894558,,77,0,
1368840,1994777,7719947770894558,,77,0,
1368840,1987656,7819876560894558,,78,0,
1368840,1987657,7819876570894558,,78,0,
1368840,1987659,7819876590894558,,78,0,
1368840,1987660,7819876600894558,,78,0,
1368840,1987661,7819876610894558,,78,0,
1368840,1994775,7819947750894558,,78,0,
1368840,1994776,7819947760894558,,78,0,
1368840,1994777,7819947770894558,,78,0,
1368840,1987656,7919876560894558,,79,0,
1368840,1987657,7919876570894558,,79,0,
1368840,1987659,7919876590894558,,79,0,
1368840,1987660,7919876600894558,,79,0,
1368840,1987661,7919876610894558,,79,0,
1368840,1994775,7919947750894558,,79,0,
1368840,1994776,7919947760894558,,79,0,
1368840,1994777,7919947770894558,,79,0,
1368840,1987656,8019876560894558,,80,0,
1368840,1987657,8019876570894558,,80,0,
1368840,1987659,8019876590894558,,80,0,
1368840,1987660,8019876600894558,,80,0,
1368840,1987661,8019876610894558,,80,0,
1368840,1994775,8019947750894558,,80,0,
1368840,1994776,8019947760894558,,80,0,
1368840,1994777,8019947770894558,,80,0,
1368840,1987656,8119876560894558,,81,0,
1368840,1987657,8119876570894558,,81,0,
1368840,1987659,8119876590894558,,81,0,
1368840,1987660,8119876600894558,,81,0,
1368840,1987661,8119876610894558,,81,0,
1368840,1994775,8119947750894558,,81,0,
1368840,1994776,8119947760894558,,81,0,
1368840,1994777,8119947770894558,,81,0,
1368840,1987654,819876540894558,,8,0,
1368840,1987655,819876550894558,,8,0,
1368840,1987656,819876560894558,,8,0,
1368840,1987657,819876570894558,,8,0,
1368840,1987659,819876590894558,,8,0,
1368840,1987660,819876600894558,,8,0,
1368840,1987661,819876610894558,,8,0,
1368840,1994775,819947750894558,,8,0,
1368840,1994776,819947760894558,,8,0,
1368840,1994777,819947770894558,,8,0,
1368840,1987656,8219876560894558,,82,0,
1368840,1987657,8219876570894558,,82,0,
1368840,1987659,8219876590894558,,82,0,
1368840,1987660,8219876600894558,,82,0,
1368840,1987661,8219876610894558,,82,0,
1368840,1994775,8219947750894558,,82,0,
1368840,1994776,8219947760894558,,82,0,
1368840,1994777,8219947770894558,,82,0,
1368840,1987656,8319876560894558,,83,0,
1368840,1987657,8319876570894558,,83,0,
1368840,1987659,8319876590894558,,83,0,
1368840,1987660,8319876600894558,,83,0,
1368840,1987661,8319876610894558,,83,0,
1368840,1994775,8319947750894558,,83,0,
1368840,1994776,8319947760894558,,83,0,
1368840,1994777,8319947770894558,,83,0,
1368840,1987656,8419876560894558,,84,0,
1368840,1987657,8419876570894558,,84,0,
1368840,1987659,8419876590894558,,84,0,
1368840,1987660,8419876600894558,,84,0,
1368840,1987661,8419876610894558,,84,0,
1368840,1994775,8419947750894558,,84,0,
1368840,1994776,8419947760894558,,84,0,
1368840,1994777,8419947770894558,,84,0,
1368840,1987656,8519876560894558,,85,0,
1368840,1987657,8519876570894558,,85,0,
1368840,1987659,8519876590894558,,85,0,
1368840,1987660,8519876600894558,,85,0,
1368840,1987661,8519876610894558,,85,0,
1368840,1994775,8519947750894558,,85,0,
1368840,1994776,8519947760894558,,85,0,
1368840,1994777,8519947770894558,,85,0,
1368840,1987656,8619876560894558,,86,0,
1368840,1987657,8619876570894558,,86,0,
1368840,1987659,8619876590894558,,86,0,
1368840,1987660,8619876600894558,,86,0,
1368840,1987661,8619876610894558,,86,0,
1368840,1994775,8619947750894558,,86,0,
1368840,1994776,8619947760894558,,86,0,
1368840,1994777,8619947770894558,,86,0,
1368840,1987656,8719876560894558,,87,0,
1368840,1987657,8719876570894558,,87,0,
1368840,1987659,8719876590894558,,87,0,
1368840,1987660,8719876600894558,,87,0,
1368840,1987661,8719876610894558,,87,0,
1368840,1994775,8719947750894558,,87,0,
1368840,1994776,8719947760894558,,87,0,
1368840,1994777,8719947770894558,,87,0,
1368840,1987656,8819876560894558,,88,0,
1368840,1987657,8819876570894558,,88,0,
1368840,1987659,8819876590894558,,88,0,
1368840,1987660,8819876600894558,,88,0,
1368840,1987661,8819876610894558,,88,0,
1368840,1994775,8819947750894558,,88,0,
1368840,1994776,8819947760894558,,88,0,
1368840,1994777,8819947770894558,,88,0,
1368840,1987656,8919876560894558,,89,0,
1368840,1987657,8919876570894558,,89,0,
1368840,1987659,8919876590894558,,89,0,
1368840,1987660,8919876600894558,,89,0,
1368840,1987661,8919876610894558,,89,0,
1368840,1994775,8919947750894558,,89,0,
1368840,1994776,8919947760894558,,89,0,
1368840,1994777,8919947770894558,,89,0,
1368840,1987656,9019876560894558,,90,0,
1368840,1987657,9019876570894558,,90,0,
1368840,1987659,9019876590894558,,90,0,
1368840,1987660,9019876600894558,,90,0,
1368840,1987661,9019876610894558,,90,0,
1368840,1994775,9019947750894558,,90,0,
1368840,1994776,9019947760894558,,90,0,
1368840,1994777,9019947770894558,,90,0,
1368840,1987656,9119876560894558,,91,0,
1368840,1987657,9119876570894558,,91,0,
1368840,1987659,9119876590894558,,91,0,
1368840,1987660,9119876600894558,,91,0,
1368840,1987661,9119876610894558,,91,0,
1368840,11994775,9119947750894558,,91,0,
1368840,1994776,9119947760894558,,91,0,
1368840,11994777,9119947770894558,,91,0,
1368840,1987654,919876540894558,,9,0,
1368840,1987655,919876550894558,,9,0,
1368840,1987656,919876560894558,,9,0,
1368840,1987657,919876570894558,,9,0,
1368840,1987659,919876590894558,,9,0,
1368840,1987660,919876600894558,,9,0,
1368840,1987661,919876610894558,,9,0,
1368840,1994775,919947750894558,,9,0,
1368840,1994776,919947760894558,,9,0,
1368840,1994777,919947770894558,,9,0,
1368840,1987656,9219876560894558,,92,0,
1368840,1987657,9219876570894558,,92,0,
1368840,1987659,9219876590894558,,92,0,
1368840,1987660,9219876600894558,,92,0,
1368840,11987661,9219876610894558,,92,0,
1368840,11994775,9219947750894558,,92,0,
1368840,1994776,9219947760894558,,92,0,
1368840,11994777,9219947770894558,,92,0,
1368840,1987656,9319876560894558,,93,0,
1368840,1987657,9319876570894558,,93,0,
1368840,1987659,9319876590894558,,93,0,
1368840,11987660,9319876600894558,,93,0,
1368840,11987661,9319876610894558,,93,0,
1368840,1994776,9319947760894558,,93,0,
1368840,1987656,9419876560894558,,94,0,
1368840,1987657,9419876570894558,,94,0,
1368840,1987659,9419876590894558,,94,0,
1368840,11987660,9419876600894558,,94,0,
1368840,1994776,9419947760894558,,94,0,
1368840,1987656,9519876560894558,,95,0,
1368840,11987657,9519876570894558,,95,0,
1368840,11987659,9519876590894558,,95,0,
1368840,1994776,9519947760894558,,95,0,
1368840,1987656,9619876560894558,,96,0,
1368840,11987657,9619876570894558,,96,0,
1368840,11987659,9619876590894558,,96,0,
1368840,1994776,9619947760894558,,96,0,
1368840,1987656,9719876560894558,,97,0,
1368840,11994776,9719947760894558,,97,0,
1368840,1987656,9819876560894558,,98,0,
1368840,11994776,9819947760894558,,98,0,
1368840,1987656,9919876560894558,,99,0,
1368840,1994776,1019947760894559,,10,0,
1368840,1987654,119876540894559,,1,0,
1368840,1987655,119876550894559,,1,0,
1368840,1987656,119876560894559,,1,0,
1368840,1987657,119876570894559,,1,0,
1368840,1987659,119876590894559,,1,0,
1368840,1987660,119876600894559,,1,0,
1368840,1987661,119876610894559,,1,0,
1368840,1994775,119947750894559,,1,0,
1368840,1994776,119947760894559,,1,0,
1368840,1994777,119947770894559,,1,0,
1368840,1987654,219876540894559,,2,0,
1368840,1987655,219876550894559,,2,0,
1368840,1987656,219876560894559,,2,0,
1368840,1987657,219876570894559,,2,0,
1368840,1987659,219876590894559,,2,0,
1368840,1987660,219876600894559,,2,0,
1368840,1987661,219876610894559,,2,0,
1368840,1994775,219947750894559,,2,0,
1368840,1994776,219947760894559,,2,0,
1368840,1994777,219947770894559,,2,0,
1368840,1987654,319876540894559,,3,0,
1368840,1987655,319876550894559,,3,0,
1368840,1987656,319876560894559,,3,0,
1368840,1987657,319876570894559,,3,0,
1368840,1987659,319876590894559,,3,0,
1368840,1987660,319876600894559,,3,0,
1368840,1987661,319876610894559,,3,0,
1368840,1994775,319947750894559,,3,0,
1368840,1994776,319947760894559,,3,0,
1368840,1994777,319947770894559,,3,0,
1368840,1987656,419876560894559,,4,0,
1368840,1987657,419876570894559,,4,0,
1368840,1987659,419876590894559,,4,0,
1368840,1987660,419876600894559,,4,0,
1368840,1987661,419876610894559,,4,0,
1368840,1994775,419947750894559,,4,0,
1368840,1994776,419947760894559,,4,0,
1368840,1994777,419947770894559,,4,0,
1368840,1987656,519876560894559,,5,0,
1368840,1987657,519876570894559,,5,0,
1368840,1987659,519876590894559,,5,0,
1368840,1987660,519876600894559,,5,0,
1368840,1987661,519876610894559,,5,0,
1368840,1994775,519947750894559,,5,0,
1368840,1994776,519947760894559,,5,0,
1368840,1994777,519947770894559,,5,0,
1368840,1987656,619876560894559,,6,0,
1368840,1987657,619876570894559,,6,0,
1368840,1987659,619876590894559,,6,0,
1368840,1987660,619876600894559,,6,0,
1368840,1987661,619876610894559,,6,0,
1368840,1994775,619947750894559,,6,0,
1368840,1994776,619947760894559,,6,0,
1368840,1994777,619947770894559,,6,0,
1368840,1987656,719876560894559,,7,0,
1368840,1987657,719876570894559,,7,0,
1368840,1987659,719876590894559,,7,0,
1368840,1987660,719876600894559,,7,0,
1368840,1987661,719876610894559,,7,0,
1368840,1994775,719947750894559,,7,0,
1368840,1994776,719947760894559,,7,0,
1368840,1994777,719947770894559,,7,0,
1368840,1987656,819876560894559,,8,0,
1368840,1987659,819876590894559,,8,0,
1368840,1987660,819876600894559,,8,0,
1368840,1994775,819947750894559,,8,0,
1368840,1994776,819947760894559,,8,0,
1368840,1987656,919876560894559,,9,0,
1368840,1987659,919876590894559,,9,0,
1368840,1994776,919947760894559,,9,0,
1368840,1987654,119876540894564,,1,0,
1368840,1987655,119876550894564,,1,0,
1368840,1987656,119876560894564,,1,0,
1368840,1987659,119876590894564,,1,0,
1368840,1994775,119947750894564,,1,0,
1368840,1987661,119876610894556,,1,0,
1368841,11987656,10019876561321701,,100,1,
1368841,11987656,10119876561321701,,101,1,
1368841,1987654,1019876541321701,,10,1,
1368841,1987655,1019876551321701,,10,1,
1368841,1987656,1019876561321701,,10,1,
1368841,1987657,1019876571321701,,10,1,
1368841,1987659,1019876591321701,,10,1,
1368841,1987660,1019876601321701,,10,1,
1368841,1987661,1019876611321701,,10,1,
1368841,1994775,1019947751321701,,10,1,
1368841,1994776,1019947761321701,,10,1,
1368841,1994777,1019947771321701,,10,1,
1368841,1987654,1119876541321701,,11,1,
1368841,1987655,1119876551321701,,11,1,
1368841,1987656,1119876561321701,,11,1,
1368841,1987657,1119876571321701,,11,1,
1368841,1987659,1119876591321701,,11,1,
1368841,1987660,1119876601321701,,11,1,
1368841,1987661,1119876611321701,,11,1,
1368841,1994775,1119947751321701,,11,1,
1368841,1994776,1119947761321701,,11,1,
1368841,1994777,1119947771321701,,11,1,
1368841,1987654,119876541321701,,1,1,
1368841,1987655,119876551321701,,1,1,
1368841,1987656,119876561321701,,1,1,
1368841,1987657,119876571321701,,1,1,
1368841,1987659,119876591321701,,1,1,
1368841,1987660,119876601321701,,1,1,
1368841,1987661,119876611321701,,1,1,
1368841,1994775,119947751321701,,1,1,
1368841,1994776,119947761321701,,1,1,
1368841,1994777,119947771321701,,1,1,
1368841,1987654,1219876541321701,,12,1,
1368841,1987655,1219876551321701,,12,1,
1368841,1987656,1219876561321701,,12,1,
1368841,1987657,1219876571321701,,12,1,
1368841,1987659,1219876591321701,,12,1,
1368841,1987660,1219876601321701,,12,1,
1368841,1987661,1219876611321701,,12,1,
1368841,1994775,1219947751321701,,12,1,
1368841,1994776,1219947761321701,,12,1,
1368841,1994777,1219947771321701,,12,1,
1368841,1987654,1319876541321701,,13,1,
1368841,1987655,1319876551321701,,13,1,
1368841,1987656,1319876561321701,,13,1,
1368841,1987657,1319876571321701,,13,1,
1368841,1987659,1319876591321701,,13,1,
1368841,1987660,1319876601321701,,13,1,
1368841,1987661,1319876611321701,,13,1,
1368841,1994775,1319947751321701,,13,1,
1368841,1994776,1319947761321701,,13,1,
1368841,1994777,1319947771321701,,13,1,
1368841,1987654,1419876541321701,,14,1,
1368841,1987655,1419876551321701,,14,1,
1368841,1987656,1419876561321701,,14,1,
1368841,1987657,1419876571321701,,14,1,
1368841,1987659,1419876591321701,,14,1,
1368841,1987660,1419876601321701,,14,1,
1368841,1987661,1419876611321701,,14,1,
1368841,1994775,1419947751321701,,14,1,
1368841,1994776,1419947761321701,,14,1,
1368841,1994777,1419947771321701,,14,1,
1368841,1987654,1519876541321701,,15,1,
1368841,1987655,1519876551321701,,15,1,
1368841,1987656,1519876561321701,,15,1,
1368841,1987657,1519876571321701,,15,1,
1368841,1987659,1519876591321701,,15,1,
1368841,1987660,1519876601321701,,15,1,
1368841,1987661,1519876611321701,,15,1,
1368841,1994775,1519947751321701,,15,1,
1368841,1994776,1519947761321701,,15,1,
1368841,1994777,1519947771321701,,15,1,
1368841,1987654,1619876541321701,,16,1,
1368841,1987655,1619876551321701,,16,1,
1368841,1987656,1619876561321701,,16,1,
1368841,1987657,1619876571321701,,16,1,
1368841,1987659,1619876591321701,,16,1,
1368841,1987660,1619876601321701,,16,1,
1368841,1987661,1619876611321701,,16,1,
1368841,1994775,1619947751321701,,16,1,
1368841,1994776,1619947761321701,,16,1,
1368841,1994777,1619947771321701,,16,1,
1368841,1987654,1719876541321701,,17,1,
1368841,1987655,1719876551321701,,17,1,
1368841,1987656,1719876561321701,,17,1,
1368841,1987657,1719876571321701,,17,1,
1368841,1987659,1719876591321701,,17,1,
1368841,1987660,1719876601321701,,17,1,
1368841,1987661,1719876611321701,,17,1,
1368841,1994775,1719947751321701,,17,1,
1368841,1994776,1719947761321701,,17,1,
1368841,1994777,1719947771321701,,17,1,
1368841,1987654,1819876541321701,,18,1,
1368841,1987655,1819876551321701,,18,1,
1368841,1987656,1819876561321701,,18,1,
1368841,1987657,1819876571321701,,18,1,
1368841,1987659,1819876591321701,,18,1,
1368841,1987660,1819876601321701,,18,1,
1368841,1987661,1819876611321701,,18,1,
1368841,1994775,1819947751321701,,18,1,
1368841,1994776,1819947761321701,,18,1,
1368841,1994777,1819947771321701,,18,1,
1368841,1987654,1919876541321701,,19,1,
1368841,1987655,1919876551321701,,19,1,
1368841,1987656,1919876561321701,,19,1,
1368841,1987657,1919876571321701,,19,1,
1368841,1987659,1919876591321701,,19,1,
1368841,1987660,1919876601321701,,19,1,
1368841,1987661,1919876611321701,,19,1,
1368841,1994775,1919947751321701,,19,1,
1368841,1994776,1919947761321701,,19,1,
1368841,1994777,1919947771321701,,19,1,
1368841,1987654,2019876541321701,,20,1,
1368841,1987655,2019876551321701,,20,1,
1368841,1987656,2019876561321701,,20,1,
1368841,1987657,2019876571321701,,20,1,
1368841,1987659,2019876591321701,,20,1,
1368841,1987660,2019876601321701,,20,1,
1368841,1987661,2019876611321701,,20,1,
1368841,1994775,2019947751321701,,20,1,
1368841,1994776,2019947761321701,,20,1,
1368841,1994777,2019947771321701,,20,1,
1368841,1987654,2119876541321701,,21,1,
1368841,1987655,2119876551321701,,21,1,
1368841,1987656,2119876561321701,,21,1,
1368841,1987657,2119876571321701,,21,1,
1368841,1987659,2119876591321701,,21,1,
1368841,1987660,2119876601321701,,21,1,
1368841,1987661,2119876611321701,,21,1,
1368841,1994775,2119947751321701,,21,1,
1368841,1994776,2119947761321701,,21,1,
1368841,1994777,2119947771321701,,21,1,
1368841,1987654,219876541321701,,2,1,
1368841,1987655,219876551321701,,2,1,
1368841,1987656,219876561321701,,2,1,
1368841,1987657,219876571321701,,2,1,
1368841,1987659,219876591321701,,2,1,
1368841,1987660,219876601321701,,2,1,
1368841,1987661,219876611321701,,2,1,
1368841,1994775,219947751321701,,2,1,
1368841,1994776,219947761321701,,2,1,
1368841,1994777,219947771321701,,2,1,
1368841,1987654,2219876541321701,,22,1,
1368841,1987655,2219876551321701,,22,1,
1368841,1987656,2219876561321701,,22,1,
1368841,1987657,2219876571321701,,22,1,
1368841,1987659,2219876591321701,,22,1,
1368841,1987660,2219876601321701,,22,1,
1368841,1987661,2219876611321701,,22,1,
1368841,1994775,2219947751321701,,22,1,
1368841,1994776,2219947761321701,,22,1,
1368841,1994777,2219947771321701,,22,1,
1368841,1987654,2319876541321701,,23,1,
1368841,1987655,2319876551321701,,23,1,
1368841,1987656,2319876561321701,,23,1,
1368841,1987657,2319876571321701,,23,1,
1368841,1987659,2319876591321701,,23,1,
1368841,1987660,2319876601321701,,23,1,
1368841,1987661,2319876611321701,,23,1,
1368841,1994775,2319947751321701,,23,1,
1368841,1994776,2319947761321701,,23,1,
1368841,1994777,2319947771321701,,23,1,
1368841,1987654,2419876541321701,,24,1,
1368841,1987655,2419876551321701,,24,1,
1368841,1987656,2419876561321701,,24,1,
1368841,1987657,2419876571321701,,24,1,
1368841,1987659,2419876591321701,,24,1,
1368841,1987660,2419876601321701,,24,1,
1368841,1987661,2419876611321701,,24,1,
1368841,1994775,2419947751321701,,24,1,
1368841,1994776,2419947761321701,,24,1,
1368841,1994777,2419947771321701,,24,1,
1368841,1987654,2519876541321701,,25,1,
1368841,1987655,2519876551321701,,25,1,
1368841,1987656,2519876561321701,,25,1,
1368841,1987657,2519876571321701,,25,1,
1368841,1987659,2519876591321701,,25,1,
1368841,1987660,2519876601321701,,25,1,
1368841,1987661,2519876611321701,,25,1,
1368841,1994775,2519947751321701,,25,1,
1368841,1994776,2519947761321701,,25,1,
1368841,1994777,2519947771321701,,25,1,
1368841,1987654,2619876541321701,,26,1,
1368841,1987655,2619876551321701,,26,1,
1368841,1987656,2619876561321701,,26,1,
1368841,1987657,2619876571321701,,26,1,
1368841,1987659,2619876591321701,,26,1,
1368841,1987660,2619876601321701,,26,1,
1368841,1987661,2619876611321701,,26,1,
1368841,1994775,2619947751321701,,26,1,
1368841,1994776,2619947761321701,,26,1,
1368841,1994777,2619947771321701,,26,1,
1368841,1987654,2719876541321701,,27,1,
1368841,1987655,2719876551321701,,27,1,
1368841,1987656,2719876561321701,,27,1,
1368841,1987657,2719876571321701,,27,1,
1368841,1987659,2719876591321701,,27,1,
1368841,1987660,2719876601321701,,27,1,
1368841,1987661,2719876611321701,,27,1,
1368841,1994775,2719947751321701,,27,1,
1368841,1994776,2719947761321701,,27,1,
1368841,1994777,2719947771321701,,27,1,
1368841,1987654,2819876541321701,,28,1,
1368841,1987655,2819876551321701,,28,1,
1368841,1987656,2819876561321701,,28,1,
1368841,1987657,2819876571321701,,28,1,
1368841,1987659,2819876591321701,,28,1,
1368841,1987660,2819876601321701,,28,1,
1368841,1987661,2819876611321701,,28,1,
1368841,1994775,2819947751321701,,28,1,
1368841,1994776,2819947761321701,,28,1,
1368841,1994777,2819947771321701,,28,1,
1368841,1987654,2919876541321701,,29,1,
1368841,1987655,2919876551321701,,29,1,
1368841,1987656,2919876561321701,,29,1,
1368841,1987657,2919876571321701,,29,1,
1368841,1987659,2919876591321701,,29,1,
1368841,1987660,2919876601321701,,29,1,
1368841,1987661,2919876611321701,,29,1,
1368841,1994775,2919947751321701,,29,1,
1368841,1994776,2919947761321701,,29,1,
1368841,1994777,2919947771321701,,29,1,
1368841,1987654,3019876541321701,,30,1,
1368841,1987655,3019876551321701,,30,1,
1368841,1987656,3019876561321701,,30,1,
1368841,1987657,3019876571321701,,30,1,
1368841,1987659,3019876591321701,,30,1,
1368841,1987660,3019876601321701,,30,1,
1368841,1987661,3019876611321701,,30,1,
1368841,1994775,3019947751321701,,30,1,
1368841,1994776,3019947761321701,,30,1,
1368841,1994777,3019947771321701,,30,1,
1368841,1987654,3119876541321701,,31,1,
1368841,1987655,3119876551321701,,31,1,
1368841,1987656,3119876561321701,,31,1,
1368841,1987657,3119876571321701,,31,1,
1368841,1987659,3119876591321701,,31,1,
1368841,1987660,3119876601321701,,31,1,
1368841,1987661,3119876611321701,,31,1,
1368841,1994775,3119947751321701,,31,1,
1368841,1994776,3119947761321701,,31,1,
1368841,1994777,3119947771321701,,31,1,
1368841,1987654,319876541321701,,3,1,
1368841,1987655,319876551321701,,3,1,
1368841,1987656,319876561321701,,3,1,
1368841,1987657,319876571321701,,3,1,
1368841,1987659,319876591321701,,3,1,
1368841,1987660,319876601321701,,3,1,
1368841,1987661,319876611321701,,3,1,
1368841,1994775,319947751321701,,3,1,
1368841,1994776,319947761321701,,3,1,
1368841,1994777,319947771321701,,3,1,
1368841,1987654,3219876541321701,,32,1,
1368841,1987655,3219876551321701,,32,1,
1368841,1987656,3219876561321701,,32,1,
1368841,1987657,3219876571321701,,32,1,
1368841,1987659,3219876591321701,,32,1,
1368841,1987660,3219876601321701,,32,1,
1368841,1987661,3219876611321701,,32,1,
1368841,1994775,3219947751321701,,32,1,
1368841,1994776,3219947761321701,,32,1,
1368841,1994777,3219947771321701,,32,1,
1368841,1987654,3319876541321701,,33,1,
1368841,1987655,3319876551321701,,33,1,
1368841,1987656,3319876561321701,,33,1,
1368841,1987657,3319876571321701,,33,1,
1368841,1987659,3319876591321701,,33,1,
1368841,1987660,3319876601321701,,33,1,
1368841,1987661,3319876611321701,,33,1,
1368841,1994775,3319947751321701,,33,1,
1368841,1994776,3319947761321701,,33,1,
1368841,1994777,3319947771321701,,33,1,
1368841,1987654,3419876541321701,,34,1,
1368841,1987655,3419876551321701,,34,1,
1368841,1987656,3419876561321701,,34,1,
1368841,1987657,3419876571321701,,34,1,
1368841,1987659,3419876591321701,,34,1,
1368841,1987660,3419876601321701,,34,1,
1368841,1987661,3419876611321701,,34,1,
1368841,1994775,3419947751321701,,34,1,
1368841,1994776,3419947761321701,,34,1,
1368841,1994777,3419947771321701,,34,1,
1368841,1987654,3519876541321701,,35,1,
1368841,1987655,3519876551321701,,35,1,
1368841,1987656,3519876561321701,,35,1,
1368841,1987657,3519876571321701,,35,1,
1368841,1987659,3519876591321701,,35,1,
1368841,1987660,3519876601321701,,35,1,
1368841,1987661,3519876611321701,,35,1,
1368841,1994775,3519947751321701,,35,1,
1368841,1994776,3519947761321701,,35,1,
1368841,1994777,3519947771321701,,35,1,
1368841,1987654,3619876541321701,,36,1,
1368841,1987655,3619876551321701,,36,1,
1368841,1987656,3619876561321701,,36,1,
1368841,1987657,3619876571321701,,36,1,
1368841,1987659,3619876591321701,,36,1,
1368841,1987660,3619876601321701,,36,1,
1368841,1987661,3619876611321701,,36,1,
1368841,1994775,3619947751321701,,36,1,
1368841,1994776,3619947761321701,,36,1,
1368841,1994777,3619947771321701,,36,1,
1368841,1987654,3719876541321701,,37,1,
1368841,1987655,3719876551321701,,37,1,
1368841,1987656,3719876561321701,,37,1,
1368841,1987657,3719876571321701,,37,1,
1368841,1987659,3719876591321701,,37,1,
1368841,1987660,3719876601321701,,37,1,
1368841,1987661,3719876611321701,,37,1,
1368841,1994775,3719947751321701,,37,1,
1368841,1994776,3719947761321701,,37,1,
1368841,1994777,3719947771321701,,37,1,
1368841,1987654,3819876541321701,,38,1,
1368841,1987655,3819876551321701,,38,1,
1368841,1987656,3819876561321701,,38,1,
1368841,1987657,3819876571321701,,38,1,
1368841,1987659,3819876591321701,,38,1,
1368841,1987660,3819876601321701,,38,1,
1368841,1987661,3819876611321701,,38,1,
1368841,1994775,3819947751321701,,38,1,
1368841,1994776,3819947761321701,,38,1,
1368841,1994777,3819947771321701,,38,1,
1368841,1987654,3919876541321701,,39,1,
1368841,1987655,3919876551321701,,39,1,
1368841,1987656,3919876561321701,,39,1,
1368841,1987657,3919876571321701,,39,1,
1368841,1987659,3919876591321701,,39,1,
1368841,1987660,3919876601321701,,39,1,
1368841,1987661,3919876611321701,,39,1,
1368841,1994775,3919947751321701,,39,1,
1368841,1994776,3919947761321701,,39,1,
1368841,1994777,3919947771321701,,39,1,
1368841,1987654,4019876541321701,,40,1,
1368841,1987655,4019876551321701,,40,1,
1368841,1987656,4019876561321701,,40,1,
1368841,1987657,4019876571321701,,40,1,
1368841,1987659,4019876591321701,,40,1,
1368841,1987660,4019876601321701,,40,1,
1368841,1987661,4019876611321701,,40,1,
1368841,1994775,4019947751321701,,40,1,
1368841,1994776,4019947761321701,,40,1,
1368841,1994777,4019947771321701,,40,1,
1368841,1987654,4119876541321701,,41,1,
1368841,1987655,4119876551321701,,41,1,
1368841,1987656,4119876561321701,,41,1,
1368841,1987657,4119876571321701,,41,1,
1368841,1987659,4119876591321701,,41,1,
1368841,1987660,4119876601321701,,41,1,
1368841,1987661,4119876611321701,,41,1,
1368841,1994775,4119947751321701,,41,1,
1368841,1994776,4119947761321701,,41,1,
1368841,1994777,4119947771321701,,41,1,
1368841,1987654,419876541321701,,4,1,
1368841,1987655,419876551321701,,4,1,
1368841,1987656,419876561321701,,4,1,
1368841,1987657,419876571321701,,4,1,
1368841,1987659,419876591321701,,4,1,
1368841,1987660,419876601321701,,4,1,
1368841,1987661,419876611321701,,4,1,
1368841,1994775,419947751321701,,4,1,
1368841,1994776,419947761321701,,4,1,
1368841,1994777,419947771321701,,4,1,
1368841,1987654,4219876541321701,,42,1,
1368841,1987655,4219876551321701,,42,1,
1368841,1987656,4219876561321701,,42,1,
1368841,1987657,4219876571321701,,42,1,
1368841,1987659,4219876591321701,,42,1,
1368841,1987660,4219876601321701,,42,1,
1368841,1987661,4219876611321701,,42,1,
1368841,1994775,4219947751321701,,42,1,
1368841,1994776,4219947761321701,,42,1,
1368841,1994777,4219947771321701,,42,1,
1368841,1987654,4319876541321701,,43,1,
1368841,1987655,4319876551321701,,43,1,
1368841,1987656,4319876561321701,,43,1,
1368841,1987657,4319876571321701,,43,1,
1368841,1987659,4319876591321701,,43,1,
1368841,1987660,4319876601321701,,43,1,
1368841,1987661,4319876611321701,,43,1,
1368841,1994775,4319947751321701,,43,1,
1368841,1994776,4319947761321701,,43,1,
1368841,1994777,4319947771321701,,43,1,
1368841,1987654,4419876541321701,,44,1,
1368841,1987655,4419876551321701,,44,1,
1368841,1987656,4419876561321701,,44,1,
1368841,1987657,4419876571321701,,44,1,
1368841,1987659,4419876591321701,,44,1,
1368841,1987660,4419876601321701,,44,1,
1368841,1987661,4419876611321701,,44,1,
1368841,1994775,4419947751321701,,44,1,
1368841,1994776,4419947761321701,,44,1,
1368841,1994777,4419947771321701,,44,1,
1368841,1987654,4519876541321701,,45,1,
1368841,1987655,4519876551321701,,45,1,
1368841,1987656,4519876561321701,,45,1,
1368841,1987657,4519876571321701,,45,1,
1368841,1987659,4519876591321701,,45,1,
1368841,1987660,4519876601321701,,45,1,
1368841,1987661,4519876611321701,,45,1,
1368841,1994775,4519947751321701,,45,1,
1368841,1994776,4519947761321701,,45,1,
1368841,1994777,4519947771321701,,45,1,
1368841,1987654,4619876541321701,,46,1,
1368841,1987655,4619876551321701,,46,1,
1368841,1987656,4619876561321701,,46,1,
1368841,1987657,4619876571321701,,46,1,
1368841,1987659,4619876591321701,,46,1,
1368841,1987660,4619876601321701,,46,1,
1368841,1987661,4619876611321701,,46,1,
1368841,1994775,4619947751321701,,46,1,
1368841,1994776,4619947761321701,,46,1,
1368841,1994777,4619947771321701,,46,1,
1368841,1987654,4719876541321701,,47,1,
1368841,1987655,4719876551321701,,47,1,
1368841,1987656,4719876561321701,,47,1,
1368841,1987657,4719876571321701,,47,1,
1368841,1987659,4719876591321701,,47,1,
1368841,1987660,4719876601321701,,47,1,
1368841,1987661,4719876611321701,,47,1,
1368841,1994775,4719947751321701,,47,1,
1368841,1994776,4719947761321701,,47,1,
1368841,1994777,4719947771321701,,47,1,
1368841,1987654,4819876541321701,,48,1,
1368841,1987655,4819876551321701,,48,1,
1368841,1987656,4819876561321701,,48,1,
1368841,1987657,4819876571321701,,48,1,
1368841,1987659,4819876591321701,,48,1,
1368841,1987660,4819876601321701,,48,1,
1368841,1987661,4819876611321701,,48,1,
1368841,1994775,4819947751321701,,48,1,
1368841,1994776,4819947761321701,,48,1,
1368841,1994777,4819947771321701,,48,1,
1368841,1987654,4919876541321701,,49,1,
1368841,1987655,4919876551321701,,49,1,
1368841,1987656,4919876561321701,,49,1,
1368841,1987657,4919876571321701,,49,1,
1368841,1987659,4919876591321701,,49,1,
1368841,1987660,4919876601321701,,49,1,
1368841,1987661,4919876611321701,,49,1,
1368841,1994775,4919947751321701,,49,1,
1368841,1994776,4919947761321701,,49,1,
1368841,1994777,4919947771321701,,49,1,
1368841,1987654,5019876541321701,,50,1,
1368841,1987655,5019876551321701,,50,1,
1368841,1987656,5019876561321701,,50,1,
1368841,1987657,5019876571321701,,50,1,
1368841,1987659,5019876591321701,,50,1,
1368841,1987660,5019876601321701,,50,1,
1368841,1987661,5019876611321701,,50,1,
1368841,1994775,5019947751321701,,50,1,
1368841,1994776,5019947761321701,,50,1,
1368841,1994777,5019947771321701,,50,1,
1368841,1987654,5119876541321701,,51,1,
1368841,1987655,5119876551321701,,51,1,
1368841,1987656,5119876561321701,,51,1,
1368841,1987657,5119876571321701,,51,1,
1368841,1987659,5119876591321701,,51,1,
1368841,1987660,5119876601321701,,51,1,
1368841,1987661,5119876611321701,,51,1,
1368841,1994775,5119947751321701,,51,1,
1368841,1994776,5119947761321701,,51,1,
1368841,1994777,5119947771321701,,51,1,
1368841,1987654,519876541321701,,5,1,
1368841,1987655,519876551321701,,5,1,
1368841,1987656,519876561321701,,5,1,
1368841,1987657,519876571321701,,5,1,
1368841,1987659,519876591321701,,5,1,
1368841,1987660,519876601321701,,5,1,
1368841,1987661,519876611321701,,5,1,
1368841,1994775,519947751321701,,5,1,
1368841,1994776,519947761321701,,5,1,
1368841,1994777,519947771321701,,5,1,
1368841,1987654,5219876541321701,,52,1,
1368841,1987655,5219876551321701,,52,1,
1368841,1987656,5219876561321701,,52,1,
1368841,1987657,5219876571321701,,52,1,
1368841,1987659,5219876591321701,,52,1,
1368841,1987660,5219876601321701,,52,1,
1368841,1987661,5219876611321701,,52,1,
1368841,1994775,5219947751321701,,52,1,
1368841,1994776,5219947761321701,,52,1,
1368841,1994777,5219947771321701,,52,1,
1368841,1987654,5319876541321701,,53,1,
1368841,1987655,5319876551321701,,53,1,
1368841,1987656,5319876561321701,,53,1,
1368841,1987657,5319876571321701,,53,1,
1368841,1987659,5319876591321701,,53,1,
1368841,1987660,5319876601321701,,53,1,
1368841,1987661,5319876611321701,,53,1,
1368841,1994775,5319947751321701,,53,1,
1368841,1994776,5319947761321701,,53,1,
1368841,1994777,5319947771321701,,53,1,
1368841,1987654,5419876541321701,,54,1,
1368841,1987655,5419876551321701,,54,1,
1368841,1987656,5419876561321701,,54,1,
1368841,1987657,5419876571321701,,54,1,
1368841,1987659,5419876591321701,,54,1,
1368841,1987660,5419876601321701,,54,1,
1368841,1987661,5419876611321701,,54,1,
1368841,1994775,5419947751321701,,54,1,
1368841,1994776,5419947761321701,,54,1,
1368841,1994777,5419947771321701,,54,1,
1368841,1987654,5519876541321701,,55,1,
1368841,1987655,5519876551321701,,55,1,
1368841,1987656,5519876561321701,,55,1,
1368841,1987657,5519876571321701,,55,1,
1368841,1987659,5519876591321701,,55,1,
1368841,1987660,5519876601321701,,55,1,
1368841,1987661,5519876611321701,,55,1,
1368841,1994775,5519947751321701,,55,1,
1368841,1994776,5519947761321701,,55,1,
1368841,1994777,5519947771321701,,55,1,
1368841,1987654,5619876541321701,,56,1,
1368841,1987655,5619876551321701,,56,1,
1368841,1987656,5619876561321701,,56,1,
1368841,1987657,5619876571321701,,56,1,
1368841,1987659,5619876591321701,,56,1,
1368841,1987660,5619876601321701,,56,1,
1368841,1987661,5619876611321701,,56,1,
1368841,1994775,5619947751321701,,56,1,
1368841,1994776,5619947761321701,,56,1,
1368841,1994777,5619947771321701,,56,1,
1368841,1987654,5719876541321701,,57,1,
1368841,1987655,5719876551321701,,57,1,
1368841,1987656,5719876561321701,,57,1,
1368841,1987657,5719876571321701,,57,1,
1368841,1987659,5719876591321701,,57,1,
1368841,1987660,5719876601321701,,57,1,
1368841,1987661,5719876611321701,,57,1,
1368841,1994775,5719947751321701,,57,1,
1368841,1994776,5719947761321701,,57,1,
1368841,1994777,5719947771321701,,57,1,
1368841,1987654,5819876541321701,,58,1,
1368841,1987655,5819876551321701,,58,1,
1368841,1987656,5819876561321701,,58,1,
1368841,1987657,5819876571321701,,58,1,
1368841,1987659,5819876591321701,,58,1,
1368841,1987660,5819876601321701,,58,1,
1368841,1987661,5819876611321701,,58,1,
1368841,1994775,5819947751321701,,58,1,
1368841,1994776,5819947761321701,,58,1,
1368841,1994777,5819947771321701,,58,1,
1368841,1987654,5919876541321701,,59,1,
1368841,1987655,5919876551321701,,59,1,
1368841,1987656,5919876561321701,,59,1,
1368841,1987657,5919876571321701,,59,1,
1368841,1987659,5919876591321701,,59,1,
1368841,1987660,5919876601321701,,59,1,
1368841,1987661,5919876611321701,,59,1,
1368841,1994775,5919947751321701,,59,1,
1368841,1994776,5919947761321701,,59,1,
1368841,1994777,5919947771321701,,59,1,
1368841,1987654,6019876541321701,,60,1,
1368841,1987655,6019876551321701,,60,1,
1368841,1987656,6019876561321701,,60,1,
1368841,1987657,6019876571321701,,60,1,
1368841,1987659,6019876591321701,,60,1,
1368841,1987660,6019876601321701,,60,1,
1368841,1987661,6019876611321701,,60,1,
1368841,1994775,6019947751321701,,60,1,
1368841,1994776,6019947761321701,,60,1,
1368841,1994777,6019947771321701,,60,1,
1368841,1987654,6119876541321701,,61,1,
1368841,1987655,6119876551321701,,61,1,
1368841,1987656,6119876561321701,,61,1,
1368841,1987657,6119876571321701,,61,1,
1368841,1987659,6119876591321701,,61,1,
1368841,1987660,6119876601321701,,61,1,
1368841,1987661,6119876611321701,,61,1,
1368841,1994775,6119947751321701,,61,1,
1368841,1994776,6119947761321701,,61,1,
1368841,1994777,6119947771321701,,61,1,
1368841,1987654,619876541321701,,6,1,
1368841,1987655,619876551321701,,6,1,
1368841,1987656,619876561321701,,6,1,
1368841,1987657,619876571321701,,6,1,
1368841,1987659,619876591321701,,6,1,
1368841,1987660,619876601321701,,6,1,
1368841,1987661,619876611321701,,6,1,
1368841,1994775,619947751321701,,6,1,
1368841,1994776,619947761321701,,6,1,
1368841,1994777,619947771321701,,6,1,
1368841,1987654,6219876541321701,,62,1,
1368841,11987655,6219876551321701,,62,1,
1368841,1987656,6219876561321701,,62,1,
1368841,1987657,6219876571321701,,62,1,
1368841,1987659,6219876591321701,,62,1,
1368841,1987660,6219876601321701,,62,1,
1368841,1987661,6219876611321701,,62,1,
1368841,1994775,6219947751321701,,62,1,
1368841,1994776,6219947761321701,,62,1,
1368841,1994777,6219947771321701,,62,1,
1368841,1987654,6319876541321701,,63,1,
1368841,11987655,6319876551321701,,63,1,
1368841,1987656,6319876561321701,,63,1,
1368841,1987657,6319876571321701,,63,1,
1368841,1987659,6319876591321701,,63,1,
1368841,1987660,6319876601321701,,63,1,
1368841,1987661,6319876611321701,,63,1,
1368841,1994775,6319947751321701,,63,1,
1368841,1994776,6319947761321701,,63,1,
1368841,1994777,6319947771321701,,63,1,
1368841,11987654,6419876541321701,,64,1,
1368841,1987656,6419876561321701,,64,1,
1368841,1987657,6419876571321701,,64,1,
1368841,1987659,6419876591321701,,64,1,
1368841,1987660,6419876601321701,,64,1,
1368841,1987661,6419876611321701,,64,1,
1368841,1994775,6419947751321701,,64,1,
1368841,1994776,6419947761321701,,64,1,
1368841,1994777,6419947771321701,,64,1,
1368841,11987654,6519876541321701,,65,1,
1368841,1987656,6519876561321701,,65,1,
1368841,1987657,6519876571321701,,65,1,
1368841,1987659,6519876591321701,,65,1,
1368841,1987660,6519876601321701,,65,1,
1368841,1987661,6519876611321701,,65,1,
1368841,1994775,6519947751321701,,65,1,
1368841,1994776,6519947761321701,,65,1,
1368841,1994777,6519947771321701,,65,1,
1368841,1987656,6619876561321701,,66,1,
1368841,1987657,6619876571321701,,66,1,
1368841,1987659,6619876591321701,,66,1,
1368841,1987660,6619876601321701,,66,1,
1368841,1987661,6619876611321701,,66,1,
1368841,1994775,6619947751321701,,66,1,
1368841,1994776,6619947761321701,,66,1,
1368841,1994777,6619947771321701,,66,1,
1368841,1987656,6719876561321701,,67,1,
1368841,1987657,6719876571321701,,67,1,
1368841,1987659,6719876591321701,,67,1,
1368841,1987660,6719876601321701,,67,1,
1368841,1987661,6719876611321701,,67,1,
1368841,1994775,6719947751321701,,67,1,
1368841,1994776,6719947761321701,,67,1,
1368841,1994777,6719947771321701,,67,1,
1368841,1987656,6819876561321701,,68,1,
1368841,1987657,6819876571321701,,68,1,
1368841,1987659,6819876591321701,,68,1,
1368841,1987660,6819876601321701,,68,1,
1368841,1987661,6819876611321701,,68,1,
1368841,1994775,6819947751321701,,68,1,
1368841,1994776,6819947761321701,,68,1,
1368841,1994777,6819947771321701,,68,1,
1368841,1987656,6919876561321701,,69,1,
1368841,1987657,6919876571321701,,69,1,
1368841,1987659,6919876591321701,,69,1,
1368841,1987660,6919876601321701,,69,1,
1368841,1987661,6919876611321701,,69,1,
1368841,1994775,6919947751321701,,69,1,
1368841,1994776,6919947761321701,,69,1,
1368841,1994777,6919947771321701,,69,1,
1368841,1987656,7019876561321701,,70,1,
1368841,1987657,7019876571321701,,70,1,
1368841,1987659,7019876591321701,,70,1,
1368841,1987660,7019876601321701,,70,1,
1368841,1987661,7019876611321701,,70,1,
1368841,1994775,7019947751321701,,70,1,
1368841,1994776,7019947761321701,,70,1,
1368841,1994777,7019947771321701,,70,1,
1368841,1987656,7119876561321701,,71,1,
1368841,1987657,7119876571321701,,71,1,
1368841,1987659,7119876591321701,,71,1,
1368841,1987660,7119876601321701,,71,1,
1368841,1987661,7119876611321701,,71,1,
1368841,1994775,7119947751321701,,71,1,
1368841,1994776,7119947761321701,,71,1,
1368841,1994777,7119947771321701,,71,1,
1368841,1987654,719876541321701,,7,1,
1368841,1987655,719876551321701,,7,1,
1368841,1987656,719876561321701,,7,1,
1368841,1987657,719876571321701,,7,1,
1368841,1987659,719876591321701,,7,1,
1368841,1987660,719876601321701,,7,1,
1368841,1987661,719876611321701,,7,1,
1368841,1994775,719947751321701,,7,1,
1368841,1994776,719947761321701,,7,1,
1368841,1994777,719947771321701,,7,1,
1368841,1987656,7219876561321701,,72,1,
1368841,1987657,7219876571321701,,72,1,
1368841,1987659,7219876591321701,,72,1,
1368841,1987660,7219876601321701,,72,1,
1368841,1987661,7219876611321701,,72,1,
1368841,1994775,7219947751321701,,72,1,
1368841,1994776,7219947761321701,,72,1,
1368841,1994777,7219947771321701,,72,1,
1368841,1987656,7319876561321701,,73,1,
1368841,1987657,7319876571321701,,73,1,
1368841,1987659,7319876591321701,,73,1,
1368841,1987660,7319876601321701,,73,1,
1368841,1987661,7319876611321701,,73,1,
1368841,1994775,7319947751321701,,73,1,
1368841,1994776,7319947761321701,,73,1,
1368841,1994777,7319947771321701,,73,1,
1368841,1987656,7419876561321701,,74,1,
1368841,1987657,7419876571321701,,74,1,
1368841,1987659,7419876591321701,,74,1,
1368841,1987660,7419876601321701,,74,1,
1368841,1987661,7419876611321701,,74,1,
1368841,1994775,7419947751321701,,74,1,
1368841,1994776,7419947761321701,,74,1,
1368841,1994777,7419947771321701,,74,1,
1368841,1987656,7519876561321701,,75,1,
1368841,1987657,7519876571321701,,75,1,
1368841,1987659,7519876591321701,,75,1,
1368841,1987660,7519876601321701,,75,1,
1368841,1987661,7519876611321701,,75,1,
1368841,1994775,7519947751321701,,75,1,
1368841,1994776,7519947761321701,,75,1,
1368841,1994777,7519947771321701,,75,1,
1368841,1987656,7619876561321701,,76,1,
1368841,1987657,7619876571321701,,76,1,
1368841,1987659,7619876591321701,,76,1,
1368841,1987660,7619876601321701,,76,1,
1368841,1987661,7619876611321701,,76,1,
1368841,1994775,7619947751321701,,76,1,
1368841,1994776,7619947761321701,,76,1,
1368841,1994777,7619947771321701,,76,1,
1368841,1987656,7719876561321701,,77,1,
1368841,1987657,7719876571321701,,77,1,
1368841,1987659,7719876591321701,,77,1,
1368841,1987660,7719876601321701,,77,1,
1368841,1987661,7719876611321701,,77,1,
1368841,1994775,7719947751321701,,77,1,
1368841,1994776,7719947761321701,,77,1,
1368841,1994777,7719947771321701,,77,1,
1368841,1987656,7819876561321701,,78,1,
1368841,1987657,7819876571321701,,78,1,
1368841,1987659,7819876591321701,,78,1,
1368841,1987660,7819876601321701,,78,1,
1368841,1987661,7819876611321701,,78,1,
1368841,1994775,7819947751321701,,78,1,
1368841,1994776,7819947761321701,,78,1,
1368841,1994777,7819947771321701,,78,1,
1368841,1987656,7919876561321701,,79,1,
1368841,1987657,7919876571321701,,79,1,
1368841,1987659,7919876591321701,,79,1,
1368841,1987660,7919876601321701,,79,1,
1368841,1987661,7919876611321701,,79,1,
1368841,1994775,7919947751321701,,79,1,
1368841,1994776,7919947761321701,,79,1,
1368841,1994777,7919947771321701,,79,1,
1368841,1987656,8019876561321701,,80,1,
1368841,1987657,8019876571321701,,80,1,
1368841,1987659,8019876591321701,,80,1,
1368841,1987660,8019876601321701,,80,1,
1368841,1987661,8019876611321701,,80,1,
1368841,1994775,8019947751321701,,80,1,
1368841,1994776,8019947761321701,,80,1,
1368841,1994777,8019947771321701,,80,1,
1368841,1987656,8119876561321701,,81,1,
1368841,1987657,8119876571321701,,81,1,
1368841,1987659,8119876591321701,,81,1,
1368841,1987660,8119876601321701,,81,1,
1368841,1987661,8119876611321701,,81,1,
1368841,1994775,8119947751321701,,81,1,
1368841,1994776,8119947761321701,,81,1,
1368841,1994777,8119947771321701,,81,1,
1368841,1987654,819876541321701,,8,1,
1368841,1987655,819876551321701,,8,1,
1368841,1987656,819876561321701,,8,1,
1368841,1987657,819876571321701,,8,1,
1368841,1987659,819876591321701,,8,1,
1368841,1987660,819876601321701,,8,1,
1368841,1987661,819876611321701,,8,1,
1368841,1994775,819947751321701,,8,1,
1368841,1994776,819947761321701,,8,1,
1368841,1994777,819947771321701,,8,1,
1368841,1987656,8219876561321701,,82,1,
1368841,1987657,8219876571321701,,82,1,
1368841,1987659,8219876591321701,,82,1,
1368841,1987660,8219876601321701,,82,1,
1368841,1987661,8219876611321701,,82,1,
1368841,1994775,8219947751321701,,82,1,
1368841,1994776,8219947761321701,,82,1,
1368841,1994777,8219947771321701,,82,1,
1368841,1987656,8319876561321701,,83,1,
1368841,1987657,8319876571321701,,83,1,
1368841,1987659,8319876591321701,,83,1,
1368841,1987660,8319876601321701,,83,1,
1368841,1987661,8319876611321701,,83,1,
1368841,1994775,8319947751321701,,83,1,
1368841,1994776,8319947761321701,,83,1,
1368841,1994777,8319947771321701,,83,1,
1368841,1987656,8419876561321701,,84,1,
1368841,1987657,8419876571321701,,84,1,
1368841,1987659,8419876591321701,,84,1,
1368841,1987660,8419876601321701,,84,1,
1368841,1987661,8419876611321701,,84,1,
1368841,1994775,8419947751321701,,84,1,
1368841,1994776,8419947761321701,,84,1,
1368841,1994777,8419947771321701,,84,1,
1368841,1987656,8519876561321701,,85,1,
1368841,1987657,8519876571321701,,85,1,
1368841,1987659,8519876591321701,,85,1,
1368841,1987660,8519876601321701,,85,1,
1368841,1987661,8519876611321701,,85,1,
1368841,1994775,8519947751321701,,85,1,
1368841,1994776,8519947761321701,,85,1,
1368841,1994777,8519947771321701,,85,1,
1368841,1987656,8619876561321701,,86,1,
1368841,1987657,8619876571321701,,86,1,
1368841,1987659,8619876591321701,,86,1,
1368841,1987660,8619876601321701,,86,1,
1368841,1987661,8619876611321701,,86,1,
1368841,1994775,8619947751321701,,86,1,
1368841,1994776,8619947761321701,,86,1,
1368841,1994777,8619947771321701,,86,1,
1368841,1987656,8719876561321701,,87,1,
1368841,1987657,8719876571321701,,87,1,
1368841,1987659,8719876591321701,,87,1,
1368841,1987660,8719876601321701,,87,1,
1368841,1987661,8719876611321701,,87,1,
1368841,1994775,8719947751321701,,87,1,
1368841,1994776,8719947761321701,,87,1,
1368841,1994777,8719947771321701,,87,1,
1368841,1987656,8819876561321701,,88,1,
1368841,1987657,8819876571321701,,88,1,
1368841,1987659,8819876591321701,,88,1,
1368841,1987660,8819876601321701,,88,1,
1368841,1987661,8819876611321701,,88,1,
1368841,1994775,8819947751321701,,88,1,
1368841,1994776,8819947761321701,,88,1,
1368841,1994777,8819947771321701,,88,1,
1368841,1987656,8919876561321701,,89,1,
1368841,1987657,8919876571321701,,89,1,
1368841,1987659,8919876591321701,,89,1,
1368841,1987660,8919876601321701,,89,1,
1368841,1987661,8919876611321701,,89,1,
1368841,1994775,8919947751321701,,89,1,
1368841,1994776,8919947761321701,,89,1,
1368841,1994777,8919947771321701,,89,1,
1368841,1987656,9019876561321701,,90,1,
1368841,1987657,9019876571321701,,90,1,
1368841,1987659,9019876591321701,,90,1,
1368841,1987660,9019876601321701,,90,1,
1368841,1987661,9019876611321701,,90,1,
1368841,1994775,9019947751321701,,90,1,
1368841,1994776,9019947761321701,,90,1,
1368841,1994777,9019947771321701,,90,1,
1368841,1987656,9119876561321701,,91,1,
1368841,1987657,9119876571321701,,91,1,
1368841,1987659,9119876591321701,,91,1,
1368841,1987660,9119876601321701,,91,1,
1368841,1987661,9119876611321701,,91,1,
1368841,1994775,9119947751321701,,91,1,
1368841,1994776,9119947761321701,,91,1,
1368841,1994777,9119947771321701,,91,1,
1368841,1987654,919876541321701,,9,1,
1368841,1987655,919876551321701,,9,1,
1368841,1987656,919876561321701,,9,1,
1368841,1987657,919876571321701,,9,1,
1368841,1987659,919876591321701,,9,1,
1368841,1987660,919876601321701,,9,1,
1368841,1987661,919876611321701,,9,1,
1368841,1994775,919947751321701,,9,1,
1368841,1994776,919947761321701,,9,1,
1368841,1994777,919947771321701,,9,1,
1368841,1987656,9219876561321701,,92,1,
1368841,1987657,9219876571321701,,92,1,
1368841,1987659,9219876591321701,,92,1,
1368841,1987660,9219876601321701,,92,1,
1368841,11987661,9219876611321701,,92,1,
1368841,1994775,9219947751321701,,92,1,
1368841,1994776,9219947761321701,,92,1,
1368841,11994777,9219947771321701,,92,1,
1368841,1987656,9319876561321701,,93,1,
1368841,1987657,9319876571321701,,93,1,
1368841,1987659,9319876591321701,,93,1,
1368841,1987660,9319876601321701,,93,1,
1368841,11987661,9319876611321701,,93,1,
1368841,11994775,9319947751321701,,93,1,
1368841,1994776,9319947761321701,,93,1,
1368841,11994777,9319947771321701,,93,1,
1368841,1987656,9419876561321701,,94,1,
1368841,1987657,9419876571321701,,94,1,
1368841,1987659,9419876591321701,,94,1,
1368841,11987660,9419876601321701,,94,1,
1368841,11994775,9419947751321701,,94,1,
1368841,1994776,9419947761321701,,94,1,
1368841,1987656,9519876561321701,,95,1,
1368841,1987657,9519876571321701,,95,1,
1368841,1987659,9519876591321701,,95,1,
1368841,11987660,9519876601321701,,95,1,
1368841,1994776,9519947761321701,,95,1,
1368841,1987656,9619876561321701,,96,1,
1368841,11987657,9619876571321701,,96,1,
1368841,11987659,9619876591321701,,96,1,
1368841,1994776,9619947761321701,,96,1,
1368841,1987656,9719876561321701,,97,1,
1368841,11987657,9719876571321701,,97,1,
1368841,11987659,9719876591321701,,97,1,
1368841,1994776,9719947761321701,,97,1,
1368841,1987656,9819876561321701,,98,1,
1368841,11994776,9819947761321701,,98,1,
1368841,1987656,9919876561321701,,99,1,
1368841,11994776,9919947761321701,,99,1,
1368841,1987656,1019876560894563,,10,1,
1368841,1987654,119876540894563,,1,1,
1368841,1987655,119876550894563,,1,1,
1368841,1987656,119876560894563,,1,1,
1368841,1987657,119876570894563,,1,1,
1368841,1987659,119876590894563,,1,1,
1368841,1987660,119876600894563,,1,1,
1368841,1987661,119876610894563,,1,1,
1368841,1994775,119947750894563,,1,1,
1368841,1994776,119947760894563,,1,1,
1368841,1994777,119947770894563,,1,1,
1368841,1987654,219876540894563,,2,1,
1368841,1987655,219876550894563,,2,1,
1368841,1987656,219876560894563,,2,1,
1368841,1987657,219876570894563,,2,1,
1368841,1987659,219876590894563,,2,1,
1368841,1987660,219876600894563,,2,1,
1368841,1987661,219876610894563,,2,1,
1368841,1994775,219947750894563,,2,1,
1368841,1994776,219947760894563,,2,1,
1368841,1994777,219947770894563,,2,1,
1368841,1987654,319876540894563,,3,1,
1368841,1987655,319876550894563,,3,1,
1368841,1987656,319876560894563,,3,1,
1368841,1987657,319876570894563,,3,1,
1368841,1987659,319876590894563,,3,1,
1368841,1987660,319876600894563,,3,1,
1368841,1987661,319876610894563,,3,1,
1368841,1994775,319947750894563,,3,1,
1368841,1994776,319947760894563,,3,1,
1368841,1994777,319947770894563,,3,1,
1368841,1987654,419876540894563,,4,1,
1368841,1987655,419876550894563,,4,1,
1368841,1987656,419876560894563,,4,1,
1368841,1987657,419876570894563,,4,1,
1368841,1987659,419876590894563,,4,1,
1368841,1987660,419876600894563,,4,1,
1368841,1987661,419876610894563,,4,1,
1368841,1994775,419947750894563,,4,1,
1368841,1994776,419947760894563,,4,1,
1368841,1994777,419947770894563,,4,1,
1368841,1987654,519876540894563,,5,1,
1368841,1987655,519876550894563,,5,1,
1368841,1987656,519876560894563,,5,1,
1368841,1987657,519876570894563,,5,1,
1368841,1987659,519876590894563,,5,1,
1368841,1987660,519876600894563,,5,1,
1368841,1987661,519876610894563,,5,1,
1368841,1994775,519947750894563,,5,1,
1368841,1994776,519947760894563,,5,1,
1368841,1994777,519947770894563,,5,1,
1368841,1987654,619876540894563,,6,1,
1368841,1987655,619876550894563,,6,1,
1368841,1987656,619876560894563,,6,1,
1368841,1987657,619876570894563,,6,1,
1368841,1987659,619876590894563,,6,1,
1368841,1987661,619876610894563,,6,1,
1368841,1994775,619947750894563,,6,1,
1368841,1994776,619947760894563,,6,1,
1368841,1994777,619947770894563,,6,1,
1368841,1987654,719876540894563,,7,1,
1368841,1987656,719876560894563,,7,1,
1368841,1987657,719876570894563,,7,1,
1368841,1987659,719876590894563,,7,1,
1368841,1987661,719876610894563,,7,1,
1368841,1994775,719947750894563,,7,1,
1368841,1994776,719947760894563,,7,1,
1368841,1994777,719947770894563,,7,1,
1368841,1987656,819876560894563,,8,1,
1368841,1987657,819876570894563,,8,1,
1368841,1987659,819876590894563,,8,1,
1368841,1987661,819876610894563,,8,1,
1368841,1994776,819947760894563,,8,1,
1368841,1987656,919876560894563,,9,1,
1368841,1987654,119876541321700,,1,1,
1368841,1987655,119876551321700,,1,1,
1368841,1987656,119876561321700,,1,1,
1368841,1987659,119876591321700,,1,1,
1368841,1987661,119876611321700,,1,1,
1368841,1994776,119947761321700,,1,1,
1368841,1987656,219876561321700,,2,1,
1368841,1987659,219876591321700,,2,1,
1368841,1994776,219947761321700,,2,1,
1368841,1987656,319876561321700,,3,1,
1368841,1994776,319947761321700,,3,1,
1368841,1987656,419876561321700,,4,1,
1368841,1994776,419947761321700,,4,1,
1368841,1994776,519947761321700,,5,1,
1368841,1994776,619947761321700,,6,1,
