route_id,service_id,trip_id,trip_headsign,trip_short_name,direction_id,shape_id
1368880,1943663,1019436630936649,,10,0,
1368880,1943732,1019437320936649,,10,0,
1368880,1943734,1019437340936649,,10,0,
1368880,1943741,1019437410936649,,10,0,
1368880,1943744,1019437440936649,,10,0,
1368880,1943756,1019437560936649,,10,0,
1368880,1943757,1019437570936649,,10,0,
1368880,1943772,1019437720936649,,10,0,
1368880,1943663,1119436630936649,,11,0,
1368880,1943732,1119437320936649,,11,0,
1368880,1943734,1119437340936649,,11,0,
1368880,1943741,1119437410936649,,11,0,
1368880,1943744,1119437440936649,,11,0,
1368880,1943756,1119437560936649,,11,0,
1368880,1943757,1119437570936649,,11,0,
1368880,1943772,1119437720936649,,11,0,
1368880,1943663,119436630936649,,1,0,
1368880,1943732,119437320936649,,1,0,
1368880,1943734,119437340936649,,1,0,
1368880,1943741,119437410936649,,1,0,
1368880,1943744,119437440936649,,1,0,
1368880,1943756,119437560936649,,1,0,
1368880,1943757,119437570936649,,1,0,
1368880,1943772,119437720936649,,1,0,
1368880,1943663,1219436630936649,,12,0,
1368880,1943732,1219437320936649,,12,0,
1368880,1943734,1219437340936649,,12,0,
1368880,1943741,1219437410936649,,12,0,
1368880,1943744,1219437440936649,,12,0,
1368880,1943756,1219437560936649,,12,0,
1368880,1943757,1219437570936649,,12,0,
1368880,1943772,1219437720936649,,12,0,
1368880,1943663,1319436630936649,,13,0,
1368880,1943732,1319437320936649,,13,0,
1368880,1943734,1319437340936649,,13,0,
1368880,1943741,1319437410936649,,13,0,
1368880,1943744,1319437440936649,,13,0,
1368880,1943756,1319437560936649,,13,0,
1368880,1943757,1319437570936649,,13,0,
1368880,1943772,1319437720936649,,13,0,
1368880,1943663,1419436630936649,,14,0,
1368880,1943732,1419437320936649,,14,0,
1368880,1943734,1419437340936649,,14,0,
1368880,1943741,1419437410936649,,14,0,
1368880,1943744,1419437440936649,,14,0,
1368880,1943756,1419437560936649,,14,0,
1368880,1943757,1419437570936649,,14,0,
1368880,1943772,1419437720936649,,14,0,
1368880,1943663,1519436630936649,,15,0,
1368880,1943732,1519437320936649,,15,0,
1368880,1943734,1519437340936649,,15,0,
1368880,1943741,1519437410936649,,15,0,
1368880,1943744,1519437440936649,,15,0,
1368880,1943756,1519437560936649,,15,0,
1368880,1943757,1519437570936649,,15,0,
1368880,1943772,1519437720936649,,15,0,
1368880,1943663,1619436630936649,,16,0,
1368880,1943732,1619437320936649,,16,0,
1368880,1943734,1619437340936649,,16,0,
1368880,1943741,1619437410936649,,16,0,
1368880,1943744,1619437440936649,,16,0,
1368880,1943756,1619437560936649,,16,0,
1368880,1943757,1619437570936649,,16,0,
1368880,1943772,1619437720936649,,16,0,
1368880,1943663,1719436630936649,,17,0,
1368880,1943732,1719437320936649,,17,0,
1368880,1943734,1719437340936649,,17,0,
1368880,1943741,1719437410936649,,17,0,
1368880,1943744,1719437440936649,,17,0,
1368880,1943756,1719437560936649,,17,0,
1368880,1943757,1719437570936649,,17,0,
1368880,1943772,1719437720936649,,17,0,
1368880,1943663,1819436630936649,,18,0,
1368880,1943732,1819437320936649,,18,0,
1368880,1943734,1819437340936649,,18,0,
1368880,1943741,1819437410936649,,18,0,
1368880,1943744,1819437440936649,,18,0,
1368880,1943756,1819437560936649,,18,0,
1368880,1943757,1819437570936649,,18,0,
1368880,1943772,1819437720936649,,18,0,
1368880,1943663,1919436630936649,,19,0,
1368880,1943732,1919437320936649,,19,0,
1368880,1943734,1919437340936649,,19,0,
1368880,1943741,1919437410936649,,19,0,
1368880,1943744,1919437440936649,,19,0,
1368880,1943756,1919437560936649,,19,0,
1368880,1943757,1919437570936649,,19,0,
1368880,1943772,1919437720936649,,19,0,
1368880,1943663,2019436630936649,,20,0,
1368880,1943732,2019437320936649,,20,0,
1368880,1943734,2019437340936649,,20,0,
1368880,1943741,2019437410936649,,20,0,
1368880,1943744,2019437440936649,,20,0,
1368880,1943756,2019437560936649,,20,0,
1368880,1943757,2019437570936649,,20,0,
1368880,1943772,2019437720936649,,20,0,
1368880,1943663,2119436630936649,,21,0,
1368880,1943732,2119437320936649,,21,0,
1368880,1943734,2119437340936649,,21,0,
1368880,1943741,2119437410936649,,21,0,
1368880,1943744,2119437440936649,,21,0,
1368880,1943756,2119437560936649,,21,0,
1368880,1943757,2119437570936649,,21,0,
1368880,1943772,2119437720936649,,21,0,
1368880,1943663,219436630936649,,2,0,
1368880,1943732,219437320936649,,2,0,
1368880,1943734,219437340936649,,2,0,
1368880,1943741,219437410936649,,2,0,
1368880,1943744,219437440936649,,2,0,
1368880,1943756,219437560936649,,2,0,
1368880,1943757,219437570936649,,2,0,
1368880,1943772,219437720936649,,2,0,
1368880,1943663,2219436630936649,,22,0,
1368880,1943732,2219437320936649,,22,0,
1368880,1943734,2219437340936649,,22,0,
1368880,1943741,2219437410936649,,22,0,
1368880,1943744,2219437440936649,,22,0,
1368880,1943756,2219437560936649,,22,0,
1368880,1943757,2219437570936649,,22,0,
1368880,1943772,2219437720936649,,22,0,
1368880,1943663,2319436630936649,,23,0,
1368880,1943732,2319437320936649,,23,0,
1368880,1943734,2319437340936649,,23,0,
1368880,1943741,2319437410936649,,23,0,
1368880,1943744,2319437440936649,,23,0,
1368880,1943756,2319437560936649,,23,0,
1368880,1943757,2319437570936649,,23,0,
1368880,1943772,2319437720936649,,23,0,
1368880,1943663,2419436630936649,,24,0,
1368880,1943732,2419437320936649,,24,0,
1368880,1943734,2419437340936649,,24,0,
1368880,1943741,2419437410936649,,24,0,
1368880,1943744,2419437440936649,,24,0,
1368880,1943756,2419437560936649,,24,0,
1368880,1943757,2419437570936649,,24,0,
1368880,1943772,2419437720936649,,24,0,
1368880,1943663,2519436630936649,,25,0,
1368880,1943732,2519437320936649,,25,0,
1368880,1943734,2519437340936649,,25,0,
1368880,1943741,2519437410936649,,25,0,
1368880,1943744,2519437440936649,,25,0,
1368880,1943756,2519437560936649,,25,0,
1368880,1943757,2519437570936649,,25,0,
1368880,1943772,2519437720936649,,25,0,
1368880,1943663,2619436630936649,,26,0,
1368880,1943732,2619437320936649,,26,0,
1368880,1943734,2619437340936649,,26,0,
1368880,1943741,2619437410936649,,26,0,
1368880,1943744,2619437440936649,,26,0,
1368880,1943756,2619437560936649,,26,0,
1368880,1943757,2619437570936649,,26,0,
1368880,1943772,2619437720936649,,26,0,
1368880,1943663,2719436630936649,,27,0,
1368880,1943732,2719437320936649,,27,0,
1368880,1943734,2719437340936649,,27,0,
1368880,1943741,2719437410936649,,27,0,
1368880,1943744,2719437440936649,,27,0,
1368880,1943756,2719437560936649,,27,0,
1368880,1943757,2719437570936649,,27,0,
1368880,1943772,2719437720936649,,27,0,
1368880,1943663,2819436630936649,,28,0,
1368880,1943732,2819437320936649,,28,0,
1368880,1943734,2819437340936649,,28,0,
1368880,1943741,2819437410936649,,28,0,
1368880,1943744,2819437440936649,,28,0,
1368880,1943756,2819437560936649,,28,0,
1368880,1943757,2819437570936649,,28,0,
1368880,1943772,2819437720936649,,28,0,
1368880,1943663,2919436630936649,,29,0,
1368880,1943732,2919437320936649,,29,0,
1368880,1943734,2919437340936649,,29,0,
1368880,1943741,2919437410936649,,29,0,
1368880,1943744,2919437440936649,,29,0,
1368880,1943756,2919437560936649,,29,0,
1368880,1943757,2919437570936649,,29,0,
1368880,1943772,2919437720936649,,29,0,
1368880,1943663,3019436630936649,,30,0,
1368880,1943732,3019437320936649,,30,0,
1368880,1943734,3019437340936649,,30,0,
1368880,1943741,3019437410936649,,30,0,
1368880,1943744,3019437440936649,,30,0,
1368880,1943756,3019437560936649,,30,0,
1368880,1943757,3019437570936649,,30,0,
1368880,1943772,3019437720936649,,30,0,
1368880,1943663,3119436630936649,,31,0,
1368880,1943732,3119437320936649,,31,0,
1368880,1943734,3119437340936649,,31,0,
1368880,1943741,3119437410936649,,31,0,
1368880,1943744,3119437440936649,,31,0,
1368880,1943756,3119437560936649,,31,0,
1368880,1943757,3119437570936649,,31,0,
1368880,1943772,3119437720936649,,31,0,
1368880,1943663,319436630936649,,3,0,
1368880,1943732,319437320936649,,3,0,
1368880,1943734,319437340936649,,3,0,
1368880,1943741,319437410936649,,3,0,
1368880,1943744,319437440936649,,3,0,
1368880,1943756,319437560936649,,3,0,
1368880,1943757,319437570936649,,3,0,
1368880,1943772,319437720936649,,3,0,
1368880,1943663,3219436630936649,,32,0,
1368880,1943732,3219437320936649,,32,0,
1368880,1943734,3219437340936649,,32,0,
1368880,1943741,3219437410936649,,32,0,
1368880,1943744,3219437440936649,,32,0,
1368880,1943756,3219437560936649,,32,0,
1368880,1943757,3219437570936649,,32,0,
1368880,1943772,3219437720936649,,32,0,
1368880,1943663,3319436630936649,,33,0,
1368880,1943732,3319437320936649,,33,0,
1368880,1943734,3319437340936649,,33,0,
1368880,1943741,3319437410936649,,33,0,
1368880,1943744,3319437440936649,,33,0,
1368880,1943756,3319437560936649,,33,0,
1368880,1943757,3319437570936649,,33,0,
1368880,1943772,3319437720936649,,33,0,
1368880,1943663,3419436630936649,,34,0,
1368880,1943732,3419437320936649,,34,0,
1368880,1943734,3419437340936649,,34,0,
1368880,1943741,3419437410936649,,34,0,
1368880,1943744,3419437440936649,,34,0,
1368880,1943756,3419437560936649,,34,0,
1368880,1943757,3419437570936649,,34,0,
1368880,1943772,3419437720936649,,34,0,
1368880,1943663,3519436630936649,,35,0,
1368880,1943732,3519437320936649,,35,0,
1368880,1943734,3519437340936649,,35,0,
1368880,1943741,3519437410936649,,35,0,
1368880,1943744,3519437440936649,,35,0,
1368880,1943756,3519437560936649,,35,0,
1368880,1943757,3519437570936649,,35,0,
1368880,1943772,3519437720936649,,35,0,
1368880,1943663,3619436630936649,,36,0,
1368880,1943732,3619437320936649,,36,0,
1368880,1943734,3619437340936649,,36,0,
1368880,1943741,3619437410936649,,36,0,
1368880,1943744,3619437440936649,,36,0,
1368880,1943756,3619437560936649,,36,0,
1368880,1943757,3619437570936649,,36,0,
1368880,1943772,3619437720936649,,36,0,
1368880,1943663,3719436630936649,,37,0,
1368880,1943732,3719437320936649,,37,0,
1368880,1943734,3719437340936649,,37,0,
1368880,1943741,3719437410936649,,37,0,
1368880,1943744,3719437440936649,,37,0,
1368880,1943756,3719437560936649,,37,0,
1368880,1943757,3719437570936649,,37,0,
1368880,1943772,3719437720936649,,37,0,
1368880,1943663,3819436630936649,,38,0,
1368880,1943732,3819437320936649,,38,0,
1368880,1943734,3819437340936649,,38,0,
1368880,1943741,3819437410936649,,38,0,
1368880,1943744,3819437440936649,,38,0,
1368880,1943756,3819437560936649,,38,0,
1368880,1943757,3819437570936649,,38,0,
1368880,1943772,3819437720936649,,38,0,
1368880,1943663,3919436630936649,,39,0,
1368880,1943732,3919437320936649,,39,0,
1368880,1943734,3919437340936649,,39,0,
1368880,1943741,3919437410936649,,39,0,
1368880,1943744,3919437440936649,,39,0,
1368880,1943756,3919437560936649,,39,0,
1368880,1943757,3919437570936649,,39,0,
1368880,1943772,3919437720936649,,39,0,
1368880,1943663,4019436630936649,,40,0,
1368880,1943732,4019437320936649,,40,0,
1368880,1943734,4019437340936649,,40,0,
1368880,1943741,4019437410936649,,40,0,
1368880,1943744,4019437440936649,,40,0,
1368880,1943756,4019437560936649,,40,0,
1368880,1943757,4019437570936649,,40,0,
1368880,1943772,4019437720936649,,40,0,
1368880,1943663,4119436630936649,,41,0,
1368880,1943732,4119437320936649,,41,0,
1368880,1943734,4119437340936649,,41,0,
1368880,1943741,4119437410936649,,41,0,
1368880,1943744,4119437440936649,,41,0,
1368880,1943756,4119437560936649,,41,0,
1368880,1943757,4119437570936649,,41,0,
1368880,1943772,4119437720936649,,41,0,
1368880,1943663,419436630936649,,4,0,
1368880,1943732,419437320936649,,4,0,
1368880,1943734,419437340936649,,4,0,
1368880,1943741,419437410936649,,4,0,
1368880,1943744,419437440936649,,4,0,
1368880,1943756,419437560936649,,4,0,
1368880,1943757,419437570936649,,4,0,
1368880,1943772,419437720936649,,4,0,
1368880,1943663,4219436630936649,,42,0,
1368880,1943732,4219437320936649,,42,0,
1368880,1943734,4219437340936649,,42,0,
1368880,1943741,4219437410936649,,42,0,
1368880,1943744,4219437440936649,,42,0,
1368880,1943756,4219437560936649,,42,0,
1368880,1943757,4219437570936649,,42,0,
1368880,1943772,4219437720936649,,42,0,
1368880,1943663,4319436630936649,,43,0,
1368880,1943732,4319437320936649,,43,0,
1368880,1943734,4319437340936649,,43,0,
1368880,1943741,4319437410936649,,43,0,
1368880,1943744,4319437440936649,,43,0,
1368880,1943756,4319437560936649,,43,0,
1368880,1943757,4319437570936649,,43,0,
1368880,1943772,4319437720936649,,43,0,
1368880,1943663,4419436630936649,,44,0,
1368880,1943732,4419437320936649,,44,0,
1368880,1943734,4419437340936649,,44,0,
1368880,1943741,4419437410936649,,44,0,
1368880,1943744,4419437440936649,,44,0,
1368880,1943756,4419437560936649,,44,0,
1368880,1943757,4419437570936649,,44,0,
1368880,1943772,4419437720936649,,44,0,
1368880,1943663,4519436630936649,,45,0,
1368880,1943732,4519437320936649,,45,0,
1368880,1943734,4519437340936649,,45,0,
1368880,1943741,4519437410936649,,45,0,
1368880,1943744,4519437440936649,,45,0,
1368880,1943756,4519437560936649,,45,0,
1368880,1943757,4519437570936649,,45,0,
1368880,1943772,4519437720936649,,45,0,
1368880,1943663,4619436630936649,,46,0,
1368880,1943732,4619437320936649,,46,0,
1368880,1943734,4619437340936649,,46,0,
1368880,1943741,4619437410936649,,46,0,
1368880,1943744,4619437440936649,,46,0,
1368880,1943756,4619437560936649,,46,0,
1368880,1943757,4619437570936649,,46,0,
1368880,1943772,4619437720936649,,46,0,
1368880,1943663,4719436630936649,,47,0,
1368880,1943732,4719437320936649,,47,0,
1368880,1943734,4719437340936649,,47,0,
1368880,1943741,4719437410936649,,47,0,
1368880,1943744,4719437440936649,,47,0,
1368880,1943756,4719437560936649,,47,0,
1368880,1943757,4719437570936649,,47,0,
1368880,1943772,4719437720936649,,47,0,
1368880,1943663,4819436630936649,,48,0,
1368880,1943732,4819437320936649,,48,0,
1368880,1943734,4819437340936649,,48,0,
1368880,1943741,4819437410936649,,48,0,
1368880,1943744,4819437440936649,,48,0,
1368880,1943756,4819437560936649,,48,0,
1368880,1943757,4819437570936649,,48,0,
1368880,1943772,4819437720936649,,48,0,
1368880,1943663,4919436630936649,,49,0,
1368880,1943732,4919437320936649,,49,0,
1368880,1943734,4919437340936649,,49,0,
1368880,1943741,4919437410936649,,49,0,
1368880,1943744,4919437440936649,,49,0,
1368880,1943756,4919437560936649,,49,0,
1368880,1943757,4919437570936649,,49,0,
1368880,1943772,4919437720936649,,49,0,
1368880,1943663,5019436630936649,,50,0,
1368880,1943732,5019437320936649,,50,0,
1368880,1943734,5019437340936649,,50,0,
1368880,1943741,5019437410936649,,50,0,
1368880,1943744,5019437440936649,,50,0,
1368880,1943756,5019437560936649,,50,0,
1368880,1943757,5019437570936649,,50,0,
1368880,1943772,5019437720936649,,50,0,
1368880,1943663,5119436630936649,,51,0,
1368880,1943732,5119437320936649,,51,0,
1368880,1943734,5119437340936649,,51,0,
1368880,1943741,5119437410936649,,51,0,
1368880,1943744,5119437440936649,,51,0,
1368880,1943756,5119437560936649,,51,0,
1368880,1943757,5119437570936649,,51,0,
1368880,1943772,5119437720936649,,51,0,
1368880,1943663,519436630936649,,5,0,
1368880,1943732,519437320936649,,5,0,
1368880,1943734,519437340936649,,5,0,
1368880,1943741,519437410936649,,5,0,
1368880,1943744,519437440936649,,5,0,
1368880,1943756,519437560936649,,5,0,
1368880,1943757,519437570936649,,5,0,
1368880,1943772,519437720936649,,5,0,
1368880,1943663,5219436630936649,,52,0,
1368880,1943732,5219437320936649,,52,0,
1368880,1943734,5219437340936649,,52,0,
1368880,1943741,5219437410936649,,52,0,
1368880,1943744,5219437440936649,,52,0,
1368880,1943756,5219437560936649,,52,0,
1368880,1943757,5219437570936649,,52,0,
1368880,1943772,5219437720936649,,52,0,
1368880,1943663,5319436630936649,,53,0,
1368880,1943732,5319437320936649,,53,0,
1368880,1943734,5319437340936649,,53,0,
1368880,1943741,5319437410936649,,53,0,
1368880,1943744,5319437440936649,,53,0,
1368880,1943756,5319437560936649,,53,0,
1368880,1943757,5319437570936649,,53,0,
1368880,1943772,5319437720936649,,53,0,
1368880,1943663,5419436630936649,,54,0,
1368880,1943732,5419437320936649,,54,0,
1368880,1943734,5419437340936649,,54,0,
1368880,1943741,5419437410936649,,54,0,
1368880,1943744,5419437440936649,,54,0,
1368880,1943756,5419437560936649,,54,0,
1368880,1943757,5419437570936649,,54,0,
1368880,1943772,5419437720936649,,54,0,
1368880,1943663,5519436630936649,,55,0,
1368880,1943732,5519437320936649,,55,0,
1368880,1943734,5519437340936649,,55,0,
1368880,1943741,5519437410936649,,55,0,
1368880,1943744,5519437440936649,,55,0,
1368880,1943756,5519437560936649,,55,0,
1368880,1943757,5519437570936649,,55,0,
1368880,1943772,5519437720936649,,55,0,
1368880,1943663,5619436630936649,,56,0,
1368880,1943732,5619437320936649,,56,0,
1368880,1943734,5619437340936649,,56,0,
1368880,1943741,5619437410936649,,56,0,
1368880,1943744,5619437440936649,,56,0,
1368880,1943756,5619437560936649,,56,0,
1368880,1943757,5619437570936649,,56,0,
1368880,1943772,5619437720936649,,56,0,
1368880,1943663,5719436630936649,,57,0,
1368880,1943732,5719437320936649,,57,0,
1368880,1943734,5719437340936649,,57,0,
1368880,1943741,5719437410936649,,57,0,
1368880,1943744,5719437440936649,,57,0,
1368880,1943756,5719437560936649,,57,0,
1368880,1943757,5719437570936649,,57,0,
1368880,1943772,5719437720936649,,57,0,
1368880,1943663,5819436630936649,,58,0,
1368880,1943732,5819437320936649,,58,0,
1368880,1943734,5819437340936649,,58,0,
1368880,1943741,5819437410936649,,58,0,
1368880,1943744,5819437440936649,,58,0,
1368880,1943756,5819437560936649,,58,0,
1368880,1943757,5819437570936649,,58,0,
1368880,1943772,5819437720936649,,58,0,
1368880,1943663,5919436630936649,,59,0,
1368880,1943732,5919437320936649,,59,0,
1368880,1943734,5919437340936649,,59,0,
1368880,1943741,5919437410936649,,59,0,
1368880,1943744,5919437440936649,,59,0,
1368880,1943756,5919437560936649,,59,0,
1368880,1943757,5919437570936649,,59,0,
1368880,1943772,5919437720936649,,59,0,
1368880,1943663,6019436630936649,,60,0,
1368880,1943732,6019437320936649,,60,0,
1368880,1943734,6019437340936649,,60,0,
1368880,1943741,6019437410936649,,60,0,
1368880,1943744,6019437440936649,,60,0,
1368880,1943756,6019437560936649,,60,0,
1368880,1943757,6019437570936649,,60,0,
1368880,1943772,6019437720936649,,60,0,
1368880,1943663,6119436630936649,,61,0,
1368880,1943732,6119437320936649,,61,0,
1368880,1943734,6119437340936649,,61,0,
1368880,1943741,6119437410936649,,61,0,
1368880,1943744,6119437440936649,,61,0,
1368880,1943756,6119437560936649,,61,0,
1368880,1943757,6119437570936649,,61,0,
1368880,1943772,6119437720936649,,61,0,
1368880,1943663,619436630936649,,6,0,
1368880,1943732,619437320936649,,6,0,
1368880,1943734,619437340936649,,6,0,
1368880,1943741,619437410936649,,6,0,
1368880,1943744,619437440936649,,6,0,
1368880,1943756,619437560936649,,6,0,
1368880,1943757,619437570936649,,6,0,
1368880,1943772,619437720936649,,6,0,
1368880,1943663,6219436630936649,,62,0,
1368880,1943732,6219437320936649,,62,0,
1368880,1943734,6219437340936649,,62,0,
1368880,1943741,6219437410936649,,62,0,
1368880,1943744,6219437440936649,,62,0,
1368880,1943756,6219437560936649,,62,0,
1368880,1943757,6219437570936649,,62,0,
1368880,1943772,6219437720936649,,62,0,
1368880,1943663,6319436630936649,,63,0,
1368880,1943732,6319437320936649,,63,0,
1368880,1943734,6319437340936649,,63,0,
1368880,1943741,6319437410936649,,63,0,
1368880,1943744,6319437440936649,,63,0,
1368880,1943756,6319437560936649,,63,0,
1368880,1943757,6319437570936649,,63,0,
1368880,1943772,6319437720936649,,63,0,
1368880,1943663,6419436630936649,,64,0,
1368880,1943732,6419437320936649,,64,0,
1368880,1943734,6419437340936649,,64,0,
1368880,1943741,6419437410936649,,64,0,
1368880,1943744,6419437440936649,,64,0,
1368880,1943756,6419437560936649,,64,0,
1368880,1943757,6419437570936649,,64,0,
1368880,1943772,6419437720936649,,64,0,
1368880,1943663,6519436630936649,,65,0,
1368880,1943732,6519437320936649,,65,0,
1368880,1943734,6519437340936649,,65,0,
1368880,1943741,6519437410936649,,65,0,
1368880,1943744,6519437440936649,,65,0,
1368880,1943756,6519437560936649,,65,0,
1368880,1943757,6519437570936649,,65,0,
1368880,1943772,6519437720936649,,65,0,
1368880,1943663,6619436630936649,,66,0,
1368880,1943732,6619437320936649,,66,0,
1368880,1943734,6619437340936649,,66,0,
1368880,1943741,6619437410936649,,66,0,
1368880,1943744,6619437440936649,,66,0,
1368880,1943756,6619437560936649,,66,0,
1368880,1943757,6619437570936649,,66,0,
1368880,1943772,6619437720936649,,66,0,
1368880,11943663,6719436630936649,,67,0,
1368880,1943732,6719437320936649,,67,0,
1368880,1943734,6719437340936649,,67,0,
1368880,1943741,6719437410936649,,67,0,
1368880,1943744,6719437440936649,,67,0,
1368880,1943756,6719437560936649,,67,0,
1368880,1943757,6719437570936649,,67,0,
1368880,1943772,6719437720936649,,67,0,
1368880,11943663,6819436630936649,,68,0,
1368880,1943732,6819437320936649,,68,0,
1368880,1943734,6819437340936649,,68,0,
1368880,1943741,6819437410936649,,68,0,
1368880,1943744,6819437440936649,,68,0,
1368880,1943756,6819437560936649,,68,0,
1368880,1943757,6819437570936649,,68,0,
1368880,1943772,6819437720936649,,68,0,
1368880,1943732,6919437320936649,,69,0,
1368880,1943734,6919437340936649,,69,0,
1368880,1943741,6919437410936649,,69,0,
1368880,1943744,6919437440936649,,69,0,
1368880,1943756,6919437560936649,,69,0,
1368880,1943757,6919437570936649,,69,0,
1368880,1943772,6919437720936649,,69,0,
1368880,1943732,7019437320936649,,70,0,
1368880,1943734,7019437340936649,,70,0,
1368880,1943741,7019437410936649,,70,0,
1368880,1943744,7019437440936649,,70,0,
1368880,1943756,7019437560936649,,70,0,
1368880,1943757,7019437570936649,,70,0,
1368880,1943772,7019437720936649,,70,0,
1368880,1943732,7119437320936649,,71,0,
1368880,1943734,7119437340936649,,71,0,
1368880,1943741,7119437410936649,,71,0,
1368880,1943744,7119437440936649,,71,0,
1368880,1943756,7119437560936649,,71,0,
1368880,1943757,7119437570936649,,71,0,
1368880,1943772,7119437720936649,,71,0,
1368880,1943663,719436630936649,,7,0,
1368880,1943732,719437320936649,,7,0,
1368880,1943734,719437340936649,,7,0,
1368880,1943741,719437410936649,,7,0,
1368880,1943744,719437440936649,,7,0,
1368880,1943756,719437560936649,,7,0,
1368880,1943757,719437570936649,,7,0,
1368880,1943772,719437720936649,,7,0,
1368880,1943732,7219437320936649,,72,0,
1368880,1943734,7219437340936649,,72,0,
1368880,1943741,7219437410936649,,72,0,
1368880,1943744,7219437440936649,,72,0,
1368880,1943756,7219437560936649,,72,0,
1368880,1943757,7219437570936649,,72,0,
1368880,1943772,7219437720936649,,72,0,
1368880,1943732,7319437320936649,,73,0,
1368880,1943734,7319437340936649,,73,0,
1368880,1943741,7319437410936649,,73,0,
1368880,1943744,7319437440936649,,73,0,
1368880,1943756,7319437560936649,,73,0,
1368880,1943757,7319437570936649,,73,0,
1368880,1943772,7319437720936649,,73,0,
1368880,1943732,7419437320936649,,74,0,
1368880,1943734,7419437340936649,,74,0,
1368880,1943741,7419437410936649,,74,0,
1368880,1943744,7419437440936649,,74,0,
1368880,1943756,7419437560936649,,74,0,
1368880,1943757,7419437570936649,,74,0,
1368880,1943772,7419437720936649,,74,0,
1368880,1943732,7519437320936649,,75,0,
1368880,1943734,7519437340936649,,75,0,
1368880,1943741,7519437410936649,,75,0,
1368880,1943744,7519437440936649,,75,0,
1368880,1943756,7519437560936649,,75,0,
1368880,1943757,7519437570936649,,75,0,
1368880,1943772,7519437720936649,,75,0,
1368880,1943732,7619437320936649,,76,0,
1368880,1943734,7619437340936649,,76,0,
1368880,1943741,7619437410936649,,76,0,
1368880,1943744,7619437440936649,,76,0,
1368880,1943756,7619437560936649,,76,0,
1368880,1943757,7619437570936649,,76,0,
1368880,1943772,7619437720936649,,76,0,
1368880,1943732,7719437320936649,,77,0,
1368880,1943734,7719437340936649,,77,0,
1368880,1943741,7719437410936649,,77,0,
1368880,1943744,7719437440936649,,77,0,
1368880,1943756,7719437560936649,,77,0,
1368880,1943757,7719437570936649,,77,0,
1368880,1943772,7719437720936649,,77,0,
1368880,1943732,7819437320936649,,78,0,
1368880,1943734,7819437340936649,,78,0,
1368880,1943741,7819437410936649,,78,0,
1368880,1943744,7819437440936649,,78,0,
1368880,1943756,7819437560936649,,78,0,
1368880,1943757,7819437570936649,,78,0,
1368880,1943772,7819437720936649,,78,0,
1368880,1943732,7919437320936649,,79,0,
1368880,1943734,7919437340936649,,79,0,
1368880,1943741,7919437410936649,,79,0,
1368880,1943744,7919437440936649,,79,0,
1368880,11943756,7919437560936649,,79,0,
1368880,1943757,7919437570936649,,79,0,
1368880,1943772,7919437720936649,,79,0,
1368880,1943732,8019437320936649,,80,0,
1368880,1943734,8019437340936649,,80,0,
1368880,1943741,8019437410936649,,80,0,
1368880,1943744,8019437440936649,,80,0,
1368880,11943756,8019437560936649,,80,0,
1368880,1943757,8019437570936649,,80,0,
1368880,1943772,8019437720936649,,80,0,
1368880,1943732,8119437320936649,,81,0,
1368880,1943734,8119437340936649,,81,0,
1368880,1943741,8119437410936649,,81,0,
1368880,1943744,8119437440936649,,81,0,
1368880,11943756,8119437560936649,,81,0,
1368880,1943757,8119437570936649,,81,0,
1368880,1943772,8119437720936649,,81,0,
1368880,1943663,819436630936649,,8,0,
1368880,1943732,819437320936649,,8,0,
1368880,1943734,819437340936649,,8,0,
1368880,1943741,819437410936649,,8,0,
1368880,1943744,819437440936649,,8,0,
1368880,1943756,819437560936649,,8,0,
1368880,1943757,819437570936649,,8,0,
1368880,1943772,819437720936649,,8,0,
1368880,1943732,8219437320936649,,82,0,
1368880,1943734,8219437340936649,,82,0,
1368880,1943741,8219437410936649,,82,0,
1368880,1943744,8219437440936649,,82,0,
1368880,11943756,8219437560936649,,82,0,
1368880,1943757,8219437570936649,,82,0,
1368880,1943772,8219437720936649,,82,0,
1368880,1943732,8319437320936649,,83,0,
1368880,1943734,8319437340936649,,83,0,
1368880,1943741,8319437410936649,,83,0,
1368880,1943744,8319437440936649,,83,0,
1368880,1943757,8319437570936649,,83,0,
1368880,1943772,8319437720936649,,83,0,
1368880,1943732,8419437320936649,,84,0,
1368880,1943734,8419437340936649,,84,0,
1368880,1943741,8419437410936649,,84,0,
1368880,1943744,8419437440936649,,84,0,
1368880,1943757,8419437570936649,,84,0,
1368880,1943772,8419437720936649,,84,0,
1368880,1943732,8519437320936649,,85,0,
1368880,1943734,8519437340936649,,85,0,
1368880,1943741,8519437410936649,,85,0,
1368880,1943744,8519437440936649,,85,0,
1368880,1943757,8519437570936649,,85,0,
1368880,1943772,8519437720936649,,85,0,
1368880,1943732,8619437320936649,,86,0,
1368880,1943734,8619437340936649,,86,0,
1368880,1943741,8619437410936649,,86,0,
1368880,1943744,8619437440936649,,86,0,
1368880,1943757,8619437570936649,,86,0,
1368880,1943772,8619437720936649,,86,0,
1368880,1943732,8719437320936649,,87,0,
1368880,1943734,8719437340936649,,87,0,
1368880,1943741,8719437410936649,,87,0,
1368880,1943744,8719437440936649,,87,0,
1368880,1943757,8719437570936649,,87,0,
1368880,1943772,8719437720936649,,87,0,
1368880,1943732,8819437320936649,,88,0,
1368880,1943734,8819437340936649,,88,0,
1368880,1943741,8819437410936649,,88,0,
1368880,1943744,8819437440936649,,88,0,
1368880,1943757,8819437570936649,,88,0,
1368880,1943772,8819437720936649,,88,0,
1368880,1943732,8919437320936649,,89,0,
1368880,1943734,8919437340936649,,89,0,
1368880,1943741,8919437410936649,,89,0,
1368880,1943744,8919437440936649,,89,0,
1368880,1943757,8919437570936649,,89,0,
1368880,1943772,8919437720936649,,89,0,
1368880,1943732,9019437320936649,,90,0,
1368880,11943734,9019437340936649,,90,0,
1368880,1943741,9019437410936649,,90,0,
1368880,1943744,9019437440936649,,90,0,
1368880,1943757,9019437570936649,,90,0,
1368880,1943772,9019437720936649,,90,0,
1368880,1943732,9119437320936649,,91,0,
1368880,11943734,9119437340936649,,91,0,
1368880,1943741,9119437410936649,,91,0,
1368880,11943744,9119437440936649,,91,0,
1368880,1943757,9119437570936649,,91,0,
1368880,11943772,9119437720936649,,91,0,
1368880,1943663,919436630936649,,9,0,
1368880,1943732,919437320936649,,9,0,
1368880,1943734,919437340936649,,9,0,
1368880,1943741,919437410936649,,9,0,
1368880,1943744,919437440936649,,9,0,
1368880,1943756,919437560936649,,9,0,
1368880,1943757,919437570936649,,9,0,
1368880,1943772,919437720936649,,9,0,
1368880,1943732,9219437320936649,,92,0,
1368880,1943741,9219437410936649,,92,0,
1368880,11943744,9219437440936649,,92,0,
1368880,1943757,9219437570936649,,92,0,
1368880,11943772,9219437720936649,,92,0,
1368880,1943732,9319437320936649,,93,0,
1368880,1943741,9319437410936649,,93,0,
1368880,1943757,9319437570936649,,93,0,
1368880,11943772,9319437720936649,,93,0,
1368880,1943732,9419437320936649,,94,0,
1368880,11943741,9419437410936649,,94,0,
1368880,11943757,9419437570936649,,94,0,
1368880,11943772,9419437720936649,,94,0,
1368880,1943732,9519437320936649,,95,0,
1368880,11943741,9519437410936649,,95,0,
1368880,11943757,9519437570936649,,95,0,
1368880,11943732,9619437320936649,,96,0,
1368880,11943757,9619437570936649,,96,0,
1368880,11943732,9719437320936649,,97,0,
1368880,11943757,9719437570936649,,97,0,
1368881,1943663,1019436630936650,,10,1,
1368881,1943732,1019437320936650,,10,1,
1368881,1943734,1019437340936650,,10,1,
1368881,1943741,1019437410936650,,10,1,
1368881,1943744,1019437440936650,,10,1,
1368881,1943756,1019437560936650,,10,1,
1368881,1943757,1019437570936650,,10,1,
1368881,1943772,1019437720936650,,10,1,
1368881,1943663,1119436630936650,,11,1,
1368881,1943732,1119437320936650,,11,1,
1368881,1943734,1119437340936650,,11,1,
1368881,1943741,1119437410936650,,11,1,
1368881,1943744,1119437440936650,,11,1,
1368881,1943756,1119437560936650,,11,1,
1368881,1943757,1119437570936650,,11,1,
1368881,1943772,1119437720936650,,11,1,
1368881,1943663,119436630936650,,1,1,
1368881,1943732,119437320936650,,1,1,
1368881,1943734,119437340936650,,1,1,
1368881,1943741,119437410936650,,1,1,
1368881,1943744,119437440936650,,1,1,
1368881,1943756,119437560936650,,1,1,
1368881,1943757,119437570936650,,1,1,
1368881,1943772,119437720936650,,1,1,
1368881,1943663,1219436630936650,,12,1,
1368881,1943732,1219437320936650,,12,1,
1368881,1943734,1219437340936650,,12,1,
1368881,1943741,1219437410936650,,12,1,
1368881,1943744,1219437440936650,,12,1,
1368881,1943756,1219437560936650,,12,1,
1368881,1943757,1219437570936650,,12,1,
1368881,1943772,1219437720936650,,12,1,
1368881,1943663,1319436630936650,,13,1,
1368881,1943732,1319437320936650,,13,1,
1368881,1943734,1319437340936650,,13,1,
1368881,1943741,1319437410936650,,13,1,
1368881,1943744,1319437440936650,,13,1,
1368881,1943756,1319437560936650,,13,1,
1368881,1943757,1319437570936650,,13,1,
1368881,1943772,1319437720936650,,13,1,
1368881,1943663,1419436630936650,,14,1,
1368881,1943732,1419437320936650,,14,1,
1368881,1943734,1419437340936650,,14,1,
1368881,1943741,1419437410936650,,14,1,
1368881,1943744,1419437440936650,,14,1,
1368881,1943756,1419437560936650,,14,1,
1368881,1943757,1419437570936650,,14,1,
1368881,1943772,1419437720936650,,14,1,
1368881,1943663,1519436630936650,,15,1,
1368881,1943732,1519437320936650,,15,1,
1368881,1943734,1519437340936650,,15,1,
1368881,1943741,1519437410936650,,15,1,
1368881,1943744,1519437440936650,,15,1,
1368881,1943756,1519437560936650,,15,1,
1368881,1943757,1519437570936650,,15,1,
1368881,1943772,1519437720936650,,15,1,
1368881,1943663,1619436630936650,,16,1,
1368881,1943732,1619437320936650,,16,1,
1368881,1943734,1619437340936650,,16,1,
1368881,1943741,1619437410936650,,16,1,
1368881,1943744,1619437440936650,,16,1,
1368881,1943756,1619437560936650,,16,1,
1368881,1943757,1619437570936650,,16,1,
1368881,1943772,1619437720936650,,16,1,
1368881,1943663,1719436630936650,,17,1,
1368881,1943732,1719437320936650,,17,1,
1368881,1943734,1719437340936650,,17,1,
1368881,1943741,1719437410936650,,17,1,
1368881,1943744,1719437440936650,,17,1,
1368881,1943756,1719437560936650,,17,1,
1368881,1943757,1719437570936650,,17,1,
1368881,1943772,1719437720936650,,17,1,
1368881,1943663,1819436630936650,,18,1,
1368881,1943732,1819437320936650,,18,1,
1368881,1943734,1819437340936650,,18,1,
1368881,1943741,1819437410936650,,18,1,
1368881,1943744,1819437440936650,,18,1,
1368881,1943756,1819437560936650,,18,1,
1368881,1943757,1819437570936650,,18,1,
1368881,1943772,1819437720936650,,18,1,
1368881,1943663,1919436630936650,,19,1,
1368881,1943732,1919437320936650,,19,1,
1368881,1943734,1919437340936650,,19,1,
1368881,1943741,1919437410936650,,19,1,
1368881,1943744,1919437440936650,,19,1,
1368881,1943756,1919437560936650,,19,1,
1368881,1943757,1919437570936650,,19,1,
1368881,1943772,1919437720936650,,19,1,
1368881,1943663,2019436630936650,,20,1,
1368881,1943732,2019437320936650,,20,1,
1368881,1943734,2019437340936650,,20,1,
1368881,1943741,2019437410936650,,20,1,
1368881,1943744,2019437440936650,,20,1,
1368881,1943756,2019437560936650,,20,1,
1368881,1943757,2019437570936650,,20,1,
1368881,1943772,2019437720936650,,20,1,
1368881,1943663,2119436630936650,,21,1,
1368881,1943732,2119437320936650,,21,1,
1368881,1943734,2119437340936650,,21,1,
1368881,1943741,2119437410936650,,21,1,
1368881,1943744,2119437440936650,,21,1,
1368881,1943756,2119437560936650,,21,1,
1368881,1943757,2119437570936650,,21,1,
1368881,1943772,2119437720936650,,21,1,
1368881,1943663,219436630936650,,2,1,
1368881,1943732,219437320936650,,2,1,
1368881,1943734,219437340936650,,2,1,
1368881,1943741,219437410936650,,2,1,
1368881,1943744,219437440936650,,2,1,
1368881,1943756,219437560936650,,2,1,
1368881,1943757,219437570936650,,2,1,
1368881,1943772,219437720936650,,2,1,
1368881,1943663,2219436630936650,,22,1,
1368881,1943732,2219437320936650,,22,1,
1368881,1943734,2219437340936650,,22,1,
1368881,1943741,2219437410936650,,22,1,
1368881,1943744,2219437440936650,,22,1,
1368881,1943756,2219437560936650,,22,1,
1368881,1943757,2219437570936650,,22,1,
1368881,1943772,2219437720936650,,22,1,
1368881,1943663,2319436630936650,,23,1,
1368881,1943732,2319437320936650,,23,1,
1368881,1943734,2319437340936650,,23,1,
1368881,1943741,2319437410936650,,23,1,
1368881,1943744,2319437440936650,,23,1,
1368881,1943756,2319437560936650,,23,1,
1368881,1943757,2319437570936650,,23,1,
1368881,1943772,2319437720936650,,23,1,
1368881,1943663,2419436630936650,,24,1,
1368881,1943732,2419437320936650,,24,1,
1368881,1943734,2419437340936650,,24,1,
1368881,1943741,2419437410936650,,24,1,
1368881,1943744,2419437440936650,,24,1,
1368881,1943756,2419437560936650,,24,1,
1368881,1943757,2419437570936650,,24,1,
1368881,1943772,2419437720936650,,24,1,
1368881,1943663,2519436630936650,,25,1,
1368881,1943732,2519437320936650,,25,1,
1368881,1943734,2519437340936650,,25,1,
1368881,1943741,2519437410936650,,25,1,
1368881,1943744,2519437440936650,,25,1,
1368881,1943756,2519437560936650,,25,1,
1368881,1943757,2519437570936650,,25,1,
1368881,1943772,2519437720936650,,25,1,
1368881,1943663,2619436630936650,,26,1,
1368881,1943732,2619437320936650,,26,1,
1368881,1943734,2619437340936650,,26,1,
1368881,1943741,2619437410936650,,26,1,
1368881,1943744,2619437440936650,,26,1,
1368881,1943756,2619437560936650,,26,1,
1368881,1943757,2619437570936650,,26,1,
1368881,1943772,2619437720936650,,26,1,
1368881,1943663,2719436630936650,,27,1,
1368881,1943732,2719437320936650,,27,1,
1368881,1943734,2719437340936650,,27,1,
1368881,1943741,2719437410936650,,27,1,
1368881,1943744,2719437440936650,,27,1,
1368881,1943756,2719437560936650,,27,1,
1368881,1943757,2719437570936650,,27,1,
1368881,1943772,2719437720936650,,27,1,
1368881,1943663,2819436630936650,,28,1,
1368881,1943732,2819437320936650,,28,1,
1368881,1943734,2819437340936650,,28,1,
1368881,1943741,2819437410936650,,28,1,
1368881,1943744,2819437440936650,,28,1,
1368881,1943756,2819437560936650,,28,1,
1368881,1943757,2819437570936650,,28,1,
1368881,1943772,2819437720936650,,28,1,
1368881,1943663,2919436630936650,,29,1,
1368881,1943732,2919437320936650,,29,1,
1368881,1943734,2919437340936650,,29,1,
1368881,1943741,2919437410936650,,29,1,
1368881,1943744,2919437440936650,,29,1,
1368881,1943756,2919437560936650,,29,1,
1368881,1943757,2919437570936650,,29,1,
1368881,1943772,2919437720936650,,29,1,
1368881,1943663,3019436630936650,,30,1,
1368881,1943732,3019437320936650,,30,1,
1368881,1943734,3019437340936650,,30,1,
1368881,1943741,3019437410936650,,30,1,
1368881,1943744,3019437440936650,,30,1,
1368881,1943756,3019437560936650,,30,1,
1368881,1943757,3019437570936650,,30,1,
1368881,1943772,3019437720936650,,30,1,
1368881,1943663,3119436630936650,,31,1,
1368881,1943732,3119437320936650,,31,1,
1368881,1943734,3119437340936650,,31,1,
1368881,1943741,3119437410936650,,31,1,
1368881,1943744,3119437440936650,,31,1,
1368881,1943756,3119437560936650,,31,1,
1368881,1943757,3119437570936650,,31,1,
1368881,1943772,3119437720936650,,31,1,
1368881,1943663,319436630936650,,3,1,
1368881,1943732,319437320936650,,3,1,
1368881,1943734,319437340936650,,3,1,
1368881,1943741,319437410936650,,3,1,
1368881,1943744,319437440936650,,3,1,
1368881,1943756,319437560936650,,3,1,
1368881,1943757,319437570936650,,3,1,
1368881,1943772,319437720936650,,3,1,
1368881,1943663,3219436630936650,,32,1,
1368881,1943732,3219437320936650,,32,1,
1368881,1943734,3219437340936650,,32,1,
1368881,1943741,3219437410936650,,32,1,
1368881,1943744,3219437440936650,,32,1,
1368881,1943756,3219437560936650,,32,1,
1368881,1943757,3219437570936650,,32,1,
1368881,1943772,3219437720936650,,32,1,
1368881,1943663,3319436630936650,,33,1,
1368881,1943732,3319437320936650,,33,1,
1368881,1943734,3319437340936650,,33,1,
1368881,1943741,3319437410936650,,33,1,
1368881,1943744,3319437440936650,,33,1,
1368881,1943756,3319437560936650,,33,1,
1368881,1943757,3319437570936650,,33,1,
1368881,1943772,3319437720936650,,33,1,
1368881,1943663,3419436630936650,,34,1,
1368881,1943732,3419437320936650,,34,1,
1368881,1943734,3419437340936650,,34,1,
1368881,1943741,3419437410936650,,34,1,
1368881,1943744,3419437440936650,,34,1,
1368881,1943756,3419437560936650,,34,1,
1368881,1943757,3419437570936650,,34,1,
1368881,1943772,3419437720936650,,34,1,
1368881,1943663,3519436630936650,,35,1,
1368881,1943732,3519437320936650,,35,1,
1368881,1943734,3519437340936650,,35,1,
1368881,1943741,3519437410936650,,35,1,
1368881,1943744,3519437440936650,,35,1,
1368881,1943756,3519437560936650,,35,1,
1368881,1943757,3519437570936650,,35,1,
1368881,1943772,3519437720936650,,35,1,
1368881,1943663,3619436630936650,,36,1,
1368881,1943732,3619437320936650,,36,1,
1368881,1943734,3619437340936650,,36,1,
1368881,1943741,3619437410936650,,36,1,
1368881,1943744,3619437440936650,,36,1,
1368881,1943756,3619437560936650,,36,1,
1368881,1943757,3619437570936650,,36,1,
1368881,1943772,3619437720936650,,36,1,
1368881,1943663,3719436630936650,,37,1,
1368881,1943732,3719437320936650,,37,1,
1368881,1943734,3719437340936650,,37,1,
1368881,1943741,3719437410936650,,37,1,
1368881,1943744,3719437440936650,,37,1,
1368881,1943756,3719437560936650,,37,1,
1368881,1943757,3719437570936650,,37,1,
1368881,1943772,3719437720936650,,37,1,
1368881,1943663,3819436630936650,,38,1,
1368881,1943732,3819437320936650,,38,1,
1368881,1943734,3819437340936650,,38,1,
1368881,1943741,3819437410936650,,38,1,
1368881,1943744,3819437440936650,,38,1,
1368881,1943756,3819437560936650,,38,1,
1368881,1943757,3819437570936650,,38,1,
1368881,1943772,3819437720936650,,38,1,
1368881,1943663,3919436630936650,,39,1,
1368881,1943732,3919437320936650,,39,1,
1368881,1943734,3919437340936650,,39,1,
1368881,1943741,3919437410936650,,39,1,
1368881,1943744,3919437440936650,,39,1,
1368881,1943756,3919437560936650,,39,1,
1368881,1943757,3919437570936650,,39,1,
1368881,1943772,3919437720936650,,39,1,
1368881,1943663,4019436630936650,,40,1,
1368881,1943732,4019437320936650,,40,1,
1368881,1943734,4019437340936650,,40,1,
1368881,1943741,4019437410936650,,40,1,
1368881,1943744,4019437440936650,,40,1,
1368881,1943756,4019437560936650,,40,1,
1368881,1943757,4019437570936650,,40,1,
1368881,1943772,4019437720936650,,40,1,
1368881,1943663,4119436630936650,,41,1,
1368881,1943732,4119437320936650,,41,1,
1368881,1943734,4119437340936650,,41,1,
1368881,1943741,4119437410936650,,41,1,
1368881,1943744,4119437440936650,,41,1,
1368881,1943756,4119437560936650,,41,1,
1368881,1943757,4119437570936650,,41,1,
1368881,1943772,4119437720936650,,41,1,
1368881,1943663,419436630936650,,4,1,
1368881,1943732,419437320936650,,4,1,
1368881,1943734,419437340936650,,4,1,
1368881,1943741,419437410936650,,4,1,
1368881,1943744,419437440936650,,4,1,
1368881,1943756,419437560936650,,4,1,
1368881,1943757,419437570936650,,4,1,
1368881,1943772,419437720936650,,4,1,
1368881,1943663,4219436630936650,,42,1,
1368881,1943732,4219437320936650,,42,1,
1368881,1943734,4219437340936650,,42,1,
1368881,1943741,4219437410936650,,42,1,
1368881,1943744,4219437440936650,,42,1,
1368881,1943756,4219437560936650,,42,1,
1368881,1943757,4219437570936650,,42,1,
1368881,1943772,4219437720936650,,42,1,
1368881,1943663,4319436630936650,,43,1,
1368881,1943732,4319437320936650,,43,1,
1368881,1943734,4319437340936650,,43,1,
1368881,1943741,4319437410936650,,43,1,
1368881,1943744,4319437440936650,,43,1,
1368881,1943756,4319437560936650,,43,1,
1368881,1943757,4319437570936650,,43,1,
1368881,1943772,4319437720936650,,43,1,
1368881,1943663,4419436630936650,,44,1,
1368881,1943732,4419437320936650,,44,1,
1368881,1943734,4419437340936650,,44,1,
1368881,1943741,4419437410936650,,44,1,
1368881,1943744,4419437440936650,,44,1,
1368881,1943756,4419437560936650,,44,1,
1368881,1943757,4419437570936650,,44,1,
1368881,1943772,4419437720936650,,44,1,
1368881,1943663,4519436630936650,,45,1,
1368881,1943732,4519437320936650,,45,1,
1368881,1943734,4519437340936650,,45,1,
1368881,1943741,4519437410936650,,45,1,
1368881,1943744,4519437440936650,,45,1,
1368881,1943756,4519437560936650,,45,1,
1368881,1943757,4519437570936650,,45,1,
1368881,1943772,4519437720936650,,45,1,
1368881,1943663,4619436630936650,,46,1,
1368881,1943732,4619437320936650,,46,1,
1368881,1943734,4619437340936650,,46,1,
1368881,1943741,4619437410936650,,46,1,
1368881,1943744,4619437440936650,,46,1,
1368881,1943756,4619437560936650,,46,1,
1368881,1943757,4619437570936650,,46,1,
1368881,1943772,4619437720936650,,46,1,
1368881,1943663,4719436630936650,,47,1,
1368881,1943732,4719437320936650,,47,1,
1368881,1943734,4719437340936650,,47,1,
1368881,1943741,4719437410936650,,47,1,
1368881,1943744,4719437440936650,,47,1,
1368881,1943756,4719437560936650,,47,1,
1368881,1943757,4719437570936650,,47,1,
1368881,1943772,4719437720936650,,47,1,
1368881,1943663,4819436630936650,,48,1,
1368881,1943732,4819437320936650,,48,1,
1368881,1943734,4819437340936650,,48,1,
1368881,1943741,4819437410936650,,48,1,
1368881,1943744,4819437440936650,,48,1,
1368881,1943756,4819437560936650,,48,1,
1368881,1943757,4819437570936650,,48,1,
1368881,1943772,4819437720936650,,48,1,
1368881,1943663,4919436630936650,,49,1,
1368881,1943732,4919437320936650,,49,1,
1368881,1943734,4919437340936650,,49,1,
1368881,1943741,4919437410936650,,49,1,
1368881,1943744,4919437440936650,,49,1,
1368881,1943756,4919437560936650,,49,1,
1368881,1943757,4919437570936650,,49,1,
1368881,1943772,4919437720936650,,49,1,
1368881,1943663,5019436630936650,,50,1,
1368881,1943732,5019437320936650,,50,1,
1368881,1943734,5019437340936650,,50,1,
1368881,1943741,5019437410936650,,50,1,
1368881,1943744,5019437440936650,,50,1,
1368881,1943756,5019437560936650,,50,1,
1368881,1943757,5019437570936650,,50,1,
1368881,1943772,5019437720936650,,50,1,
1368881,1943663,5119436630936650,,51,1,
1368881,1943732,5119437320936650,,51,1,
1368881,1943734,5119437340936650,,51,1,
1368881,1943741,5119437410936650,,51,1,
1368881,1943744,5119437440936650,,51,1,
1368881,1943756,5119437560936650,,51,1,
1368881,1943757,5119437570936650,,51,1,
1368881,1943772,5119437720936650,,51,1,
1368881,1943663,519436630936650,,5,1,
1368881,1943732,519437320936650,,5,1,
1368881,1943734,519437340936650,,5,1,
1368881,1943741,519437410936650,,5,1,
1368881,1943744,519437440936650,,5,1,
1368881,1943756,519437560936650,,5,1,
1368881,1943757,519437570936650,,5,1,
1368881,1943772,519437720936650,,5,1,
1368881,1943663,5219436630936650,,52,1,
1368881,1943732,5219437320936650,,52,1,
1368881,1943734,5219437340936650,,52,1,
1368881,1943741,5219437410936650,,52,1,
1368881,1943744,5219437440936650,,52,1,
1368881,1943756,5219437560936650,,52,1,
1368881,1943757,5219437570936650,,52,1,
1368881,1943772,5219437720936650,,52,1,
1368881,1943663,5319436630936650,,53,1,
1368881,1943732,5319437320936650,,53,1,
1368881,1943734,5319437340936650,,53,1,
1368881,1943741,5319437410936650,,53,1,
1368881,1943744,5319437440936650,,53,1,
1368881,1943756,5319437560936650,,53,1,
1368881,1943757,5319437570936650,,53,1,
1368881,1943772,5319437720936650,,53,1,
1368881,1943663,5419436630936650,,54,1,
1368881,1943732,5419437320936650,,54,1,
1368881,1943734,5419437340936650,,54,1,
1368881,1943741,5419437410936650,,54,1,
1368881,1943744,5419437440936650,,54,1,
1368881,1943756,5419437560936650,,54,1,
1368881,1943757,5419437570936650,,54,1,
1368881,1943772,5419437720936650,,54,1,
1368881,1943663,5519436630936650,,55,1,
1368881,1943732,5519437320936650,,55,1,
1368881,1943734,5519437340936650,,55,1,
1368881,1943741,5519437410936650,,55,1,
1368881,1943744,5519437440936650,,55,1,
1368881,1943756,5519437560936650,,55,1,
1368881,1943757,5519437570936650,,55,1,
1368881,1943772,5519437720936650,,55,1,
1368881,1943663,5619436630936650,,56,1,
1368881,1943732,5619437320936650,,56,1,
1368881,1943734,5619437340936650,,56,1,
1368881,1943741,5619437410936650,,56,1,
1368881,1943744,5619437440936650,,56,1,
1368881,1943756,5619437560936650,,56,1,
1368881,1943757,5619437570936650,,56,1,
1368881,1943772,5619437720936650,,56,1,
1368881,1943663,5719436630936650,,57,1,
1368881,1943732,5719437320936650,,57,1,
1368881,1943734,5719437340936650,,57,1,
1368881,1943741,5719437410936650,,57,1,
1368881,1943744,5719437440936650,,57,1,
1368881,1943756,5719437560936650,,57,1,
1368881,1943757,5719437570936650,,57,1,
1368881,1943772,5719437720936650,,57,1,
1368881,1943663,5819436630936650,,58,1,
1368881,1943732,5819437320936650,,58,1,
1368881,1943734,5819437340936650,,58,1,
1368881,1943741,5819437410936650,,58,1,
1368881,1943744,5819437440936650,,58,1,
1368881,1943756,5819437560936650,,58,1,
1368881,1943757,5819437570936650,,58,1,
1368881,1943772,5819437720936650,,58,1,
1368881,1943663,5919436630936650,,59,1,
1368881,1943732,5919437320936650,,59,1,
1368881,1943734,5919437340936650,,59,1,
1368881,1943741,5919437410936650,,59,1,
1368881,1943744,5919437440936650,,59,1,
1368881,1943756,5919437560936650,,59,1,
1368881,1943757,5919437570936650,,59,1,
1368881,1943772,5919437720936650,,59,1,
1368881,1943663,6019436630936650,,60,1,
1368881,1943732,6019437320936650,,60,1,
1368881,1943734,6019437340936650,,60,1,
1368881,1943741,6019437410936650,,60,1,
1368881,1943744,6019437440936650,,60,1,
1368881,1943756,6019437560936650,,60,1,
1368881,1943757,6019437570936650,,60,1,
1368881,1943772,6019437720936650,,60,1,
1368881,1943663,6119436630936650,,61,1,
1368881,1943732,6119437320936650,,61,1,
1368881,1943734,6119437340936650,,61,1,
1368881,1943741,6119437410936650,,61,1,
1368881,1943744,6119437440936650,,61,1,
1368881,1943756,6119437560936650,,61,1,
1368881,1943757,6119437570936650,,61,1,
1368881,1943772,6119437720936650,,61,1,
1368881,1943663,619436630936650,,6,1,
1368881,1943732,619437320936650,,6,1,
1368881,1943734,619437340936650,,6,1,
1368881,1943741,619437410936650,,6,1,
1368881,1943744,619437440936650,,6,1,
1368881,1943756,619437560936650,,6,1,
1368881,1943757,619437570936650,,6,1,
1368881,1943772,619437720936650,,6,1,
1368881,1943663,6219436630936650,,62,1,
1368881,1943732,6219437320936650,,62,1,
1368881,1943734,6219437340936650,,62,1,
1368881,1943741,6219437410936650,,62,1,
1368881,1943744,6219437440936650,,62,1,
1368881,1943756,6219437560936650,,62,1,
1368881,1943757,6219437570936650,,62,1,
1368881,1943772,6219437720936650,,62,1,
1368881,1943663,6319436630936650,,63,1,
1368881,1943732,6319437320936650,,63,1,
1368881,1943734,6319437340936650,,63,1,
1368881,1943741,6319437410936650,,63,1,
1368881,1943744,6319437440936650,,63,1,
1368881,1943756,6319437560936650,,63,1,
1368881,1943757,6319437570936650,,63,1,
1368881,1943772,6319437720936650,,63,1,
1368881,1943663,6419436630936650,,64,1,
1368881,1943732,6419437320936650,,64,1,
1368881,1943734,6419437340936650,,64,1,
1368881,1943741,6419437410936650,,64,1,
1368881,1943744,6419437440936650,,64,1,
1368881,1943756,6419437560936650,,64,1,
1368881,1943757,6419437570936650,,64,1,
1368881,1943772,6419437720936650,,64,1,
1368881,1943663,6519436630936650,,65,1,
1368881,1943732,6519437320936650,,65,1,
1368881,1943734,6519437340936650,,65,1,
1368881,1943741,6519437410936650,,65,1,
1368881,1943744,6519437440936650,,65,1,
1368881,1943756,6519437560936650,,65,1,
1368881,1943757,6519437570936650,,65,1,
1368881,1943772,6519437720936650,,65,1,
1368881,1943663,6619436630936650,,66,1,
1368881,1943732,6619437320936650,,66,1,
1368881,1943734,6619437340936650,,66,1,
1368881,1943741,6619437410936650,,66,1,
1368881,1943744,6619437440936650,,66,1,
1368881,1943756,6619437560936650,,66,1,
1368881,1943757,6619437570936650,,66,1,
1368881,1943772,6619437720936650,,66,1,
1368881,11943663,6719436630936650,,67,1,
1368881,1943732,6719437320936650,,67,1,
1368881,1943734,6719437340936650,,67,1,
1368881,1943741,6719437410936650,,67,1,
1368881,1943744,6719437440936650,,67,1,
1368881,1943756,6719437560936650,,67,1,
1368881,1943757,6719437570936650,,67,1,
1368881,1943772,6719437720936650,,67,1,
1368881,11943663,6819436630936650,,68,1,
1368881,1943732,6819437320936650,,68,1,
1368881,1943734,6819437340936650,,68,1,
1368881,1943741,6819437410936650,,68,1,
1368881,1943744,6819437440936650,,68,1,
1368881,1943756,6819437560936650,,68,1,
1368881,1943757,6819437570936650,,68,1,
1368881,1943772,6819437720936650,,68,1,
1368881,1943732,6919437320936650,,69,1,
1368881,1943734,6919437340936650,,69,1,
1368881,1943741,6919437410936650,,69,1,
1368881,1943744,6919437440936650,,69,1,
1368881,1943756,6919437560936650,,69,1,
1368881,1943757,6919437570936650,,69,1,
1368881,1943772,6919437720936650,,69,1,
1368881,1943732,7019437320936650,,70,1,
1368881,1943734,7019437340936650,,70,1,
1368881,1943741,7019437410936650,,70,1,
1368881,1943744,7019437440936650,,70,1,
1368881,1943756,7019437560936650,,70,1,
1368881,1943757,7019437570936650,,70,1,
1368881,1943772,7019437720936650,,70,1,
1368881,1943732,7119437320936650,,71,1,
1368881,1943734,7119437340936650,,71,1,
1368881,1943741,7119437410936650,,71,1,
1368881,1943744,7119437440936650,,71,1,
1368881,1943756,7119437560936650,,71,1,
1368881,1943757,7119437570936650,,71,1,
1368881,1943772,7119437720936650,,71,1,
1368881,1943663,719436630936650,,7,1,
1368881,1943732,719437320936650,,7,1,
1368881,1943734,719437340936650,,7,1,
1368881,1943741,719437410936650,,7,1,
1368881,1943744,719437440936650,,7,1,
1368881,1943756,719437560936650,,7,1,
1368881,1943757,719437570936650,,7,1,
1368881,1943772,719437720936650,,7,1,
1368881,1943732,7219437320936650,,72,1,
1368881,1943734,7219437340936650,,72,1,
1368881,1943741,7219437410936650,,72,1,
1368881,1943744,7219437440936650,,72,1,
1368881,1943756,7219437560936650,,72,1,
1368881,1943757,7219437570936650,,72,1,
1368881,1943772,7219437720936650,,72,1,
1368881,1943732,7319437320936650,,73,1,
1368881,1943734,7319437340936650,,73,1,
1368881,1943741,7319437410936650,,73,1,
1368881,1943744,7319437440936650,,73,1,
1368881,1943756,7319437560936650,,73,1,
1368881,1943757,7319437570936650,,73,1,
1368881,1943772,7319437720936650,,73,1,
1368881,1943732,7419437320936650,,74,1,
1368881,1943734,7419437340936650,,74,1,
1368881,1943741,7419437410936650,,74,1,
1368881,1943744,7419437440936650,,74,1,
1368881,1943756,7419437560936650,,74,1,
1368881,1943757,7419437570936650,,74,1,
1368881,1943772,7419437720936650,,74,1,
1368881,1943732,7519437320936650,,75,1,
1368881,1943734,7519437340936650,,75,1,
1368881,1943741,7519437410936650,,75,1,
1368881,1943744,7519437440936650,,75,1,
1368881,1943756,7519437560936650,,75,1,
1368881,1943757,7519437570936650,,75,1,
1368881,1943772,7519437720936650,,75,1,
1368881,1943732,7619437320936650,,76,1,
1368881,1943734,7619437340936650,,76,1,
1368881,1943741,7619437410936650,,76,1,
1368881,1943744,7619437440936650,,76,1,
1368881,1943756,7619437560936650,,76,1,
1368881,1943757,7619437570936650,,76,1,
1368881,1943772,7619437720936650,,76,1,
1368881,1943732,7719437320936650,,77,1,
1368881,1943734,7719437340936650,,77,1,
1368881,1943741,7719437410936650,,77,1,
1368881,1943744,7719437440936650,,77,1,
1368881,1943756,7719437560936650,,77,1,
1368881,1943757,7719437570936650,,77,1,
1368881,1943772,7719437720936650,,77,1,
1368881,1943732,7819437320936650,,78,1,
1368881,1943734,7819437340936650,,78,1,
1368881,1943741,7819437410936650,,78,1,
1368881,1943744,7819437440936650,,78,1,
1368881,11943756,7819437560936650,,78,1,
1368881,1943757,7819437570936650,,78,1,
1368881,1943772,7819437720936650,,78,1,
1368881,1943732,7919437320936650,,79,1,
1368881,1943734,7919437340936650,,79,1,
1368881,1943741,7919437410936650,,79,1,
1368881,1943744,7919437440936650,,79,1,
1368881,11943756,7919437560936650,,79,1,
1368881,1943757,7919437570936650,,79,1,
1368881,1943772,7919437720936650,,79,1,
1368881,1943732,8019437320936650,,80,1,
1368881,1943734,8019437340936650,,80,1,
1368881,1943741,8019437410936650,,80,1,
1368881,1943744,8019437440936650,,80,1,
1368881,11943756,8019437560936650,,80,1,
1368881,1943757,8019437570936650,,80,1,
1368881,1943772,8019437720936650,,80,1,
1368881,1943732,8119437320936650,,81,1,
1368881,1943734,8119437340936650,,81,1,
1368881,1943741,8119437410936650,,81,1,
1368881,1943744,8119437440936650,,81,1,
1368881,11943756,8119437560936650,,81,1,
1368881,1943757,8119437570936650,,81,1,
1368881,1943772,8119437720936650,,81,1,
1368881,1943663,819436630936650,,8,1,
1368881,1943732,819437320936650,,8,1,
1368881,1943734,819437340936650,,8,1,
1368881,1943741,819437410936650,,8,1,
1368881,1943744,819437440936650,,8,1,
1368881,1943756,819437560936650,,8,1,
1368881,1943757,819437570936650,,8,1,
1368881,1943772,819437720936650,,8,1,
1368881,1943732,8219437320936650,,82,1,
1368881,1943734,8219437340936650,,82,1,
1368881,1943741,8219437410936650,,82,1,
1368881,1943744,8219437440936650,,82,1,
1368881,1943757,8219437570936650,,82,1,
1368881,1943772,8219437720936650,,82,1,
1368881,1943732,8319437320936650,,83,1,
1368881,1943734,8319437340936650,,83,1,
1368881,1943741,8319437410936650,,83,1,
1368881,1943744,8319437440936650,,83,1,
1368881,1943757,8319437570936650,,83,1,
1368881,1943772,8319437720936650,,83,1,
1368881,1943732,8419437320936650,,84,1,
1368881,1943734,8419437340936650,,84,1,
1368881,1943741,8419437410936650,,84,1,
1368881,1943744,8419437440936650,,84,1,
1368881,1943757,8419437570936650,,84,1,
1368881,1943772,8419437720936650,,84,1,
1368881,1943732,8519437320936650,,85,1,
1368881,1943734,8519437340936650,,85,1,
1368881,1943741,8519437410936650,,85,1,
1368881,1943744,8519437440936650,,85,1,
1368881,1943757,8519437570936650,,85,1,
1368881,1943772,8519437720936650,,85,1,
1368881,1943732,8619437320936650,,86,1,
1368881,1943734,8619437340936650,,86,1,
1368881,1943741,8619437410936650,,86,1,
1368881,1943744,8619437440936650,,86,1,
1368881,1943757,8619437570936650,,86,1,
1368881,1943772,8619437720936650,,86,1,
1368881,1943732,8719437320936650,,87,1,
1368881,1943734,8719437340936650,,87,1,
1368881,1943741,8719437410936650,,87,1,
1368881,1943744,8719437440936650,,87,1,
1368881,1943757,8719437570936650,,87,1,
1368881,1943772,8719437720936650,,87,1,
1368881,1943732,8819437320936650,,88,1,
1368881,1943734,8819437340936650,,88,1,
1368881,1943741,8819437410936650,,88,1,
1368881,1943744,8819437440936650,,88,1,
1368881,1943757,8819437570936650,,88,1,
1368881,1943772,8819437720936650,,88,1,
1368881,1943732,8919437320936650,,89,1,
1368881,1943734,8919437340936650,,89,1,
1368881,1943741,8919437410936650,,89,1,
1368881,1943744,8919437440936650,,89,1,
1368881,1943757,8919437570936650,,89,1,
1368881,1943772,8919437720936650,,89,1,
1368881,1943732,9019437320936650,,90,1,
1368881,1943734,9019437340936650,,90,1,
1368881,1943741,9019437410936650,,90,1,
1368881,1943744,9019437440936650,,90,1,
1368881,1943757,9019437570936650,,90,1,
1368881,1943772,9019437720936650,,90,1,
1368881,1943732,9119437320936650,,91,1,
1368881,11943734,9119437340936650,,91,1,
1368881,1943741,9119437410936650,,91,1,
1368881,1943744,9119437440936650,,91,1,
1368881,1943757,9119437570936650,,91,1,
1368881,1943772,9119437720936650,,91,1,
1368881,1943663,919436630936650,,9,1,
1368881,1943732,919437320936650,,9,1,
1368881,1943734,919437340936650,,9,1,
1368881,1943741,919437410936650,,9,1,
1368881,1943744,919437440936650,,9,1,
1368881,1943756,919437560936650,,9,1,
1368881,1943757,919437570936650,,9,1,
1368881,1943772,919437720936650,,9,1,
1368881,1943732,9219437320936650,,92,1,
1368881,11943734,9219437340936650,,92,1,
1368881,1943741,9219437410936650,,92,1,
1368881,11943744,9219437440936650,,92,1,
1368881,1943757,9219437570936650,,92,1,
1368881,11943772,9219437720936650,,92,1,
1368881,1943732,9319437320936650,,93,1,
1368881,1943741,9319437410936650,,93,1,
1368881,11943744,9319437440936650,,93,1,
1368881,1943757,9319437570936650,,93,1,
1368881,11943772,9319437720936650,,93,1,
1368881,1943732,9419437320936650,,94,1,
1368881,11943741,9419437410936650,,94,1,
1368881,11943757,9419437570936650,,94,1,
1368881,11943772,9419437720936650,,94,1,
1368881,11943732,9519437320936650,,95,1,
1368881,11943741,9519437410936650,,95,1,
1368881,11943757,9519437570936650,,95,1,
1368881,11943772,9519437720936650,,95,1,
1368881,11943732,9619437320936650,,96,1,
1368881,11943757,9619437570936650,,96,1,
1368881,11943757,9719437570936650,,97,1,
1368881,1943732,1019437320936653,,10,1,
1368881,1943734,1019437340936653,,10,1,
1368881,1943741,1019437410936653,,10,1,
1368881,1943744,1019437440936653,,10,1,
1368881,1943757,1019437570936653,,10,1,
1368881,1943772,1019437720936653,,10,1,
1368881,1943732,1119437320936653,,11,1,
1368881,1943734,1119437340936653,,11,1,
1368881,1943741,1119437410936653,,11,1,
1368881,1943744,1119437440936653,,11,1,
1368881,1943757,1119437570936653,,11,1,
1368881,1943772,1119437720936653,,11,1,
1368881,1943732,119437320936653,,1,1,
1368881,1943734,119437340936653,,1,1,
1368881,1943741,119437410936653,,1,1,
1368881,1943744,119437440936653,,1,1,
1368881,1943757,119437570936653,,1,1,
1368881,1943772,119437720936653,,1,1,
1368881,1943732,1219437320936653,,12,1,
1368881,1943734,1219437340936653,,12,1,
1368881,1943741,1219437410936653,,12,1,
1368881,1943744,1219437440936653,,12,1,
1368881,1943757,1219437570936653,,12,1,
1368881,1943772,1219437720936653,,12,1,
1368881,1943732,1319437320936653,,13,1,
1368881,1943741,1319437410936653,,13,1,
1368881,1943744,1319437440936653,,13,1,
1368881,1943757,1319437570936653,,13,1,
1368881,1943772,1319437720936653,,13,1,
1368881,1943732,1419437320936653,,14,1,
1368881,1943741,1419437410936653,,14,1,
1368881,1943744,1419437440936653,,14,1,
1368881,1943757,1419437570936653,,14,1,
1368881,1943772,1419437720936653,,14,1,
1368881,1943732,1519437320936653,,15,1,
1368881,1943741,1519437410936653,,15,1,
1368881,1943744,1519437440936653,,15,1,
1368881,1943757,1519437570936653,,15,1,
1368881,1943772,1519437720936653,,15,1,
1368881,1943732,1619437320936653,,16,1,
1368881,1943741,1619437410936653,,16,1,
1368881,1943744,1619437440936653,,16,1,
1368881,1943757,1619437570936653,,16,1,
1368881,1943772,1619437720936653,,16,1,
1368881,1943732,1719437320936653,,17,1,
1368881,1943741,1719437410936653,,17,1,
1368881,1943744,1719437440936653,,17,1,
1368881,1943757,1719437570936653,,17,1,
1368881,1943772,1719437720936653,,17,1,
1368881,1943732,1819437320936653,,18,1,
1368881,1943741,1819437410936653,,18,1,
1368881,1943744,1819437440936653,,18,1,
1368881,1943757,1819437570936653,,18,1,
1368881,1943772,1819437720936653,,18,1,
1368881,1943732,1919437320936653,,19,1,
1368881,1943741,1919437410936653,,19,1,
1368881,1943757,1919437570936653,,19,1,
1368881,1943732,2019437320936653,,20,1,
1368881,1943741,2019437410936653,,20,1,
1368881,1943757,2019437570936653,,20,1,
1368881,1943741,2119437410936653,,21,1,
1368881,1943757,2119437570936653,,21,1,
1368881,1943732,219437320936653,,2,1,
1368881,1943734,219437340936653,,2,1,
1368881,1943741,219437410936653,,2,1,
1368881,1943744,219437440936653,,2,1,
1368881,1943757,219437570936653,,2,1,
1368881,1943772,219437720936653,,2,1,
1368881,1943741,2219437410936653,,22,1,
1368881,1943757,2219437570936653,,22,1,
1368881,1943741,2319437410936653,,23,1,
1368881,1943757,2319437570936653,,23,1,
1368881,1943741,2419437410936653,,24,1,
1368881,1943757,2419437570936653,,24,1,
1368881,1943732,319437320936653,,3,1,
1368881,1943734,319437340936653,,3,1,
1368881,1943741,319437410936653,,3,1,
1368881,1943744,319437440936653,,3,1,
1368881,1943757,319437570936653,,3,1,
1368881,1943772,319437720936653,,3,1,
1368881,1943732,419437320936653,,4,1,
1368881,1943734,419437340936653,,4,1,
1368881,1943741,419437410936653,,4,1,
1368881,1943744,419437440936653,,4,1,
1368881,1943757,419437570936653,,4,1,
1368881,1943772,419437720936653,,4,1,
1368881,1943732,519437320936653,,5,1,
1368881,1943734,519437340936653,,5,1,
1368881,1943741,519437410936653,,5,1,
1368881,1943744,519437440936653,,5,1,
1368881,1943757,519437570936653,,5,1,
1368881,1943772,519437720936653,,5,1,
1368881,1943732,619437320936653,,6,1,
1368881,1943734,619437340936653,,6,1,
1368881,1943741,619437410936653,,6,1,
1368881,1943744,619437440936653,,6,1,
1368881,1943757,619437570936653,,6,1,
1368881,1943772,619437720936653,,6,1,
1368881,1943732,719437320936653,,7,1,
1368881,1943734,719437340936653,,7,1,
1368881,1943741,719437410936653,,7,1,
1368881,1943744,719437440936653,,7,1,
1368881,1943757,719437570936653,,7,1,
1368881,1943772,719437720936653,,7,1,
1368881,1943732,819437320936653,,8,1,
1368881,1943734,819437340936653,,8,1,
1368881,1943741,819437410936653,,8,1,
1368881,1943744,819437440936653,,8,1,
1368881,1943757,819437570936653,,8,1,
1368881,1943772,819437720936653,,8,1,
1368881,1943732,919437320936653,,9,1,
1368881,1943734,919437340936653,,9,1,
1368881,1943741,919437410936653,,9,1,
1368881,1943744,919437440936653,,9,1,
1368881,1943757,919437570936653,,9,1,
1368881,1943772,919437720936653,,9,1,
1368881,1943663,119436630936651,,1,1,
1368881,1943732,119437320936651,,1,1,
1368881,1943734,119437340936651,,1,1,
1368881,1943741,119437410936651,,1,1,
1368881,1943744,119437440936651,,1,1,
1368881,1943756,119437560936651,,1,1,
1368881,1943757,119437570936651,,1,1,
1368881,1943772,119437720936651,,1,1,
1368881,1943663,219436630936651,,2,1,
1368881,1943732,219437320936651,,2,1,
1368881,1943734,219437340936651,,2,1,
1368881,1943741,219437410936651,,2,1,
1368881,1943744,219437440936651,,2,1,
1368881,1943756,219437560936651,,2,1,
1368881,1943757,219437570936651,,2,1,
1368881,1943772,219437720936651,,2,1,
969046,1943832,1019438320936654,,10,0,
969046,1943838,1019438380936654,,10,0,
969046,1943839,1019438390936654,,10,0,
969046,1943845,1019438450936654,,10,0,
969046,1943851,1019438510936654,,10,0,
969046,1943852,1019438520936654,,10,0,
969046,1943832,1119438320936654,,11,0,
969046,1943838,1119438380936654,,11,0,
969046,1943839,1119438390936654,,11,0,
969046,1943845,1119438450936654,,11,0,
969046,1943851,1119438510936654,,11,0,
969046,1943852,1119438520936654,,11,0,
969046,1943832,119438320936654,,1,0,
969046,1943838,119438380936654,,1,0,
969046,1943839,119438390936654,,1,0,
969046,1943845,119438450936654,,1,0,
969046,1943851,119438510936654,,1,0,
969046,1943852,119438520936654,,1,0,
969046,1943832,1219438320936654,,12,0,
969046,1943839,1219438390936654,,12,0,
969046,1943845,1219438450936654,,12,0,
969046,1943851,1219438510936654,,12,0,
969046,1943852,1219438520936654,,12,0,
969046,1943832,1319438320936654,,13,0,
969046,1943839,1319438390936654,,13,0,
969046,1943845,1319438450936654,,13,0,
969046,1943851,1319438510936654,,13,0,
969046,1943852,1319438520936654,,13,0,
969046,1943832,1419438320936654,,14,0,
969046,1943839,1419438390936654,,14,0,
969046,1943845,1419438450936654,,14,0,
969046,1943851,1419438510936654,,14,0,
969046,1943852,1419438520936654,,14,0,
969046,1943839,1519438390936654,,15,0,
969046,1943845,1519438450936654,,15,0,
969046,1943851,1519438510936654,,15,0,
969046,1943852,1519438520936654,,15,0,
969046,1943839,1619438390936654,,16,0,
969046,1943845,1619438450936654,,16,0,
969046,1943851,1619438510936654,,16,0,
969046,1943852,1619438520936654,,16,0,
969046,1943839,1719438390936654,,17,0,
969046,1943845,1719438450936654,,17,0,
969046,1943851,1719438510936654,,17,0,
969046,1943852,1719438520936654,,17,0,
969046,1943839,1819438390936654,,18,0,
969046,1943845,1819438450936654,,18,0,
969046,1943851,1819438510936654,,18,0,
969046,1943852,1819438520936654,,18,0,
969046,1943839,1919438390936654,,19,0,
969046,1943845,1919438450936654,,19,0,
969046,1943851,1919438510936654,,19,0,
969046,1943852,1919438520936654,,19,0,
969046,1943839,2019438390936654,,20,0,
969046,1943845,2019438450936654,,20,0,
969046,1943851,2019438510936654,,20,0,
969046,1943852,2019438520936654,,20,0,
969046,1943839,2119438390936654,,21,0,
969046,1943845,2119438450936654,,21,0,
969046,1943851,2119438510936654,,21,0,
969046,1943852,2119438520936654,,21,0,
969046,1943832,219438320936654,,2,0,
969046,1943838,219438380936654,,2,0,
969046,1943839,219438390936654,,2,0,
969046,1943845,219438450936654,,2,0,
969046,1943851,219438510936654,,2,0,
969046,1943852,219438520936654,,2,0,
969046,1943839,2219438390936654,,22,0,
969046,1943845,2219438450936654,,22,0,
969046,1943851,2219438510936654,,22,0,
969046,1943852,2219438520936654,,22,0,
969046,1943839,2319438390936654,,23,0,
969046,1943845,2319438450936654,,23,0,
969046,1943851,2319438510936654,,23,0,
969046,1943852,2319438520936654,,23,0,
969046,1943839,2419438390936654,,24,0,
969046,1943845,2419438450936654,,24,0,
969046,1943851,2419438510936654,,24,0,
969046,1943852,2419438520936654,,24,0,
969046,1943839,2519438390936654,,25,0,
969046,1943845,2519438450936654,,25,0,
969046,1943851,2519438510936654,,25,0,
969046,1943852,2519438520936654,,25,0,
969046,1943839,2619438390936654,,26,0,
969046,1943845,2619438450936654,,26,0,
969046,1943851,2619438510936654,,26,0,
969046,1943852,2619438520936654,,26,0,
969046,1943845,2719438450936654,,27,0,
969046,1943852,2719438520936654,,27,0,
969046,1943832,319438320936654,,3,0,
969046,1943838,319438380936654,,3,0,
969046,1943839,319438390936654,,3,0,
969046,1943845,319438450936654,,3,0,
969046,1943851,319438510936654,,3,0,
969046,1943852,319438520936654,,3,0,
969046,1943832,419438320936654,,4,0,
969046,1943838,419438380936654,,4,0,
969046,1943839,419438390936654,,4,0,
969046,1943845,419438450936654,,4,0,
969046,1943851,419438510936654,,4,0,
969046,1943852,419438520936654,,4,0,
969046,1943832,519438320936654,,5,0,
969046,1943838,519438380936654,,5,0,
969046,1943839,519438390936654,,5,0,
969046,1943845,519438450936654,,5,0,
969046,1943851,519438510936654,,5,0,
969046,1943852,519438520936654,,5,0,
969046,1943832,619438320936654,,6,0,
969046,1943838,619438380936654,,6,0,
969046,1943839,619438390936654,,6,0,
969046,1943845,619438450936654,,6,0,
969046,1943851,619438510936654,,6,0,
969046,1943852,619438520936654,,6,0,
969046,1943832,719438320936654,,7,0,
969046,1943838,719438380936654,,7,0,
969046,1943839,719438390936654,,7,0,
969046,1943845,719438450936654,,7,0,
969046,1943851,719438510936654,,7,0,
969046,1943852,719438520936654,,7,0,
969046,1943832,819438320936654,,8,0,
969046,1943838,819438380936654,,8,0,
969046,1943839,819438390936654,,8,0,
969046,1943845,819438450936654,,8,0,
969046,1943851,819438510936654,,8,0,
969046,1943852,819438520936654,,8,0,
969046,1943832,919438320936654,,9,0,
969046,1943838,919438380936654,,9,0,
969046,1943839,919438390936654,,9,0,
969046,1943845,919438450936654,,9,0,
969046,1943851,919438510936654,,9,0,
969046,1943852,919438520936654,,9,0,
