route_id,service_id,trip_id,trip_headsign,trip_short_name,direction_id,shape_id
1351305,1977410,10019774101051901,,100,0,
1351305,1977414,10019774141051901,,100,0,
1351305,1977415,10019774151051901,,100,0,
1351305,2005187,10020051871051901,,100,0,
1351305,2005189,10020051891051901,,100,0,
1351305,12005190,10020051901051901,,100,0,
1351305,2005191,10020051911051901,,100,0,
1351305,2005193,10020051931051901,,100,0,
1351305,1977410,10119774101051901,,101,0,
1351305,1977414,10119774141051901,,101,0,
1351305,1977415,10119774151051901,,101,0,
1351305,2005187,10120051871051901,,101,0,
1351305,2005189,10120051891051901,,101,0,
1351305,12005190,10120051901051901,,101,0,
1351305,2005191,10120051911051901,,101,0,
1351305,2005193,10120051931051901,,101,0,
1351305,1977410,1019774101051901,,10,0,
1351305,1977414,1019774141051901,,10,0,
1351305,1977415,1019774151051901,,10,0,
1351305,2005184,1020051841051901,,10,0,
1351305,2005185,1020051851051901,,10,0,
1351305,2005187,1020051871051901,,10,0,
1351305,2005189,1020051891051901,,10,0,
1351305,2005190,1020051901051901,,10,0,
1351305,2005191,1020051911051901,,10,0,
1351305,2005193,1020051931051901,,10,0,
1351305,1977410,10219774101051901,,102,0,
1351305,1977414,10219774141051901,,102,0,
1351305,1977415,10219774151051901,,102,0,
1351305,2005187,10220051871051901,,102,0,
1351305,2005189,10220051891051901,,102,0,
1351305,12005190,10220051901051901,,102,0,
1351305,2005191,10220051911051901,,102,0,
1351305,2005193,10220051931051901,,102,0,
1351305,1977410,10319774101051901,,103,0,
1351305,1977414,10319774141051901,,103,0,
1351305,1977415,10319774151051901,,103,0,
1351305,2005187,10320051871051901,,103,0,
1351305,2005189,10320051891051901,,103,0,
1351305,12005190,10320051901051901,,103,0,
1351305,2005191,10320051911051901,,103,0,
1351305,2005193,10320051931051901,,103,0,
1351305,1977410,10419774101051901,,104,0,
1351305,1977414,10419774141051901,,104,0,
1351305,1977415,10419774151051901,,104,0,
1351305,2005187,10420051871051901,,104,0,
1351305,2005189,10420051891051901,,104,0,
1351305,2005191,10420051911051901,,104,0,
1351305,2005193,10420051931051901,,104,0,
1351305,1977410,10519774101051901,,105,0,
1351305,1977414,10519774141051901,,105,0,
1351305,1977415,10519774151051901,,105,0,
1351305,2005187,10520051871051901,,105,0,
1351305,2005189,10520051891051901,,105,0,
1351305,2005191,10520051911051901,,105,0,
1351305,2005193,10520051931051901,,105,0,
1351305,1977410,10619774101051901,,106,0,
1351305,1977414,10619774141051901,,106,0,
1351305,1977415,10619774151051901,,106,0,
1351305,2005187,10620051871051901,,106,0,
1351305,2005189,10620051891051901,,106,0,
1351305,2005191,10620051911051901,,106,0,
1351305,2005193,10620051931051901,,106,0,
1351305,1977410,10719774101051901,,107,0,
1351305,11977414,10719774141051901,,107,0,
1351305,11977415,10719774151051901,,107,0,
1351305,2005187,10720051871051901,,107,0,
1351305,2005189,10720051891051901,,107,0,
1351305,12005191,10720051911051901,,107,0,
1351305,2005193,10720051931051901,,107,0,
1351305,1977410,10819774101051901,,108,0,
1351305,11977414,10819774141051901,,108,0,
1351305,11977415,10819774151051901,,108,0,
1351305,2005187,10820051871051901,,108,0,
1351305,2005189,10820051891051901,,108,0,
1351305,12005191,10820051911051901,,108,0,
1351305,2005193,10820051931051901,,108,0,
1351305,1977410,10919774101051901,,109,0,
1351305,11977415,10919774151051901,,109,0,
1351305,2005187,10920051871051901,,109,0,
1351305,2005189,10920051891051901,,109,0,
1351305,12005191,10920051911051901,,109,0,
1351305,2005193,10920051931051901,,109,0,
1351305,1977410,11019774101051901,,110,0,
1351305,11977415,11019774151051901,,110,0,
1351305,2005187,11020051871051901,,110,0,
1351305,2005189,11020051891051901,,110,0,
1351305,12005191,11020051911051901,,110,0,
1351305,2005193,11020051931051901,,110,0,
1351305,1977410,11119774101051901,,111,0,
1351305,2005187,11120051871051901,,111,0,
1351305,2005189,11120051891051901,,111,0,
1351305,2005193,11120051931051901,,111,0,
1351305,1977410,1119774101051901,,11,0,
1351305,1977414,1119774141051901,,11,0,
1351305,1977415,1119774151051901,,11,0,
1351305,2005184,1120051841051901,,11,0,
1351305,2005185,1120051851051901,,11,0,
1351305,2005187,1120051871051901,,11,0,
1351305,2005189,1120051891051901,,11,0,
1351305,2005190,1120051901051901,,11,0,
1351305,2005191,1120051911051901,,11,0,
1351305,2005193,1120051931051901,,11,0,
1351305,1977410,11219774101051901,,112,0,
1351305,2005187,11220051871051901,,112,0,
1351305,2005189,11220051891051901,,112,0,
1351305,2005193,11220051931051901,,112,0,
1351305,1977410,11319774101051901,,113,0,
1351305,2005187,11320051871051901,,113,0,
1351305,2005189,11320051891051901,,113,0,
1351305,2005193,11320051931051901,,113,0,
1351305,1977410,11419774101051901,,114,0,
1351305,2005187,11420051871051901,,114,0,
1351305,2005189,11420051891051901,,114,0,
1351305,2005193,11420051931051901,,114,0,
1351305,1977410,11519774101051901,,115,0,
1351305,2005187,11520051871051901,,115,0,
1351305,2005189,11520051891051901,,115,0,
1351305,2005193,11520051931051901,,115,0,
1351305,1977410,11619774101051901,,116,0,
1351305,2005187,11620051871051901,,116,0,
1351305,2005189,11620051891051901,,116,0,
1351305,2005193,11620051931051901,,116,0,
1351305,1977410,11719774101051901,,117,0,
1351305,2005187,11720051871051901,,117,0,
1351305,2005189,11720051891051901,,117,0,
1351305,2005193,11720051931051901,,117,0,
1351305,1977410,11819774101051901,,118,0,
1351305,12005187,11820051871051901,,118,0,
1351305,2005189,11820051891051901,,118,0,
1351305,2005193,11820051931051901,,118,0,
1351305,1977410,11919774101051901,,119,0,
1351305,12005187,11920051871051901,,119,0,
1351305,2005189,11920051891051901,,119,0,
1351305,2005193,11920051931051901,,119,0,
1351305,1977410,119774101051901,,1,0,
1351305,1977414,119774141051901,,1,0,
1351305,1977415,119774151051901,,1,0,
1351305,2005184,120051841051901,,1,0,
1351305,2005185,120051851051901,,1,0,
1351305,2005187,120051871051901,,1,0,
1351305,2005189,120051891051901,,1,0,
1351305,2005190,120051901051901,,1,0,
1351305,2005191,120051911051901,,1,0,
1351305,2005193,120051931051901,,1,0,
1351305,11977410,12019774101051901,,120,0,
1351305,12005189,12020051891051901,,120,0,
1351305,12005193,12020051931051901,,120,0,
1351305,11977410,12119774101051901,,121,0,
1351305,12005189,12120051891051901,,121,0,
1351305,12005193,12120051931051901,,121,0,
1351305,1977410,1219774101051901,,12,0,
1351305,1977414,1219774141051901,,12,0,
1351305,1977415,1219774151051901,,12,0,
1351305,2005184,1220051841051901,,12,0,
1351305,2005185,1220051851051901,,12,0,
1351305,2005187,1220051871051901,,12,0,
1351305,2005189,1220051891051901,,12,0,
1351305,2005190,1220051901051901,,12,0,
1351305,2005191,1220051911051901,,12,0,
1351305,2005193,1220051931051901,,12,0,
1351305,11977410,12219774101051901,,122,0,
1351305,12005193,12220051931051901,,122,0,
1351305,11977410,12319774101051901,,123,0,
1351305,12005193,12320051931051901,,123,0,
1351305,1977410,1319774101051901,,13,0,
1351305,1977414,1319774141051901,,13,0,
1351305,1977415,1319774151051901,,13,0,
1351305,2005184,1320051841051901,,13,0,
1351305,2005185,1320051851051901,,13,0,
1351305,2005187,1320051871051901,,13,0,
1351305,2005189,1320051891051901,,13,0,
1351305,2005190,1320051901051901,,13,0,
1351305,2005191,1320051911051901,,13,0,
1351305,2005193,1320051931051901,,13,0,
1351305,1977410,1419774101051901,,14,0,
1351305,1977414,1419774141051901,,14,0,
1351305,1977415,1419774151051901,,14,0,
1351305,2005184,1420051841051901,,14,0,
1351305,2005185,1420051851051901,,14,0,
1351305,2005187,1420051871051901,,14,0,
1351305,2005189,1420051891051901,,14,0,
1351305,2005190,1420051901051901,,14,0,
1351305,2005191,1420051911051901,,14,0,
1351305,2005193,1420051931051901,,14,0,
1351305,1977410,1519774101051901,,15,0,
1351305,1977414,1519774141051901,,15,0,
1351305,1977415,1519774151051901,,15,0,
1351305,2005184,1520051841051901,,15,0,
1351305,2005185,1520051851051901,,15,0,
1351305,2005187,1520051871051901,,15,0,
1351305,2005189,1520051891051901,,15,0,
1351305,2005190,1520051901051901,,15,0,
1351305,2005191,1520051911051901,,15,0,
1351305,2005193,1520051931051901,,15,0,
1351305,1977410,1619774101051901,,16,0,
1351305,1977414,1619774141051901,,16,0,
1351305,1977415,1619774151051901,,16,0,
1351305,2005184,1620051841051901,,16,0,
1351305,2005185,1620051851051901,,16,0,
1351305,2005187,1620051871051901,,16,0,
1351305,2005189,1620051891051901,,16,0,
1351305,2005190,1620051901051901,,16,0,
1351305,2005191,1620051911051901,,16,0,
1351305,2005193,1620051931051901,,16,0,
1351305,1977410,1719774101051901,,17,0,
1351305,1977414,1719774141051901,,17,0,
1351305,1977415,1719774151051901,,17,0,
1351305,2005184,1720051841051901,,17,0,
1351305,2005185,1720051851051901,,17,0,
1351305,2005187,1720051871051901,,17,0,
1351305,2005189,1720051891051901,,17,0,
1351305,2005190,1720051901051901,,17,0,
1351305,2005191,1720051911051901,,17,0,
1351305,2005193,1720051931051901,,17,0,
1351305,1977410,1819774101051901,,18,0,
1351305,1977414,1819774141051901,,18,0,
1351305,1977415,1819774151051901,,18,0,
1351305,2005184,1820051841051901,,18,0,
1351305,2005185,1820051851051901,,18,0,
1351305,2005187,1820051871051901,,18,0,
1351305,2005189,1820051891051901,,18,0,
1351305,2005190,1820051901051901,,18,0,
1351305,2005191,1820051911051901,,18,0,
1351305,2005193,1820051931051901,,18,0,
1351305,1977410,1919774101051901,,19,0,
1351305,1977414,1919774141051901,,19,0,
1351305,1977415,1919774151051901,,19,0,
1351305,2005184,1920051841051901,,19,0,
1351305,2005185,1920051851051901,,19,0,
1351305,2005187,1920051871051901,,19,0,
1351305,2005189,1920051891051901,,19,0,
1351305,2005190,1920051901051901,,19,0,
1351305,2005191,1920051911051901,,19,0,
1351305,2005193,1920051931051901,,19,0,
1351305,1977410,2019774101051901,,20,0,
1351305,1977414,2019774141051901,,20,0,
1351305,1977415,2019774151051901,,20,0,
1351305,2005184,2020051841051901,,20,0,
1351305,2005185,2020051851051901,,20,0,
1351305,2005187,2020051871051901,,20,0,
1351305,2005189,2020051891051901,,20,0,
1351305,2005190,2020051901051901,,20,0,
1351305,2005191,2020051911051901,,20,0,
1351305,2005193,2020051931051901,,20,0,
1351305,1977410,2119774101051901,,21,0,
1351305,1977414,2119774141051901,,21,0,
1351305,1977415,2119774151051901,,21,0,
1351305,2005184,2120051841051901,,21,0,
1351305,2005185,2120051851051901,,21,0,
1351305,2005187,2120051871051901,,21,0,
1351305,2005189,2120051891051901,,21,0,
1351305,2005190,2120051901051901,,21,0,
1351305,2005191,2120051911051901,,21,0,
1351305,2005193,2120051931051901,,21,0,
1351305,1977410,219774101051901,,2,0,
1351305,1977414,219774141051901,,2,0,
1351305,1977415,219774151051901,,2,0,
1351305,2005184,220051841051901,,2,0,
1351305,2005185,220051851051901,,2,0,
1351305,2005187,220051871051901,,2,0,
1351305,2005189,220051891051901,,2,0,
1351305,2005190,220051901051901,,2,0,
1351305,2005191,220051911051901,,2,0,
1351305,2005193,220051931051901,,2,0,
1351305,1977410,2219774101051901,,22,0,
1351305,1977414,2219774141051901,,22,0,
1351305,1977415,2219774151051901,,22,0,
1351305,2005184,2220051841051901,,22,0,
1351305,2005185,2220051851051901,,22,0,
1351305,2005187,2220051871051901,,22,0,
1351305,2005189,2220051891051901,,22,0,
1351305,2005190,2220051901051901,,22,0,
1351305,2005191,2220051911051901,,22,0,
1351305,2005193,2220051931051901,,22,0,
1351305,1977410,2319774101051901,,23,0,
1351305,1977414,2319774141051901,,23,0,
1351305,1977415,2319774151051901,,23,0,
1351305,2005184,2320051841051901,,23,0,
1351305,2005185,2320051851051901,,23,0,
1351305,2005187,2320051871051901,,23,0,
1351305,2005189,2320051891051901,,23,0,
1351305,2005190,2320051901051901,,23,0,
1351305,2005191,2320051911051901,,23,0,
1351305,2005193,2320051931051901,,23,0,
1351305,1977410,2419774101051901,,24,0,
1351305,1977414,2419774141051901,,24,0,
1351305,1977415,2419774151051901,,24,0,
1351305,2005184,2420051841051901,,24,0,
1351305,2005185,2420051851051901,,24,0,
1351305,2005187,2420051871051901,,24,0,
1351305,2005189,2420051891051901,,24,0,
1351305,2005190,2420051901051901,,24,0,
1351305,2005191,2420051911051901,,24,0,
1351305,2005193,2420051931051901,,24,0,
1351305,1977410,2519774101051901,,25,0,
1351305,1977414,2519774141051901,,25,0,
1351305,1977415,2519774151051901,,25,0,
1351305,2005184,2520051841051901,,25,0,
1351305,2005185,2520051851051901,,25,0,
1351305,2005187,2520051871051901,,25,0,
1351305,2005189,2520051891051901,,25,0,
1351305,2005190,2520051901051901,,25,0,
1351305,2005191,2520051911051901,,25,0,
1351305,2005193,2520051931051901,,25,0,
1351305,1977410,2619774101051901,,26,0,
1351305,1977414,2619774141051901,,26,0,
1351305,1977415,2619774151051901,,26,0,
1351305,2005184,2620051841051901,,26,0,
1351305,2005185,2620051851051901,,26,0,
1351305,2005187,2620051871051901,,26,0,
1351305,2005189,2620051891051901,,26,0,
1351305,2005190,2620051901051901,,26,0,
1351305,2005191,2620051911051901,,26,0,
1351305,2005193,2620051931051901,,26,0,
1351305,1977410,2719774101051901,,27,0,
1351305,1977414,2719774141051901,,27,0,
1351305,1977415,2719774151051901,,27,0,
1351305,2005184,2720051841051901,,27,0,
1351305,2005185,2720051851051901,,27,0,
1351305,2005187,2720051871051901,,27,0,
1351305,2005189,2720051891051901,,27,0,
1351305,2005190,2720051901051901,,27,0,
1351305,2005191,2720051911051901,,27,0,
1351305,2005193,2720051931051901,,27,0,
1351305,1977410,2819774101051901,,28,0,
1351305,1977414,2819774141051901,,28,0,
1351305,1977415,2819774151051901,,28,0,
1351305,2005184,2820051841051901,,28,0,
1351305,2005185,2820051851051901,,28,0,
1351305,2005187,2820051871051901,,28,0,
1351305,2005189,2820051891051901,,28,0,
1351305,2005190,2820051901051901,,28,0,
1351305,2005191,2820051911051901,,28,0,
1351305,2005193,2820051931051901,,28,0,
1351305,1977410,2919774101051901,,29,0,
1351305,1977414,2919774141051901,,29,0,
1351305,1977415,2919774151051901,,29,0,
1351305,2005184,2920051841051901,,29,0,
1351305,2005185,2920051851051901,,29,0,
1351305,2005187,2920051871051901,,29,0,
1351305,2005189,2920051891051901,,29,0,
1351305,2005190,2920051901051901,,29,0,
1351305,2005191,2920051911051901,,29,0,
1351305,2005193,2920051931051901,,29,0,
1351305,1977410,3019774101051901,,30,0,
1351305,1977414,3019774141051901,,30,0,
1351305,1977415,3019774151051901,,30,0,
1351305,2005184,3020051841051901,,30,0,
1351305,2005185,3020051851051901,,30,0,
1351305,2005187,3020051871051901,,30,0,
1351305,2005189,3020051891051901,,30,0,
1351305,2005190,3020051901051901,,30,0,
1351305,2005191,3020051911051901,,30,0,
1351305,2005193,3020051931051901,,30,0,
1351305,1977410,3119774101051901,,31,0,
1351305,1977414,3119774141051901,,31,0,
1351305,1977415,3119774151051901,,31,0,
1351305,2005184,3120051841051901,,31,0,
1351305,2005185,3120051851051901,,31,0,
1351305,2005187,3120051871051901,,31,0,
1351305,2005189,3120051891051901,,31,0,
1351305,2005190,3120051901051901,,31,0,
1351305,2005191,3120051911051901,,31,0,
1351305,2005193,3120051931051901,,31,0,
1351305,1977410,319774101051901,,3,0,
1351305,1977414,319774141051901,,3,0,
1351305,1977415,319774151051901,,3,0,
1351305,2005184,320051841051901,,3,0,
1351305,2005185,320051851051901,,3,0,
1351305,2005187,320051871051901,,3,0,
1351305,2005189,320051891051901,,3,0,
1351305,2005190,320051901051901,,3,0,
1351305,2005191,320051911051901,,3,0,
1351305,2005193,320051931051901,,3,0,
1351305,1977410,3219774101051901,,32,0,
1351305,1977414,3219774141051901,,32,0,
1351305,1977415,3219774151051901,,32,0,
1351305,2005184,3220051841051901,,32,0,
1351305,2005185,3220051851051901,,32,0,
1351305,2005187,3220051871051901,,32,0,
1351305,2005189,3220051891051901,,32,0,
1351305,2005190,3220051901051901,,32,0,
1351305,2005191,3220051911051901,,32,0,
1351305,2005193,3220051931051901,,32,0,
1351305,1977410,3319774101051901,,33,0,
1351305,1977414,3319774141051901,,33,0,
1351305,1977415,3319774151051901,,33,0,
1351305,2005184,3320051841051901,,33,0,
1351305,2005185,3320051851051901,,33,0,
1351305,2005187,3320051871051901,,33,0,
1351305,2005189,3320051891051901,,33,0,
1351305,2005190,3320051901051901,,33,0,
1351305,2005191,3320051911051901,,33,0,
1351305,2005193,3320051931051901,,33,0,
1351305,1977410,3419774101051901,,34,0,
1351305,1977414,3419774141051901,,34,0,
1351305,1977415,3419774151051901,,34,0,
1351305,2005184,3420051841051901,,34,0,
1351305,2005185,3420051851051901,,34,0,
1351305,2005187,3420051871051901,,34,0,
1351305,2005189,3420051891051901,,34,0,
1351305,2005190,3420051901051901,,34,0,
1351305,2005191,3420051911051901,,34,0,
1351305,2005193,3420051931051901,,34,0,
1351305,1977410,3519774101051901,,35,0,
1351305,1977414,3519774141051901,,35,0,
1351305,1977415,3519774151051901,,35,0,
1351305,2005184,3520051841051901,,35,0,
1351305,2005185,3520051851051901,,35,0,
1351305,2005187,3520051871051901,,35,0,
1351305,2005189,3520051891051901,,35,0,
1351305,2005190,3520051901051901,,35,0,
1351305,2005191,3520051911051901,,35,0,
1351305,2005193,3520051931051901,,35,0,
1351305,1977410,3619774101051901,,36,0,
1351305,1977414,3619774141051901,,36,0,
1351305,1977415,3619774151051901,,36,0,
1351305,2005184,3620051841051901,,36,0,
1351305,2005185,3620051851051901,,36,0,
1351305,2005187,3620051871051901,,36,0,
1351305,2005189,3620051891051901,,36,0,
1351305,2005190,3620051901051901,,36,0,
1351305,2005191,3620051911051901,,36,0,
1351305,2005193,3620051931051901,,36,0,
1351305,1977410,3719774101051901,,37,0,
1351305,1977414,3719774141051901,,37,0,
1351305,1977415,3719774151051901,,37,0,
1351305,2005184,3720051841051901,,37,0,
1351305,2005185,3720051851051901,,37,0,
1351305,2005187,3720051871051901,,37,0,
1351305,2005189,3720051891051901,,37,0,
1351305,2005190,3720051901051901,,37,0,
1351305,2005191,3720051911051901,,37,0,
1351305,2005193,3720051931051901,,37,0,
1351305,1977410,3819774101051901,,38,0,
1351305,1977414,3819774141051901,,38,0,
1351305,1977415,3819774151051901,,38,0,
1351305,2005184,3820051841051901,,38,0,
1351305,2005185,3820051851051901,,38,0,
1351305,2005187,3820051871051901,,38,0,
1351305,2005189,3820051891051901,,38,0,
1351305,2005190,3820051901051901,,38,0,
1351305,2005191,3820051911051901,,38,0,
1351305,2005193,3820051931051901,,38,0,
1351305,1977410,3919774101051901,,39,0,
1351305,1977414,3919774141051901,,39,0,
1351305,1977415,3919774151051901,,39,0,
1351305,2005184,3920051841051901,,39,0,
1351305,2005185,3920051851051901,,39,0,
1351305,2005187,3920051871051901,,39,0,
1351305,2005189,3920051891051901,,39,0,
1351305,2005190,3920051901051901,,39,0,
1351305,2005191,3920051911051901,,39,0,
1351305,2005193,3920051931051901,,39,0,
1351305,1977410,4019774101051901,,40,0,
1351305,1977414,4019774141051901,,40,0,
1351305,1977415,4019774151051901,,40,0,
1351305,2005184,4020051841051901,,40,0,
1351305,2005185,4020051851051901,,40,0,
1351305,2005187,4020051871051901,,40,0,
1351305,2005189,4020051891051901,,40,0,
1351305,2005190,4020051901051901,,40,0,
1351305,2005191,4020051911051901,,40,0,
1351305,2005193,4020051931051901,,40,0,
1351305,1977410,4119774101051901,,41,0,
1351305,1977414,4119774141051901,,41,0,
1351305,1977415,4119774151051901,,41,0,
1351305,2005184,4120051841051901,,41,0,
1351305,2005185,4120051851051901,,41,0,
1351305,2005187,4120051871051901,,41,0,
1351305,2005189,4120051891051901,,41,0,
1351305,2005190,4120051901051901,,41,0,
1351305,2005191,4120051911051901,,41,0,
1351305,2005193,4120051931051901,,41,0,
1351305,1977410,419774101051901,,4,0,
1351305,1977414,419774141051901,,4,0,
1351305,1977415,419774151051901,,4,0,
1351305,2005184,420051841051901,,4,0,
1351305,2005185,420051851051901,,4,0,
1351305,2005187,420051871051901,,4,0,
1351305,2005189,420051891051901,,4,0,
1351305,2005190,420051901051901,,4,0,
1351305,2005191,420051911051901,,4,0,
1351305,2005193,420051931051901,,4,0,
1351305,1977410,4219774101051901,,42,0,
1351305,1977414,4219774141051901,,42,0,
1351305,1977415,4219774151051901,,42,0,
1351305,2005184,4220051841051901,,42,0,
1351305,2005185,4220051851051901,,42,0,
1351305,2005187,4220051871051901,,42,0,
1351305,2005189,4220051891051901,,42,0,
1351305,2005190,4220051901051901,,42,0,
1351305,2005191,4220051911051901,,42,0,
1351305,2005193,4220051931051901,,42,0,
1351305,1977410,4319774101051901,,43,0,
1351305,1977414,4319774141051901,,43,0,
1351305,1977415,4319774151051901,,43,0,
1351305,2005184,4320051841051901,,43,0,
1351305,2005185,4320051851051901,,43,0,
1351305,2005187,4320051871051901,,43,0,
1351305,2005189,4320051891051901,,43,0,
1351305,2005190,4320051901051901,,43,0,
1351305,2005191,4320051911051901,,43,0,
1351305,2005193,4320051931051901,,43,0,
1351305,1977410,4419774101051901,,44,0,
1351305,1977414,4419774141051901,,44,0,
1351305,1977415,4419774151051901,,44,0,
1351305,2005184,4420051841051901,,44,0,
1351305,2005185,4420051851051901,,44,0,
1351305,2005187,4420051871051901,,44,0,
1351305,2005189,4420051891051901,,44,0,
1351305,2005190,4420051901051901,,44,0,
1351305,2005191,4420051911051901,,44,0,
1351305,2005193,4420051931051901,,44,0,
1351305,1977410,4519774101051901,,45,0,
1351305,1977414,4519774141051901,,45,0,
1351305,1977415,4519774151051901,,45,0,
1351305,2005184,4520051841051901,,45,0,
1351305,2005185,4520051851051901,,45,0,
1351305,2005187,4520051871051901,,45,0,
1351305,2005189,4520051891051901,,45,0,
1351305,2005190,4520051901051901,,45,0,
1351305,2005191,4520051911051901,,45,0,
1351305,2005193,4520051931051901,,45,0,
1351305,1977410,4619774101051901,,46,0,
1351305,1977414,4619774141051901,,46,0,
1351305,1977415,4619774151051901,,46,0,
1351305,2005184,4620051841051901,,46,0,
1351305,2005185,4620051851051901,,46,0,
1351305,2005187,4620051871051901,,46,0,
1351305,2005189,4620051891051901,,46,0,
1351305,2005190,4620051901051901,,46,0,
1351305,2005191,4620051911051901,,46,0,
1351305,2005193,4620051931051901,,46,0,
1351305,1977410,4719774101051901,,47,0,
1351305,1977414,4719774141051901,,47,0,
1351305,1977415,4719774151051901,,47,0,
1351305,2005184,4720051841051901,,47,0,
1351305,2005185,4720051851051901,,47,0,
1351305,2005187,4720051871051901,,47,0,
1351305,2005189,4720051891051901,,47,0,
1351305,2005190,4720051901051901,,47,0,
1351305,2005191,4720051911051901,,47,0,
1351305,2005193,4720051931051901,,47,0,
1351305,1977410,4819774101051901,,48,0,
1351305,1977414,4819774141051901,,48,0,
1351305,1977415,4819774151051901,,48,0,
1351305,2005184,4820051841051901,,48,0,
1351305,2005185,4820051851051901,,48,0,
1351305,2005187,4820051871051901,,48,0,
1351305,2005189,4820051891051901,,48,0,
1351305,2005190,4820051901051901,,48,0,
1351305,2005191,4820051911051901,,48,0,
1351305,2005193,4820051931051901,,48,0,
1351305,1977410,4919774101051901,,49,0,
1351305,1977414,4919774141051901,,49,0,
1351305,1977415,4919774151051901,,49,0,
1351305,2005184,4920051841051901,,49,0,
1351305,2005185,4920051851051901,,49,0,
1351305,2005187,4920051871051901,,49,0,
1351305,2005189,4920051891051901,,49,0,
1351305,2005190,4920051901051901,,49,0,
1351305,2005191,4920051911051901,,49,0,
1351305,2005193,4920051931051901,,49,0,
1351305,1977410,5019774101051901,,50,0,
1351305,1977414,5019774141051901,,50,0,
1351305,1977415,5019774151051901,,50,0,
1351305,2005184,5020051841051901,,50,0,
1351305,2005185,5020051851051901,,50,0,
1351305,2005187,5020051871051901,,50,0,
1351305,2005189,5020051891051901,,50,0,
1351305,2005190,5020051901051901,,50,0,
1351305,2005191,5020051911051901,,50,0,
1351305,2005193,5020051931051901,,50,0,
1351305,1977410,5119774101051901,,51,0,
1351305,1977414,5119774141051901,,51,0,
1351305,1977415,5119774151051901,,51,0,
1351305,2005184,5120051841051901,,51,0,
1351305,2005185,5120051851051901,,51,0,
1351305,2005187,5120051871051901,,51,0,
1351305,2005189,5120051891051901,,51,0,
1351305,2005190,5120051901051901,,51,0,
1351305,2005191,5120051911051901,,51,0,
1351305,2005193,5120051931051901,,51,0,
1351305,1977410,519774101051901,,5,0,
1351305,1977414,519774141051901,,5,0,
1351305,1977415,519774151051901,,5,0,
1351305,2005184,520051841051901,,5,0,
1351305,2005185,520051851051901,,5,0,
1351305,2005187,520051871051901,,5,0,
1351305,2005189,520051891051901,,5,0,
1351305,2005190,520051901051901,,5,0,
1351305,2005191,520051911051901,,5,0,
1351305,2005193,520051931051901,,5,0,
1351305,1977410,5219774101051901,,52,0,
1351305,1977414,5219774141051901,,52,0,
1351305,1977415,5219774151051901,,52,0,
1351305,2005184,5220051841051901,,52,0,
1351305,2005185,5220051851051901,,52,0,
1351305,2005187,5220051871051901,,52,0,
1351305,2005189,5220051891051901,,52,0,
1351305,2005190,5220051901051901,,52,0,
1351305,2005191,5220051911051901,,52,0,
1351305,2005193,5220051931051901,,52,0,
1351305,1977410,5319774101051901,,53,0,
1351305,1977414,5319774141051901,,53,0,
1351305,1977415,5319774151051901,,53,0,
1351305,2005184,5320051841051901,,53,0,
1351305,2005185,5320051851051901,,53,0,
1351305,2005187,5320051871051901,,53,0,
1351305,2005189,5320051891051901,,53,0,
1351305,2005190,5320051901051901,,53,0,
1351305,2005191,5320051911051901,,53,0,
1351305,2005193,5320051931051901,,53,0,
1351305,1977410,5419774101051901,,54,0,
1351305,1977414,5419774141051901,,54,0,
1351305,1977415,5419774151051901,,54,0,
1351305,2005184,5420051841051901,,54,0,
1351305,2005185,5420051851051901,,54,0,
1351305,2005187,5420051871051901,,54,0,
1351305,2005189,5420051891051901,,54,0,
1351305,2005190,5420051901051901,,54,0,
1351305,2005191,5420051911051901,,54,0,
1351305,2005193,5420051931051901,,54,0,
1351305,1977410,5519774101051901,,55,0,
1351305,1977414,5519774141051901,,55,0,
1351305,1977415,5519774151051901,,55,0,
1351305,2005184,5520051841051901,,55,0,
1351305,2005185,5520051851051901,,55,0,
1351305,2005187,5520051871051901,,55,0,
1351305,2005189,5520051891051901,,55,0,
1351305,2005190,5520051901051901,,55,0,
1351305,2005191,5520051911051901,,55,0,
1351305,2005193,5520051931051901,,55,0,
1351305,1977410,5619774101051901,,56,0,
1351305,1977414,5619774141051901,,56,0,
1351305,1977415,5619774151051901,,56,0,
1351305,2005184,5620051841051901,,56,0,
1351305,2005185,5620051851051901,,56,0,
1351305,2005187,5620051871051901,,56,0,
1351305,2005189,5620051891051901,,56,0,
1351305,2005190,5620051901051901,,56,0,
1351305,2005191,5620051911051901,,56,0,
1351305,2005193,5620051931051901,,56,0,
1351305,1977410,5719774101051901,,57,0,
1351305,1977414,5719774141051901,,57,0,
1351305,1977415,5719774151051901,,57,0,
1351305,2005184,5720051841051901,,57,0,
1351305,2005185,5720051851051901,,57,0,
1351305,2005187,5720051871051901,,57,0,
1351305,2005189,5720051891051901,,57,0,
1351305,2005190,5720051901051901,,57,0,
1351305,2005191,5720051911051901,,57,0,
1351305,2005193,5720051931051901,,57,0,
1351305,1977410,5819774101051901,,58,0,
1351305,1977414,5819774141051901,,58,0,
1351305,1977415,5819774151051901,,58,0,
1351305,2005184,5820051841051901,,58,0,
1351305,2005185,5820051851051901,,58,0,
1351305,2005187,5820051871051901,,58,0,
1351305,2005189,5820051891051901,,58,0,
1351305,2005190,5820051901051901,,58,0,
1351305,2005191,5820051911051901,,58,0,
1351305,2005193,5820051931051901,,58,0,
1351305,1977410,5919774101051901,,59,0,
1351305,1977414,5919774141051901,,59,0,
1351305,1977415,5919774151051901,,59,0,
1351305,2005184,5920051841051901,,59,0,
1351305,2005185,5920051851051901,,59,0,
1351305,2005187,5920051871051901,,59,0,
1351305,2005189,5920051891051901,,59,0,
1351305,2005190,5920051901051901,,59,0,
1351305,2005191,5920051911051901,,59,0,
1351305,2005193,5920051931051901,,59,0,
1351305,1977410,6019774101051901,,60,0,
1351305,1977414,6019774141051901,,60,0,
1351305,1977415,6019774151051901,,60,0,
1351305,2005184,6020051841051901,,60,0,
1351305,2005185,6020051851051901,,60,0,
1351305,2005187,6020051871051901,,60,0,
1351305,2005189,6020051891051901,,60,0,
1351305,2005190,6020051901051901,,60,0,
1351305,2005191,6020051911051901,,60,0,
1351305,2005193,6020051931051901,,60,0,
1351305,1977410,6119774101051901,,61,0,
1351305,1977414,6119774141051901,,61,0,
1351305,1977415,6119774151051901,,61,0,
1351305,2005184,6120051841051901,,61,0,
1351305,2005185,6120051851051901,,61,0,
1351305,2005187,6120051871051901,,61,0,
1351305,2005189,6120051891051901,,61,0,
1351305,2005190,6120051901051901,,61,0,
1351305,2005191,6120051911051901,,61,0,
1351305,2005193,6120051931051901,,61,0,
1351305,1977410,619774101051901,,6,0,
1351305,1977414,619774141051901,,6,0,
1351305,1977415,619774151051901,,6,0,
1351305,2005184,620051841051901,,6,0,
1351305,2005185,620051851051901,,6,0,
1351305,2005187,620051871051901,,6,0,
1351305,2005189,620051891051901,,6,0,
1351305,2005190,620051901051901,,6,0,
1351305,2005191,620051911051901,,6,0,
1351305,2005193,620051931051901,,6,0,
1351305,1977410,6219774101051901,,62,0,
1351305,1977414,6219774141051901,,62,0,
1351305,1977415,6219774151051901,,62,0,
1351305,2005184,6220051841051901,,62,0,
1351305,2005185,6220051851051901,,62,0,
1351305,2005187,6220051871051901,,62,0,
1351305,2005189,6220051891051901,,62,0,
1351305,2005190,6220051901051901,,62,0,
1351305,2005191,6220051911051901,,62,0,
1351305,2005193,6220051931051901,,62,0,
1351305,1977410,6319774101051901,,63,0,
1351305,1977414,6319774141051901,,63,0,
1351305,1977415,6319774151051901,,63,0,
1351305,2005184,6320051841051901,,63,0,
1351305,2005185,6320051851051901,,63,0,
1351305,2005187,6320051871051901,,63,0,
1351305,2005189,6320051891051901,,63,0,
1351305,2005190,6320051901051901,,63,0,
1351305,2005191,6320051911051901,,63,0,
1351305,2005193,6320051931051901,,63,0,
1351305,1977410,6419774101051901,,64,0,
1351305,1977414,6419774141051901,,64,0,
1351305,1977415,6419774151051901,,64,0,
1351305,2005184,6420051841051901,,64,0,
1351305,2005185,6420051851051901,,64,0,
1351305,2005187,6420051871051901,,64,0,
1351305,2005189,6420051891051901,,64,0,
1351305,2005190,6420051901051901,,64,0,
1351305,2005191,6420051911051901,,64,0,
1351305,2005193,6420051931051901,,64,0,
1351305,1977410,6519774101051901,,65,0,
1351305,1977414,6519774141051901,,65,0,
1351305,1977415,6519774151051901,,65,0,
1351305,2005184,6520051841051901,,65,0,
1351305,2005185,6520051851051901,,65,0,
1351305,2005187,6520051871051901,,65,0,
1351305,2005189,6520051891051901,,65,0,
1351305,2005190,6520051901051901,,65,0,
1351305,2005191,6520051911051901,,65,0,
1351305,2005193,6520051931051901,,65,0,
1351305,1977410,6619774101051901,,66,0,
1351305,1977414,6619774141051901,,66,0,
1351305,1977415,6619774151051901,,66,0,
1351305,2005184,6620051841051901,,66,0,
1351305,2005185,6620051851051901,,66,0,
1351305,2005187,6620051871051901,,66,0,
1351305,2005189,6620051891051901,,66,0,
1351305,2005190,6620051901051901,,66,0,
1351305,2005191,6620051911051901,,66,0,
1351305,2005193,6620051931051901,,66,0,
1351305,1977410,6719774101051901,,67,0,
1351305,1977414,6719774141051901,,67,0,
1351305,1977415,6719774151051901,,67,0,
1351305,2005184,6720051841051901,,67,0,
1351305,2005185,6720051851051901,,67,0,
1351305,2005187,6720051871051901,,67,0,
1351305,2005189,6720051891051901,,67,0,
1351305,2005190,6720051901051901,,67,0,
1351305,2005191,6720051911051901,,67,0,
1351305,2005193,6720051931051901,,67,0,
1351305,1977410,6819774101051901,,68,0,
1351305,1977414,6819774141051901,,68,0,
1351305,1977415,6819774151051901,,68,0,
1351305,2005184,6820051841051901,,68,0,
1351305,2005185,6820051851051901,,68,0,
1351305,2005187,6820051871051901,,68,0,
1351305,2005189,6820051891051901,,68,0,
1351305,2005190,6820051901051901,,68,0,
1351305,2005191,6820051911051901,,68,0,
1351305,2005193,6820051931051901,,68,0,
1351305,1977410,6919774101051901,,69,0,
1351305,1977414,6919774141051901,,69,0,
1351305,1977415,6919774151051901,,69,0,
1351305,2005184,6920051841051901,,69,0,
1351305,2005185,6920051851051901,,69,0,
1351305,2005187,6920051871051901,,69,0,
1351305,2005189,6920051891051901,,69,0,
1351305,2005190,6920051901051901,,69,0,
1351305,2005191,6920051911051901,,69,0,
1351305,2005193,6920051931051901,,69,0,
1351305,1977410,7019774101051901,,70,0,
1351305,1977414,7019774141051901,,70,0,
1351305,1977415,7019774151051901,,70,0,
1351305,2005184,7020051841051901,,70,0,
1351305,2005185,7020051851051901,,70,0,
1351305,2005187,7020051871051901,,70,0,
1351305,2005189,7020051891051901,,70,0,
1351305,2005190,7020051901051901,,70,0,
1351305,2005191,7020051911051901,,70,0,
1351305,2005193,7020051931051901,,70,0,
1351305,1977410,7119774101051901,,71,0,
1351305,1977414,7119774141051901,,71,0,
1351305,1977415,7119774151051901,,71,0,
1351305,2005184,7120051841051901,,71,0,
1351305,2005185,7120051851051901,,71,0,
1351305,2005187,7120051871051901,,71,0,
1351305,2005189,7120051891051901,,71,0,
1351305,2005190,7120051901051901,,71,0,
1351305,2005191,7120051911051901,,71,0,
1351305,2005193,7120051931051901,,71,0,
1351305,1977410,719774101051901,,7,0,
1351305,1977414,719774141051901,,7,0,
1351305,1977415,719774151051901,,7,0,
1351305,2005184,720051841051901,,7,0,
1351305,2005185,720051851051901,,7,0,
1351305,2005187,720051871051901,,7,0,
1351305,2005189,720051891051901,,7,0,
1351305,2005190,720051901051901,,7,0,
1351305,2005191,720051911051901,,7,0,
1351305,2005193,720051931051901,,7,0,
1351305,1977410,7219774101051901,,72,0,
1351305,1977414,7219774141051901,,72,0,
1351305,1977415,7219774151051901,,72,0,
1351305,12005184,7220051841051901,,72,0,
1351305,12005185,7220051851051901,,72,0,
1351305,2005187,7220051871051901,,72,0,
1351305,2005189,7220051891051901,,72,0,
1351305,2005190,7220051901051901,,72,0,
1351305,2005191,7220051911051901,,72,0,
1351305,2005193,7220051931051901,,72,0,
1351305,1977410,7319774101051901,,73,0,
1351305,1977414,7319774141051901,,73,0,
1351305,1977415,7319774151051901,,73,0,
1351305,12005184,7320051841051901,,73,0,
1351305,12005185,7320051851051901,,73,0,
1351305,2005187,7320051871051901,,73,0,
1351305,2005189,7320051891051901,,73,0,
1351305,2005190,7320051901051901,,73,0,
1351305,2005191,7320051911051901,,73,0,
1351305,2005193,7320051931051901,,73,0,
1351305,1977410,7419774101051901,,74,0,
1351305,1977414,7419774141051901,,74,0,
1351305,1977415,7419774151051901,,74,0,
1351305,12005185,7420051851051901,,74,0,
1351305,2005187,7420051871051901,,74,0,
1351305,2005189,7420051891051901,,74,0,
1351305,2005190,7420051901051901,,74,0,
1351305,2005191,7420051911051901,,74,0,
1351305,2005193,7420051931051901,,74,0,
1351305,1977410,7519774101051901,,75,0,
1351305,1977414,7519774141051901,,75,0,
1351305,1977415,7519774151051901,,75,0,
1351305,12005185,7520051851051901,,75,0,
1351305,2005187,7520051871051901,,75,0,
1351305,2005189,7520051891051901,,75,0,
1351305,2005190,7520051901051901,,75,0,
1351305,2005191,7520051911051901,,75,0,
1351305,2005193,7520051931051901,,75,0,
1351305,1977410,7619774101051901,,76,0,
1351305,1977414,7619774141051901,,76,0,
1351305,1977415,7619774151051901,,76,0,
1351305,2005187,7620051871051901,,76,0,
1351305,2005189,7620051891051901,,76,0,
1351305,2005190,7620051901051901,,76,0,
1351305,2005191,7620051911051901,,76,0,
1351305,2005193,7620051931051901,,76,0,
1351305,1977410,7719774101051901,,77,0,
1351305,1977414,7719774141051901,,77,0,
1351305,1977415,7719774151051901,,77,0,
1351305,2005187,7720051871051901,,77,0,
1351305,2005189,7720051891051901,,77,0,
1351305,2005190,7720051901051901,,77,0,
1351305,2005191,7720051911051901,,77,0,
1351305,2005193,7720051931051901,,77,0,
1351305,1977410,7819774101051901,,78,0,
1351305,1977414,7819774141051901,,78,0,
1351305,1977415,7819774151051901,,78,0,
1351305,2005187,7820051871051901,,78,0,
1351305,2005189,7820051891051901,,78,0,
1351305,2005190,7820051901051901,,78,0,
1351305,2005191,7820051911051901,,78,0,
1351305,2005193,7820051931051901,,78,0,
1351305,1977410,7919774101051901,,79,0,
1351305,1977414,7919774141051901,,79,0,
1351305,1977415,7919774151051901,,79,0,
1351305,2005187,7920051871051901,,79,0,
1351305,2005189,7920051891051901,,79,0,
1351305,2005190,7920051901051901,,79,0,
1351305,2005191,7920051911051901,,79,0,
1351305,2005193,7920051931051901,,79,0,
1351305,1977410,8019774101051901,,80,0,
1351305,1977414,8019774141051901,,80,0,
1351305,1977415,8019774151051901,,80,0,
1351305,2005187,8020051871051901,,80,0,
1351305,2005189,8020051891051901,,80,0,
1351305,2005190,8020051901051901,,80,0,
1351305,2005191,8020051911051901,,80,0,
1351305,2005193,8020051931051901,,80,0,
1351305,1977410,8119774101051901,,81,0,
1351305,1977414,8119774141051901,,81,0,
1351305,1977415,8119774151051901,,81,0,
1351305,2005187,8120051871051901,,81,0,
1351305,2005189,8120051891051901,,81,0,
1351305,2005190,8120051901051901,,81,0,
1351305,2005191,8120051911051901,,81,0,
1351305,2005193,8120051931051901,,81,0,
1351305,1977410,819774101051901,,8,0,
1351305,1977414,819774141051901,,8,0,
1351305,1977415,819774151051901,,8,0,
1351305,2005184,820051841051901,,8,0,
1351305,2005185,820051851051901,,8,0,
1351305,2005187,820051871051901,,8,0,
1351305,2005189,820051891051901,,8,0,
1351305,2005190,820051901051901,,8,0,
1351305,2005191,820051911051901,,8,0,
1351305,2005193,820051931051901,,8,0,
1351305,1977410,8219774101051901,,82,0,
1351305,1977414,8219774141051901,,82,0,
1351305,1977415,8219774151051901,,82,0,
1351305,2005187,8220051871051901,,82,0,
1351305,2005189,8220051891051901,,82,0,
1351305,2005190,8220051901051901,,82,0,
1351305,2005191,8220051911051901,,82,0,
1351305,2005193,8220051931051901,,82,0,
1351305,1977410,8319774101051901,,83,0,
1351305,1977414,8319774141051901,,83,0,
1351305,1977415,8319774151051901,,83,0,
1351305,2005187,8320051871051901,,83,0,
1351305,2005189,8320051891051901,,83,0,
1351305,2005190,8320051901051901,,83,0,
1351305,2005191,8320051911051901,,83,0,
1351305,2005193,8320051931051901,,83,0,
1351305,1977410,8419774101051901,,84,0,
1351305,1977414,8419774141051901,,84,0,
1351305,1977415,8419774151051901,,84,0,
1351305,2005187,8420051871051901,,84,0,
1351305,2005189,8420051891051901,,84,0,
1351305,2005190,8420051901051901,,84,0,
1351305,2005191,8420051911051901,,84,0,
1351305,2005193,8420051931051901,,84,0,
1351305,1977410,8519774101051901,,85,0,
1351305,1977414,8519774141051901,,85,0,
1351305,1977415,8519774151051901,,85,0,
1351305,2005187,8520051871051901,,85,0,
1351305,2005189,8520051891051901,,85,0,
1351305,2005190,8520051901051901,,85,0,
1351305,2005191,8520051911051901,,85,0,
1351305,2005193,8520051931051901,,85,0,
1351305,1977410,8619774101051901,,86,0,
1351305,1977414,8619774141051901,,86,0,
1351305,1977415,8619774151051901,,86,0,
1351305,2005187,8620051871051901,,86,0,
1351305,2005189,8620051891051901,,86,0,
1351305,2005190,8620051901051901,,86,0,
1351305,2005191,8620051911051901,,86,0,
1351305,2005193,8620051931051901,,86,0,
1351305,1977410,8719774101051901,,87,0,
1351305,1977414,8719774141051901,,87,0,
1351305,1977415,8719774151051901,,87,0,
1351305,2005187,8720051871051901,,87,0,
1351305,2005189,8720051891051901,,87,0,
1351305,2005190,8720051901051901,,87,0,
1351305,2005191,8720051911051901,,87,0,
1351305,2005193,8720051931051901,,87,0,
1351305,1977410,8819774101051901,,88,0,
1351305,1977414,8819774141051901,,88,0,
1351305,1977415,8819774151051901,,88,0,
1351305,2005187,8820051871051901,,88,0,
1351305,2005189,8820051891051901,,88,0,
1351305,2005190,8820051901051901,,88,0,
1351305,2005191,8820051911051901,,88,0,
1351305,2005193,8820051931051901,,88,0,
1351305,1977410,8919774101051901,,89,0,
1351305,1977414,8919774141051901,,89,0,
1351305,1977415,8919774151051901,,89,0,
1351305,2005187,8920051871051901,,89,0,
1351305,2005189,8920051891051901,,89,0,
1351305,2005190,8920051901051901,,89,0,
1351305,2005191,8920051911051901,,89,0,
1351305,2005193,8920051931051901,,89,0,
1351305,1977410,9019774101051901,,90,0,
1351305,1977414,9019774141051901,,90,0,
1351305,1977415,9019774151051901,,90,0,
1351305,2005187,9020051871051901,,90,0,
1351305,2005189,9020051891051901,,90,0,
1351305,2005190,9020051901051901,,90,0,
1351305,2005191,9020051911051901,,90,0,
1351305,2005193,9020051931051901,,90,0,
1351305,1977410,9119774101051901,,91,0,
1351305,1977414,9119774141051901,,91,0,
1351305,1977415,9119774151051901,,91,0,
1351305,2005187,9120051871051901,,91,0,
1351305,2005189,9120051891051901,,91,0,
1351305,2005190,9120051901051901,,91,0,
1351305,2005191,9120051911051901,,91,0,
1351305,2005193,9120051931051901,,91,0,
1351305,1977410,919774101051901,,9,0,
1351305,1977414,919774141051901,,9,0,
1351305,1977415,919774151051901,,9,0,
1351305,2005184,920051841051901,,9,0,
1351305,2005185,920051851051901,,9,0,
1351305,2005187,920051871051901,,9,0,
1351305,2005189,920051891051901,,9,0,
1351305,2005190,920051901051901,,9,0,
1351305,2005191,920051911051901,,9,0,
1351305,2005193,920051931051901,,9,0,
1351305,1977410,9219774101051901,,92,0,
1351305,1977414,9219774141051901,,92,0,
1351305,1977415,9219774151051901,,92,0,
1351305,2005187,9220051871051901,,92,0,
1351305,2005189,9220051891051901,,92,0,
1351305,2005190,9220051901051901,,92,0,
1351305,2005191,9220051911051901,,92,0,
1351305,2005193,9220051931051901,,92,0,
1351305,1977410,9319774101051901,,93,0,
1351305,1977414,9319774141051901,,93,0,
1351305,1977415,9319774151051901,,93,0,
1351305,2005187,9320051871051901,,93,0,
1351305,2005189,9320051891051901,,93,0,
1351305,2005190,9320051901051901,,93,0,
1351305,2005191,9320051911051901,,93,0,
1351305,2005193,9320051931051901,,93,0,
1351305,1977410,9419774101051901,,94,0,
1351305,1977414,9419774141051901,,94,0,
1351305,1977415,9419774151051901,,94,0,
1351305,2005187,9420051871051901,,94,0,
1351305,2005189,9420051891051901,,94,0,
1351305,2005190,9420051901051901,,94,0,
1351305,2005191,9420051911051901,,94,0,
1351305,2005193,9420051931051901,,94,0,
1351305,1977410,9519774101051901,,95,0,
1351305,1977414,9519774141051901,,95,0,
1351305,1977415,9519774151051901,,95,0,
1351305,2005187,9520051871051901,,95,0,
1351305,2005189,9520051891051901,,95,0,
1351305,2005190,9520051901051901,,95,0,
1351305,2005191,9520051911051901,,95,0,
1351305,2005193,9520051931051901,,95,0,
1351305,1977410,9619774101051901,,96,0,
1351305,1977414,9619774141051901,,96,0,
1351305,1977415,9619774151051901,,96,0,
1351305,2005187,9620051871051901,,96,0,
1351305,2005189,9620051891051901,,96,0,
1351305,2005190,9620051901051901,,96,0,
1351305,2005191,9620051911051901,,96,0,
1351305,2005193,9620051931051901,,96,0,
1351305,1977410,9719774101051901,,97,0,
1351305,1977414,9719774141051901,,97,0,
1351305,1977415,9719774151051901,,97,0,
1351305,2005187,9720051871051901,,97,0,
1351305,2005189,9720051891051901,,97,0,
1351305,2005190,9720051901051901,,97,0,
1351305,2005191,9720051911051901,,97,0,
1351305,2005193,9720051931051901,,97,0,
1351305,1977410,9819774101051901,,98,0,
1351305,1977414,9819774141051901,,98,0,
1351305,1977415,9819774151051901,,98,0,
1351305,2005187,9820051871051901,,98,0,
1351305,2005189,9820051891051901,,98,0,
1351305,2005190,9820051901051901,,98,0,
1351305,2005191,9820051911051901,,98,0,
1351305,2005193,9820051931051901,,98,0,
1351305,1977410,9919774101051901,,99,0,
1351305,1977414,9919774141051901,,99,0,
1351305,1977415,9919774151051901,,99,0,
1351305,2005187,9920051871051901,,99,0,
1351305,2005189,9920051891051901,,99,0,
1351305,2005190,9920051901051901,,99,0,
1351305,2005191,9920051911051901,,99,0,
1351305,2005193,9920051931051901,,99,0,
1369082,1977406,119774061013789,,1,0,
1369082,2005176,120051761013789,,1,0,
1369082,2005178,120051781013789,,1,0,
1369082,2005180,120051801013789,,1,0,
1369082,2005183,120051831013789,,1,0,
1369082,1977406,219774061013789,,2,0,
1369082,2005176,220051761013789,,2,0,
1369082,2005178,220051781013789,,2,0,
1369082,2005183,220051831013789,,2,0,
1369082,1977406,319774061013789,,3,0,
1369082,2005176,320051761013789,,3,0,
1369082,2005183,320051831013789,,3,0,
1369082,1977406,419774061013789,,4,0,
1369082,2005176,420051761013789,,4,0,
1369082,2005183,420051831013789,,4,0,
1369083,1977406,10019774061013788,,100,1,
1369083,1977412,10019774121013788,,100,1,
1369083,1977413,10019774131013788,,100,1,
1369083,2005176,10020051761013788,,100,1,
1369083,2005178,10020051781013788,,100,1,
1369083,12005180,10020051801013788,,100,1,
1369083,2005181,10020051811013788,,100,1,
1369083,2005183,10020051831013788,,100,1,
1369083,1977406,10119774061013788,,101,1,
1369083,1977412,10119774121013788,,101,1,
1369083,1977413,10119774131013788,,101,1,
1369083,2005176,10120051761013788,,101,1,
1369083,2005178,10120051781013788,,101,1,
1369083,12005180,10120051801013788,,101,1,
1369083,2005181,10120051811013788,,101,1,
1369083,2005183,10120051831013788,,101,1,
1369083,1977406,1019774061013788,,10,1,
1369083,1977412,1019774121013788,,10,1,
1369083,1977413,1019774131013788,,10,1,
1369083,2005174,1020051741013788,,10,1,
1369083,2005175,1020051751013788,,10,1,
1369083,2005176,1020051761013788,,10,1,
1369083,2005178,1020051781013788,,10,1,
1369083,2005180,1020051801013788,,10,1,
1369083,2005181,1020051811013788,,10,1,
1369083,2005183,1020051831013788,,10,1,
1369083,1977406,10219774061013788,,102,1,
1369083,1977412,10219774121013788,,102,1,
1369083,1977413,10219774131013788,,102,1,
1369083,2005176,10220051761013788,,102,1,
1369083,2005178,10220051781013788,,102,1,
1369083,12005180,10220051801013788,,102,1,
1369083,2005181,10220051811013788,,102,1,
1369083,2005183,10220051831013788,,102,1,
1369083,1977406,10319774061013788,,103,1,
1369083,1977412,10319774121013788,,103,1,
1369083,1977413,10319774131013788,,103,1,
1369083,2005176,10320051761013788,,103,1,
1369083,2005178,10320051781013788,,103,1,
1369083,12005180,10320051801013788,,103,1,
1369083,2005181,10320051811013788,,103,1,
1369083,2005183,10320051831013788,,103,1,
1369083,1977406,10419774061013788,,104,1,
1369083,1977412,10419774121013788,,104,1,
1369083,1977413,10419774131013788,,104,1,
1369083,2005176,10420051761013788,,104,1,
1369083,2005178,10420051781013788,,104,1,
1369083,2005181,10420051811013788,,104,1,
1369083,2005183,10420051831013788,,104,1,
1369083,1977406,10519774061013788,,105,1,
1369083,1977412,10519774121013788,,105,1,
1369083,1977413,10519774131013788,,105,1,
1369083,2005176,10520051761013788,,105,1,
1369083,2005178,10520051781013788,,105,1,
1369083,2005181,10520051811013788,,105,1,
1369083,2005183,10520051831013788,,105,1,
1369083,1977406,10619774061013788,,106,1,
1369083,1977412,10619774121013788,,106,1,
1369083,1977413,10619774131013788,,106,1,
1369083,2005176,10620051761013788,,106,1,
1369083,2005178,10620051781013788,,106,1,
1369083,2005181,10620051811013788,,106,1,
1369083,2005183,10620051831013788,,106,1,
1369083,1977406,10719774061013788,,107,1,
1369083,1977412,10719774121013788,,107,1,
1369083,1977413,10719774131013788,,107,1,
1369083,2005176,10720051761013788,,107,1,
1369083,2005178,10720051781013788,,107,1,
1369083,2005181,10720051811013788,,107,1,
1369083,2005183,10720051831013788,,107,1,
1369083,1977406,10819774061013788,,108,1,
1369083,1977412,10819774121013788,,108,1,
1369083,1977413,10819774131013788,,108,1,
1369083,2005176,10820051761013788,,108,1,
1369083,2005178,10820051781013788,,108,1,
1369083,2005181,10820051811013788,,108,1,
1369083,2005183,10820051831013788,,108,1,
1369083,1977406,10919774061013788,,109,1,
1369083,1977412,10919774121013788,,109,1,
1369083,1977413,10919774131013788,,109,1,
1369083,2005176,10920051761013788,,109,1,
1369083,2005178,10920051781013788,,109,1,
1369083,2005181,10920051811013788,,109,1,
1369083,2005183,10920051831013788,,109,1,
1369083,1977406,11019774061013788,,110,1,
1369083,11977412,11019774121013788,,110,1,
1369083,11977413,11019774131013788,,110,1,
1369083,2005176,11020051761013788,,110,1,
1369083,2005178,11020051781013788,,110,1,
1369083,12005181,11020051811013788,,110,1,
1369083,2005183,11020051831013788,,110,1,
1369083,1977406,11119774061013788,,111,1,
1369083,11977412,11119774121013788,,111,1,
1369083,11977413,11119774131013788,,111,1,
1369083,2005176,11120051761013788,,111,1,
1369083,2005178,11120051781013788,,111,1,
1369083,12005181,11120051811013788,,111,1,
1369083,2005183,11120051831013788,,111,1,
1369083,1977406,1119774061013788,,11,1,
1369083,1977412,1119774121013788,,11,1,
1369083,1977413,1119774131013788,,11,1,
1369083,2005174,1120051741013788,,11,1,
1369083,2005175,1120051751013788,,11,1,
1369083,2005176,1120051761013788,,11,1,
1369083,2005178,1120051781013788,,11,1,
1369083,2005180,1120051801013788,,11,1,
1369083,2005181,1120051811013788,,11,1,
1369083,2005183,1120051831013788,,11,1,
1369083,1977406,11219774061013788,,112,1,
1369083,11977413,11219774131013788,,112,1,
1369083,2005176,11220051761013788,,112,1,
1369083,2005178,11220051781013788,,112,1,
1369083,12005181,11220051811013788,,112,1,
1369083,2005183,11220051831013788,,112,1,
1369083,1977406,11319774061013788,,113,1,
1369083,11977413,11319774131013788,,113,1,
1369083,2005176,11320051761013788,,113,1,
1369083,2005178,11320051781013788,,113,1,
1369083,12005181,11320051811013788,,113,1,
1369083,2005183,11320051831013788,,113,1,
1369083,1977406,11419774061013788,,114,1,
1369083,2005176,11420051761013788,,114,1,
1369083,2005178,11420051781013788,,114,1,
1369083,2005183,11420051831013788,,114,1,
1369083,1977406,11519774061013788,,115,1,
1369083,2005176,11520051761013788,,115,1,
1369083,2005178,11520051781013788,,115,1,
1369083,2005183,11520051831013788,,115,1,
1369083,1977406,11619774061013788,,116,1,
1369083,2005176,11620051761013788,,116,1,
1369083,2005178,11620051781013788,,116,1,
1369083,2005183,11620051831013788,,116,1,
1369083,1977406,11719774061013788,,117,1,
1369083,2005176,11720051761013788,,117,1,
1369083,2005178,11720051781013788,,117,1,
1369083,2005183,11720051831013788,,117,1,
1369083,1977406,11819774061013788,,118,1,
1369083,2005176,11820051761013788,,118,1,
1369083,2005178,11820051781013788,,118,1,
1369083,2005183,11820051831013788,,118,1,
1369083,1977406,11919774061013788,,119,1,
1369083,2005176,11920051761013788,,119,1,
1369083,2005178,11920051781013788,,119,1,
1369083,2005183,11920051831013788,,119,1,
1369083,1977406,119774061013788,,1,1,
1369083,1977412,119774121013788,,1,1,
1369083,1977413,119774131013788,,1,1,
1369083,2005174,120051741013788,,1,1,
1369083,2005175,120051751013788,,1,1,
1369083,2005176,120051761013788,,1,1,
1369083,2005178,120051781013788,,1,1,
1369083,2005180,120051801013788,,1,1,
1369083,2005181,120051811013788,,1,1,
1369083,2005183,120051831013788,,1,1,
1369083,1977406,12019774061013788,,120,1,
1369083,2005176,12020051761013788,,120,1,
1369083,2005178,12020051781013788,,120,1,
1369083,2005183,12020051831013788,,120,1,
1369083,1977406,12119774061013788,,121,1,
1369083,2005176,12120051761013788,,121,1,
1369083,2005178,12120051781013788,,121,1,
1369083,2005183,12120051831013788,,121,1,
1369083,1977406,1219774061013788,,12,1,
1369083,1977412,1219774121013788,,12,1,
1369083,1977413,1219774131013788,,12,1,
1369083,2005174,1220051741013788,,12,1,
1369083,2005175,1220051751013788,,12,1,
1369083,2005176,1220051761013788,,12,1,
1369083,2005178,1220051781013788,,12,1,
1369083,2005180,1220051801013788,,12,1,
1369083,2005181,1220051811013788,,12,1,
1369083,2005183,1220051831013788,,12,1,
1369083,1977406,12219774061013788,,122,1,
1369083,12005176,12220051761013788,,122,1,
1369083,12005178,12220051781013788,,122,1,
1369083,2005183,12220051831013788,,122,1,
1369083,1977406,12319774061013788,,123,1,
1369083,12005176,12320051761013788,,123,1,
1369083,12005178,12320051781013788,,123,1,
1369083,2005183,12320051831013788,,123,1,
1369083,11977406,12419774061013788,,124,1,
1369083,12005183,12420051831013788,,124,1,
1369083,11977406,12519774061013788,,125,1,
1369083,12005183,12520051831013788,,125,1,
1369083,11977406,12619774061013788,,126,1,
1369083,12005183,12620051831013788,,126,1,
1369083,11977406,12719774061013788,,127,1,
1369083,12005183,12720051831013788,,127,1,
1369083,1977406,1319774061013788,,13,1,
1369083,1977412,1319774121013788,,13,1,
1369083,1977413,1319774131013788,,13,1,
1369083,2005174,1320051741013788,,13,1,
1369083,2005175,1320051751013788,,13,1,
1369083,2005176,1320051761013788,,13,1,
1369083,2005178,1320051781013788,,13,1,
1369083,2005180,1320051801013788,,13,1,
1369083,2005181,1320051811013788,,13,1,
1369083,2005183,1320051831013788,,13,1,
1369083,1977406,1419774061013788,,14,1,
1369083,1977412,1419774121013788,,14,1,
1369083,1977413,1419774131013788,,14,1,
1369083,2005174,1420051741013788,,14,1,
1369083,2005175,1420051751013788,,14,1,
1369083,2005176,1420051761013788,,14,1,
1369083,2005178,1420051781013788,,14,1,
1369083,2005180,1420051801013788,,14,1,
1369083,2005181,1420051811013788,,14,1,
1369083,2005183,1420051831013788,,14,1,
1369083,1977406,1519774061013788,,15,1,
1369083,1977412,1519774121013788,,15,1,
1369083,1977413,1519774131013788,,15,1,
1369083,2005174,1520051741013788,,15,1,
1369083,2005175,1520051751013788,,15,1,
1369083,2005176,1520051761013788,,15,1,
1369083,2005178,1520051781013788,,15,1,
1369083,2005180,1520051801013788,,15,1,
1369083,2005181,1520051811013788,,15,1,
1369083,2005183,1520051831013788,,15,1,
1369083,1977406,1619774061013788,,16,1,
1369083,1977412,1619774121013788,,16,1,
1369083,1977413,1619774131013788,,16,1,
1369083,2005174,1620051741013788,,16,1,
1369083,2005175,1620051751013788,,16,1,
1369083,2005176,1620051761013788,,16,1,
1369083,2005178,1620051781013788,,16,1,
1369083,2005180,1620051801013788,,16,1,
1369083,2005181,1620051811013788,,16,1,
1369083,2005183,1620051831013788,,16,1,
1369083,1977406,1719774061013788,,17,1,
1369083,1977412,1719774121013788,,17,1,
1369083,1977413,1719774131013788,,17,1,
1369083,2005174,1720051741013788,,17,1,
1369083,2005175,1720051751013788,,17,1,
1369083,2005176,1720051761013788,,17,1,
1369083,2005178,1720051781013788,,17,1,
1369083,2005180,1720051801013788,,17,1,
1369083,2005181,1720051811013788,,17,1,
1369083,2005183,1720051831013788,,17,1,
1369083,1977406,1819774061013788,,18,1,
1369083,1977412,1819774121013788,,18,1,
1369083,1977413,1819774131013788,,18,1,
1369083,2005174,1820051741013788,,18,1,
1369083,2005175,1820051751013788,,18,1,
1369083,2005176,1820051761013788,,18,1,
1369083,2005178,1820051781013788,,18,1,
1369083,2005180,1820051801013788,,18,1,
1369083,2005181,1820051811013788,,18,1,
1369083,2005183,1820051831013788,,18,1,
1369083,1977406,1919774061013788,,19,1,
1369083,1977412,1919774121013788,,19,1,
1369083,1977413,1919774131013788,,19,1,
1369083,2005174,1920051741013788,,19,1,
1369083,2005175,1920051751013788,,19,1,
1369083,2005176,1920051761013788,,19,1,
1369083,2005178,1920051781013788,,19,1,
1369083,2005180,1920051801013788,,19,1,
1369083,2005181,1920051811013788,,19,1,
1369083,2005183,1920051831013788,,19,1,
1369083,1977406,2019774061013788,,20,1,
1369083,1977412,2019774121013788,,20,1,
1369083,1977413,2019774131013788,,20,1,
1369083,2005174,2020051741013788,,20,1,
1369083,2005175,2020051751013788,,20,1,
1369083,2005176,2020051761013788,,20,1,
1369083,2005178,2020051781013788,,20,1,
1369083,2005180,2020051801013788,,20,1,
1369083,2005181,2020051811013788,,20,1,
1369083,2005183,2020051831013788,,20,1,
1369083,1977406,2119774061013788,,21,1,
1369083,1977412,2119774121013788,,21,1,
1369083,1977413,2119774131013788,,21,1,
1369083,2005174,2120051741013788,,21,1,
1369083,2005175,2120051751013788,,21,1,
1369083,2005176,2120051761013788,,21,1,
1369083,2005178,2120051781013788,,21,1,
1369083,2005180,2120051801013788,,21,1,
1369083,2005181,2120051811013788,,21,1,
1369083,2005183,2120051831013788,,21,1,
1369083,1977406,219774061013788,,2,1,
1369083,1977412,219774121013788,,2,1,
1369083,1977413,219774131013788,,2,1,
1369083,2005174,220051741013788,,2,1,
1369083,2005175,220051751013788,,2,1,
1369083,2005176,220051761013788,,2,1,
1369083,2005178,220051781013788,,2,1,
1369083,2005180,220051801013788,,2,1,
1369083,2005181,220051811013788,,2,1,
1369083,2005183,220051831013788,,2,1,
1369083,1977406,2219774061013788,,22,1,
1369083,1977412,2219774121013788,,22,1,
1369083,1977413,2219774131013788,,22,1,
1369083,2005174,2220051741013788,,22,1,
1369083,2005175,2220051751013788,,22,1,
1369083,2005176,2220051761013788,,22,1,
1369083,2005178,2220051781013788,,22,1,
1369083,2005180,2220051801013788,,22,1,
1369083,2005181,2220051811013788,,22,1,
1369083,2005183,2220051831013788,,22,1,
1369083,1977406,2319774061013788,,23,1,
1369083,1977412,2319774121013788,,23,1,
1369083,1977413,2319774131013788,,23,1,
1369083,2005174,2320051741013788,,23,1,
1369083,2005175,2320051751013788,,23,1,
1369083,2005176,2320051761013788,,23,1,
1369083,2005178,2320051781013788,,23,1,
1369083,2005180,2320051801013788,,23,1,
1369083,2005181,2320051811013788,,23,1,
1369083,2005183,2320051831013788,,23,1,
1369083,1977406,2419774061013788,,24,1,
1369083,1977412,2419774121013788,,24,1,
1369083,1977413,2419774131013788,,24,1,
1369083,2005174,2420051741013788,,24,1,
1369083,2005175,2420051751013788,,24,1,
1369083,2005176,2420051761013788,,24,1,
1369083,2005178,2420051781013788,,24,1,
1369083,2005180,2420051801013788,,24,1,
1369083,2005181,2420051811013788,,24,1,
1369083,2005183,2420051831013788,,24,1,
1369083,1977406,2519774061013788,,25,1,
1369083,1977412,2519774121013788,,25,1,
1369083,1977413,2519774131013788,,25,1,
1369083,2005174,2520051741013788,,25,1,
1369083,2005175,2520051751013788,,25,1,
1369083,2005176,2520051761013788,,25,1,
1369083,2005178,2520051781013788,,25,1,
1369083,2005180,2520051801013788,,25,1,
1369083,2005181,2520051811013788,,25,1,
1369083,2005183,2520051831013788,,25,1,
1369083,1977406,2619774061013788,,26,1,
1369083,1977412,2619774121013788,,26,1,
1369083,1977413,2619774131013788,,26,1,
1369083,2005174,2620051741013788,,26,1,
1369083,2005175,2620051751013788,,26,1,
1369083,2005176,2620051761013788,,26,1,
1369083,2005178,2620051781013788,,26,1,
1369083,2005180,2620051801013788,,26,1,
1369083,2005181,2620051811013788,,26,1,
1369083,2005183,2620051831013788,,26,1,
1369083,1977406,2719774061013788,,27,1,
1369083,1977412,2719774121013788,,27,1,
1369083,1977413,2719774131013788,,27,1,
1369083,2005174,2720051741013788,,27,1,
1369083,2005175,2720051751013788,,27,1,
1369083,2005176,2720051761013788,,27,1,
1369083,2005178,2720051781013788,,27,1,
1369083,2005180,2720051801013788,,27,1,
1369083,2005181,2720051811013788,,27,1,
1369083,2005183,2720051831013788,,27,1,
1369083,1977406,2819774061013788,,28,1,
1369083,1977412,2819774121013788,,28,1,
1369083,1977413,2819774131013788,,28,1,
1369083,2005174,2820051741013788,,28,1,
1369083,2005175,2820051751013788,,28,1,
1369083,2005176,2820051761013788,,28,1,
1369083,2005178,2820051781013788,,28,1,
1369083,2005180,2820051801013788,,28,1,
1369083,2005181,2820051811013788,,28,1,
1369083,2005183,2820051831013788,,28,1,
1369083,1977406,2919774061013788,,29,1,
1369083,1977412,2919774121013788,,29,1,
1369083,1977413,2919774131013788,,29,1,
1369083,2005174,2920051741013788,,29,1,
1369083,2005175,2920051751013788,,29,1,
1369083,2005176,2920051761013788,,29,1,
1369083,2005178,2920051781013788,,29,1,
1369083,2005180,2920051801013788,,29,1,
1369083,2005181,2920051811013788,,29,1,
1369083,2005183,2920051831013788,,29,1,
1369083,1977406,3019774061013788,,30,1,
1369083,1977412,3019774121013788,,30,1,
1369083,1977413,3019774131013788,,30,1,
1369083,2005174,3020051741013788,,30,1,
1369083,2005175,3020051751013788,,30,1,
1369083,2005176,3020051761013788,,30,1,
1369083,2005178,3020051781013788,,30,1,
1369083,2005180,3020051801013788,,30,1,
1369083,2005181,3020051811013788,,30,1,
1369083,2005183,3020051831013788,,30,1,
1369083,1977406,3119774061013788,,31,1,
1369083,1977412,3119774121013788,,31,1,
1369083,1977413,3119774131013788,,31,1,
1369083,2005174,3120051741013788,,31,1,
1369083,2005175,3120051751013788,,31,1,
1369083,2005176,3120051761013788,,31,1,
1369083,2005178,3120051781013788,,31,1,
1369083,2005180,3120051801013788,,31,1,
1369083,2005181,3120051811013788,,31,1,
1369083,2005183,3120051831013788,,31,1,
1369083,1977406,319774061013788,,3,1,
1369083,1977412,319774121013788,,3,1,
1369083,1977413,319774131013788,,3,1,
1369083,2005174,320051741013788,,3,1,
1369083,2005175,320051751013788,,3,1,
1369083,2005176,320051761013788,,3,1,
1369083,2005178,320051781013788,,3,1,
1369083,2005180,320051801013788,,3,1,
1369083,2005181,320051811013788,,3,1,
1369083,2005183,320051831013788,,3,1,
1369083,1977406,3219774061013788,,32,1,
1369083,1977412,3219774121013788,,32,1,
1369083,1977413,3219774131013788,,32,1,
1369083,2005174,3220051741013788,,32,1,
1369083,2005175,3220051751013788,,32,1,
1369083,2005176,3220051761013788,,32,1,
1369083,2005178,3220051781013788,,32,1,
1369083,2005180,3220051801013788,,32,1,
1369083,2005181,3220051811013788,,32,1,
1369083,2005183,3220051831013788,,32,1,
1369083,1977406,3319774061013788,,33,1,
1369083,1977412,3319774121013788,,33,1,
1369083,1977413,3319774131013788,,33,1,
1369083,2005174,3320051741013788,,33,1,
1369083,2005175,3320051751013788,,33,1,
1369083,2005176,3320051761013788,,33,1,
1369083,2005178,3320051781013788,,33,1,
1369083,2005180,3320051801013788,,33,1,
1369083,2005181,3320051811013788,,33,1,
1369083,2005183,3320051831013788,,33,1,
1369083,1977406,3419774061013788,,34,1,
1369083,1977412,3419774121013788,,34,1,
1369083,1977413,3419774131013788,,34,1,
1369083,2005174,3420051741013788,,34,1,
1369083,2005175,3420051751013788,,34,1,
1369083,2005176,3420051761013788,,34,1,
1369083,2005178,3420051781013788,,34,1,
1369083,2005180,3420051801013788,,34,1,
1369083,2005181,3420051811013788,,34,1,
1369083,2005183,3420051831013788,,34,1,
1369083,1977406,3519774061013788,,35,1,
1369083,1977412,3519774121013788,,35,1,
1369083,1977413,3519774131013788,,35,1,
1369083,2005174,3520051741013788,,35,1,
1369083,2005175,3520051751013788,,35,1,
1369083,2005176,3520051761013788,,35,1,
1369083,2005178,3520051781013788,,35,1,
1369083,2005180,3520051801013788,,35,1,
1369083,2005181,3520051811013788,,35,1,
1369083,2005183,3520051831013788,,35,1,
1369083,1977406,3619774061013788,,36,1,
1369083,1977412,3619774121013788,,36,1,
1369083,1977413,3619774131013788,,36,1,
1369083,2005174,3620051741013788,,36,1,
1369083,2005175,3620051751013788,,36,1,
1369083,2005176,3620051761013788,,36,1,
1369083,2005178,3620051781013788,,36,1,
1369083,2005180,3620051801013788,,36,1,
1369083,2005181,3620051811013788,,36,1,
1369083,2005183,3620051831013788,,36,1,
1369083,1977406,3719774061013788,,37,1,
1369083,1977412,3719774121013788,,37,1,
1369083,1977413,3719774131013788,,37,1,
1369083,2005174,3720051741013788,,37,1,
1369083,2005175,3720051751013788,,37,1,
1369083,2005176,3720051761013788,,37,1,
1369083,2005178,3720051781013788,,37,1,
1369083,2005180,3720051801013788,,37,1,
1369083,2005181,3720051811013788,,37,1,
1369083,2005183,3720051831013788,,37,1,
1369083,1977406,3819774061013788,,38,1,
1369083,1977412,3819774121013788,,38,1,
1369083,1977413,3819774131013788,,38,1,
1369083,2005174,3820051741013788,,38,1,
1369083,2005175,3820051751013788,,38,1,
1369083,2005176,3820051761013788,,38,1,
1369083,2005178,3820051781013788,,38,1,
1369083,2005180,3820051801013788,,38,1,
1369083,2005181,3820051811013788,,38,1,
1369083,2005183,3820051831013788,,38,1,
1369083,1977406,3919774061013788,,39,1,
1369083,1977412,3919774121013788,,39,1,
1369083,1977413,3919774131013788,,39,1,
1369083,2005174,3920051741013788,,39,1,
1369083,2005175,3920051751013788,,39,1,
1369083,2005176,3920051761013788,,39,1,
1369083,2005178,3920051781013788,,39,1,
1369083,2005180,3920051801013788,,39,1,
1369083,2005181,3920051811013788,,39,1,
1369083,2005183,3920051831013788,,39,1,
1369083,1977406,4019774061013788,,40,1,
1369083,1977412,4019774121013788,,40,1,
1369083,1977413,4019774131013788,,40,1,
1369083,2005174,4020051741013788,,40,1,
1369083,2005175,4020051751013788,,40,1,
1369083,2005176,4020051761013788,,40,1,
1369083,2005178,4020051781013788,,40,1,
1369083,2005180,4020051801013788,,40,1,
1369083,2005181,4020051811013788,,40,1,
1369083,2005183,4020051831013788,,40,1,
1369083,1977406,4119774061013788,,41,1,
1369083,1977412,4119774121013788,,41,1,
1369083,1977413,4119774131013788,,41,1,
1369083,2005174,4120051741013788,,41,1,
1369083,2005175,4120051751013788,,41,1,
1369083,2005176,4120051761013788,,41,1,
1369083,2005178,4120051781013788,,41,1,
1369083,2005180,4120051801013788,,41,1,
1369083,2005181,4120051811013788,,41,1,
1369083,2005183,4120051831013788,,41,1,
1369083,1977406,419774061013788,,4,1,
1369083,1977412,419774121013788,,4,1,
1369083,1977413,419774131013788,,4,1,
1369083,2005174,420051741013788,,4,1,
1369083,2005175,420051751013788,,4,1,
1369083,2005176,420051761013788,,4,1,
1369083,2005178,420051781013788,,4,1,
1369083,2005180,420051801013788,,4,1,
1369083,2005181,420051811013788,,4,1,
1369083,2005183,420051831013788,,4,1,
1369083,1977406,4219774061013788,,42,1,
1369083,1977412,4219774121013788,,42,1,
1369083,1977413,4219774131013788,,42,1,
1369083,2005174,4220051741013788,,42,1,
1369083,2005175,4220051751013788,,42,1,
1369083,2005176,4220051761013788,,42,1,
1369083,2005178,4220051781013788,,42,1,
1369083,2005180,4220051801013788,,42,1,
1369083,2005181,4220051811013788,,42,1,
1369083,2005183,4220051831013788,,42,1,
1369083,1977406,4319774061013788,,43,1,
1369083,1977412,4319774121013788,,43,1,
1369083,1977413,4319774131013788,,43,1,
1369083,2005174,4320051741013788,,43,1,
1369083,2005175,4320051751013788,,43,1,
1369083,2005176,4320051761013788,,43,1,
1369083,2005178,4320051781013788,,43,1,
1369083,2005180,4320051801013788,,43,1,
1369083,2005181,4320051811013788,,43,1,
1369083,2005183,4320051831013788,,43,1,
1369083,1977406,4419774061013788,,44,1,
1369083,1977412,4419774121013788,,44,1,
1369083,1977413,4419774131013788,,44,1,
1369083,2005174,4420051741013788,,44,1,
1369083,2005175,4420051751013788,,44,1,
1369083,2005176,4420051761013788,,44,1,
1369083,2005178,4420051781013788,,44,1,
1369083,2005180,4420051801013788,,44,1,
1369083,2005181,4420051811013788,,44,1,
1369083,2005183,4420051831013788,,44,1,
1369083,1977406,4519774061013788,,45,1,
1369083,1977412,4519774121013788,,45,1,
1369083,1977413,4519774131013788,,45,1,
1369083,2005174,4520051741013788,,45,1,
1369083,2005175,4520051751013788,,45,1,
1369083,2005176,4520051761013788,,45,1,
1369083,2005178,4520051781013788,,45,1,
1369083,2005180,4520051801013788,,45,1,
1369083,2005181,4520051811013788,,45,1,
1369083,2005183,4520051831013788,,45,1,
1369083,1977406,4619774061013788,,46,1,
1369083,1977412,4619774121013788,,46,1,
1369083,1977413,4619774131013788,,46,1,
1369083,2005174,4620051741013788,,46,1,
1369083,2005175,4620051751013788,,46,1,
1369083,2005176,4620051761013788,,46,1,
1369083,2005178,4620051781013788,,46,1,
1369083,2005180,4620051801013788,,46,1,
1369083,2005181,4620051811013788,,46,1,
1369083,2005183,4620051831013788,,46,1,
1369083,1977406,4719774061013788,,47,1,
1369083,1977412,4719774121013788,,47,1,
1369083,1977413,4719774131013788,,47,1,
1369083,2005174,4720051741013788,,47,1,
1369083,2005175,4720051751013788,,47,1,
1369083,2005176,4720051761013788,,47,1,
1369083,2005178,4720051781013788,,47,1,
1369083,2005180,4720051801013788,,47,1,
1369083,2005181,4720051811013788,,47,1,
1369083,2005183,4720051831013788,,47,1,
1369083,1977406,4819774061013788,,48,1,
1369083,1977412,4819774121013788,,48,1,
1369083,1977413,4819774131013788,,48,1,
1369083,2005174,4820051741013788,,48,1,
1369083,2005175,4820051751013788,,48,1,
1369083,2005176,4820051761013788,,48,1,
1369083,2005178,4820051781013788,,48,1,
1369083,2005180,4820051801013788,,48,1,
1369083,2005181,4820051811013788,,48,1,
1369083,2005183,4820051831013788,,48,1,
1369083,1977406,4919774061013788,,49,1,
1369083,1977412,4919774121013788,,49,1,
1369083,1977413,4919774131013788,,49,1,
1369083,2005174,4920051741013788,,49,1,
1369083,2005175,4920051751013788,,49,1,
1369083,2005176,4920051761013788,,49,1,
1369083,2005178,4920051781013788,,49,1,
1369083,2005180,4920051801013788,,49,1,
1369083,2005181,4920051811013788,,49,1,
1369083,2005183,4920051831013788,,49,1,
1369083,1977406,5019774061013788,,50,1,
1369083,1977412,5019774121013788,,50,1,
1369083,1977413,5019774131013788,,50,1,
1369083,2005174,5020051741013788,,50,1,
1369083,2005175,5020051751013788,,50,1,
1369083,2005176,5020051761013788,,50,1,
1369083,2005178,5020051781013788,,50,1,
1369083,2005180,5020051801013788,,50,1,
1369083,2005181,5020051811013788,,50,1,
1369083,2005183,5020051831013788,,50,1,
1369083,1977406,5119774061013788,,51,1,
1369083,1977412,5119774121013788,,51,1,
1369083,1977413,5119774131013788,,51,1,
1369083,2005174,5120051741013788,,51,1,
1369083,2005175,5120051751013788,,51,1,
1369083,2005176,5120051761013788,,51,1,
1369083,2005178,5120051781013788,,51,1,
1369083,2005180,5120051801013788,,51,1,
1369083,2005181,5120051811013788,,51,1,
1369083,2005183,5120051831013788,,51,1,
1369083,1977406,519774061013788,,5,1,
1369083,1977412,519774121013788,,5,1,
1369083,1977413,519774131013788,,5,1,
1369083,2005174,520051741013788,,5,1,
1369083,2005175,520051751013788,,5,1,
1369083,2005176,520051761013788,,5,1,
1369083,2005178,520051781013788,,5,1,
1369083,2005180,520051801013788,,5,1,
1369083,2005181,520051811013788,,5,1,
1369083,2005183,520051831013788,,5,1,
1369083,1977406,5219774061013788,,52,1,
1369083,1977412,5219774121013788,,52,1,
1369083,1977413,5219774131013788,,52,1,
1369083,2005174,5220051741013788,,52,1,
1369083,2005175,5220051751013788,,52,1,
1369083,2005176,5220051761013788,,52,1,
1369083,2005178,5220051781013788,,52,1,
1369083,2005180,5220051801013788,,52,1,
1369083,2005181,5220051811013788,,52,1,
1369083,2005183,5220051831013788,,52,1,
1369083,1977406,5319774061013788,,53,1,
1369083,1977412,5319774121013788,,53,1,
1369083,1977413,5319774131013788,,53,1,
1369083,2005174,5320051741013788,,53,1,
1369083,2005175,5320051751013788,,53,1,
1369083,2005176,5320051761013788,,53,1,
1369083,2005178,5320051781013788,,53,1,
1369083,2005180,5320051801013788,,53,1,
1369083,2005181,5320051811013788,,53,1,
1369083,2005183,5320051831013788,,53,1,
1369083,1977406,5419774061013788,,54,1,
1369083,1977412,5419774121013788,,54,1,
1369083,1977413,5419774131013788,,54,1,
1369083,2005174,5420051741013788,,54,1,
1369083,2005175,5420051751013788,,54,1,
1369083,2005176,5420051761013788,,54,1,
1369083,2005178,5420051781013788,,54,1,
1369083,2005180,5420051801013788,,54,1,
1369083,2005181,5420051811013788,,54,1,
1369083,2005183,5420051831013788,,54,1,
1369083,1977406,5519774061013788,,55,1,
1369083,1977412,5519774121013788,,55,1,
1369083,1977413,5519774131013788,,55,1,
1369083,2005174,5520051741013788,,55,1,
1369083,2005175,5520051751013788,,55,1,
1369083,2005176,5520051761013788,,55,1,
1369083,2005178,5520051781013788,,55,1,
1369083,2005180,5520051801013788,,55,1,
1369083,2005181,5520051811013788,,55,1,
1369083,2005183,5520051831013788,,55,1,
1369083,1977406,5619774061013788,,56,1,
1369083,1977412,5619774121013788,,56,1,
1369083,1977413,5619774131013788,,56,1,
1369083,2005174,5620051741013788,,56,1,
1369083,2005175,5620051751013788,,56,1,
1369083,2005176,5620051761013788,,56,1,
1369083,2005178,5620051781013788,,56,1,
1369083,2005180,5620051801013788,,56,1,
1369083,2005181,5620051811013788,,56,1,
1369083,2005183,5620051831013788,,56,1,
1369083,1977406,5719774061013788,,57,1,
1369083,1977412,5719774121013788,,57,1,
1369083,1977413,5719774131013788,,57,1,
1369083,2005174,5720051741013788,,57,1,
1369083,2005175,5720051751013788,,57,1,
1369083,2005176,5720051761013788,,57,1,
1369083,2005178,5720051781013788,,57,1,
1369083,2005180,5720051801013788,,57,1,
1369083,2005181,5720051811013788,,57,1,
1369083,2005183,5720051831013788,,57,1,
1369083,1977406,5819774061013788,,58,1,
1369083,1977412,5819774121013788,,58,1,
1369083,1977413,5819774131013788,,58,1,
1369083,2005174,5820051741013788,,58,1,
1369083,2005175,5820051751013788,,58,1,
1369083,2005176,5820051761013788,,58,1,
1369083,2005178,5820051781013788,,58,1,
1369083,2005180,5820051801013788,,58,1,
1369083,2005181,5820051811013788,,58,1,
1369083,2005183,5820051831013788,,58,1,
1369083,1977406,5919774061013788,,59,1,
1369083,1977412,5919774121013788,,59,1,
1369083,1977413,5919774131013788,,59,1,
1369083,2005174,5920051741013788,,59,1,
1369083,2005175,5920051751013788,,59,1,
1369083,2005176,5920051761013788,,59,1,
1369083,2005178,5920051781013788,,59,1,
1369083,2005180,5920051801013788,,59,1,
1369083,2005181,5920051811013788,,59,1,
1369083,2005183,5920051831013788,,59,1,
1369083,1977406,6019774061013788,,60,1,
1369083,1977412,6019774121013788,,60,1,
1369083,1977413,6019774131013788,,60,1,
1369083,2005174,6020051741013788,,60,1,
1369083,2005175,6020051751013788,,60,1,
1369083,2005176,6020051761013788,,60,1,
1369083,2005178,6020051781013788,,60,1,
1369083,2005180,6020051801013788,,60,1,
1369083,2005181,6020051811013788,,60,1,
1369083,2005183,6020051831013788,,60,1,
1369083,1977406,6119774061013788,,61,1,
1369083,1977412,6119774121013788,,61,1,
1369083,1977413,6119774131013788,,61,1,
1369083,2005174,6120051741013788,,61,1,
1369083,2005175,6120051751013788,,61,1,
1369083,2005176,6120051761013788,,61,1,
1369083,2005178,6120051781013788,,61,1,
1369083,2005180,6120051801013788,,61,1,
1369083,2005181,6120051811013788,,61,1,
1369083,2005183,6120051831013788,,61,1,
1369083,1977406,619774061013788,,6,1,
1369083,1977412,619774121013788,,6,1,
1369083,1977413,619774131013788,,6,1,
1369083,2005174,620051741013788,,6,1,
1369083,2005175,620051751013788,,6,1,
1369083,2005176,620051761013788,,6,1,
1369083,2005178,620051781013788,,6,1,
1369083,2005180,620051801013788,,6,1,
1369083,2005181,620051811013788,,6,1,
1369083,2005183,620051831013788,,6,1,
1369083,1977406,6219774061013788,,62,1,
1369083,1977412,6219774121013788,,62,1,
1369083,1977413,6219774131013788,,62,1,
1369083,2005174,6220051741013788,,62,1,
1369083,2005175,6220051751013788,,62,1,
1369083,2005176,6220051761013788,,62,1,
1369083,2005178,6220051781013788,,62,1,
1369083,2005180,6220051801013788,,62,1,
1369083,2005181,6220051811013788,,62,1,
1369083,2005183,6220051831013788,,62,1,
1369083,1977406,6319774061013788,,63,1,
1369083,1977412,6319774121013788,,63,1,
1369083,1977413,6319774131013788,,63,1,
1369083,2005174,6320051741013788,,63,1,
1369083,2005175,6320051751013788,,63,1,
1369083,2005176,6320051761013788,,63,1,
1369083,2005178,6320051781013788,,63,1,
1369083,2005180,6320051801013788,,63,1,
1369083,2005181,6320051811013788,,63,1,
1369083,2005183,6320051831013788,,63,1,
1369083,1977406,6419774061013788,,64,1,
1369083,1977412,6419774121013788,,64,1,
1369083,1977413,6419774131013788,,64,1,
1369083,2005174,6420051741013788,,64,1,
1369083,2005175,6420051751013788,,64,1,
1369083,2005176,6420051761013788,,64,1,
1369083,2005178,6420051781013788,,64,1,
1369083,2005180,6420051801013788,,64,1,
1369083,2005181,6420051811013788,,64,1,
1369083,2005183,6420051831013788,,64,1,
1369083,1977406,6519774061013788,,65,1,
1369083,1977412,6519774121013788,,65,1,
1369083,1977413,6519774131013788,,65,1,
1369083,2005174,6520051741013788,,65,1,
1369083,2005175,6520051751013788,,65,1,
1369083,2005176,6520051761013788,,65,1,
1369083,2005178,6520051781013788,,65,1,
1369083,2005180,6520051801013788,,65,1,
1369083,2005181,6520051811013788,,65,1,
1369083,2005183,6520051831013788,,65,1,
1369083,1977406,6619774061013788,,66,1,
1369083,1977412,6619774121013788,,66,1,
1369083,1977413,6619774131013788,,66,1,
1369083,2005174,6620051741013788,,66,1,
1369083,2005175,6620051751013788,,66,1,
1369083,2005176,6620051761013788,,66,1,
1369083,2005178,6620051781013788,,66,1,
1369083,2005180,6620051801013788,,66,1,
1369083,2005181,6620051811013788,,66,1,
1369083,2005183,6620051831013788,,66,1,
1369083,1977406,6719774061013788,,67,1,
1369083,1977412,6719774121013788,,67,1,
1369083,1977413,6719774131013788,,67,1,
1369083,2005174,6720051741013788,,67,1,
1369083,2005175,6720051751013788,,67,1,
1369083,2005176,6720051761013788,,67,1,
1369083,2005178,6720051781013788,,67,1,
1369083,2005180,6720051801013788,,67,1,
1369083,2005181,6720051811013788,,67,1,
1369083,2005183,6720051831013788,,67,1,
1369083,1977406,6819774061013788,,68,1,
1369083,1977412,6819774121013788,,68,1,
1369083,1977413,6819774131013788,,68,1,
1369083,2005174,6820051741013788,,68,1,
1369083,2005175,6820051751013788,,68,1,
1369083,2005176,6820051761013788,,68,1,
1369083,2005178,6820051781013788,,68,1,
1369083,2005180,6820051801013788,,68,1,
1369083,2005181,6820051811013788,,68,1,
1369083,2005183,6820051831013788,,68,1,
1369083,1977406,6919774061013788,,69,1,
1369083,1977412,6919774121013788,,69,1,
1369083,1977413,6919774131013788,,69,1,
1369083,2005174,6920051741013788,,69,1,
1369083,2005175,6920051751013788,,69,1,
1369083,2005176,6920051761013788,,69,1,
1369083,2005178,6920051781013788,,69,1,
1369083,2005180,6920051801013788,,69,1,
1369083,2005181,6920051811013788,,69,1,
1369083,2005183,6920051831013788,,69,1,
1369083,1977406,7019774061013788,,70,1,
1369083,1977412,7019774121013788,,70,1,
1369083,1977413,7019774131013788,,70,1,
1369083,2005174,7020051741013788,,70,1,
1369083,2005175,7020051751013788,,70,1,
1369083,2005176,7020051761013788,,70,1,
1369083,2005178,7020051781013788,,70,1,
1369083,2005180,7020051801013788,,70,1,
1369083,2005181,7020051811013788,,70,1,
1369083,2005183,7020051831013788,,70,1,
1369083,1977406,7119774061013788,,71,1,
1369083,1977412,7119774121013788,,71,1,
1369083,1977413,7119774131013788,,71,1,
1369083,12005174,7120051741013788,,71,1,
1369083,12005175,7120051751013788,,71,1,
1369083,2005176,7120051761013788,,71,1,
1369083,2005178,7120051781013788,,71,1,
1369083,2005180,7120051801013788,,71,1,
1369083,2005181,7120051811013788,,71,1,
1369083,2005183,7120051831013788,,71,1,
1369083,1977406,719774061013788,,7,1,
1369083,1977412,719774121013788,,7,1,
1369083,1977413,719774131013788,,7,1,
1369083,2005174,720051741013788,,7,1,
1369083,2005175,720051751013788,,7,1,
1369083,2005176,720051761013788,,7,1,
1369083,2005178,720051781013788,,7,1,
1369083,2005180,720051801013788,,7,1,
1369083,2005181,720051811013788,,7,1,
1369083,2005183,720051831013788,,7,1,
1369083,1977406,7219774061013788,,72,1,
1369083,1977412,7219774121013788,,72,1,
1369083,1977413,7219774131013788,,72,1,
1369083,12005174,7220051741013788,,72,1,
1369083,12005175,7220051751013788,,72,1,
1369083,2005176,7220051761013788,,72,1,
1369083,2005178,7220051781013788,,72,1,
1369083,2005180,7220051801013788,,72,1,
1369083,2005181,7220051811013788,,72,1,
1369083,2005183,7220051831013788,,72,1,
1369083,1977406,7319774061013788,,73,1,
1369083,1977412,7319774121013788,,73,1,
1369083,1977413,7319774131013788,,73,1,
1369083,12005175,7320051751013788,,73,1,
1369083,2005176,7320051761013788,,73,1,
1369083,2005178,7320051781013788,,73,1,
1369083,2005180,7320051801013788,,73,1,
1369083,2005181,7320051811013788,,73,1,
1369083,2005183,7320051831013788,,73,1,
1369083,1977406,7419774061013788,,74,1,
1369083,1977412,7419774121013788,,74,1,
1369083,1977413,7419774131013788,,74,1,
1369083,12005175,7420051751013788,,74,1,
1369083,2005176,7420051761013788,,74,1,
1369083,2005178,7420051781013788,,74,1,
1369083,2005180,7420051801013788,,74,1,
1369083,2005181,7420051811013788,,74,1,
1369083,2005183,7420051831013788,,74,1,
1369083,1977406,7519774061013788,,75,1,
1369083,1977412,7519774121013788,,75,1,
1369083,1977413,7519774131013788,,75,1,
1369083,2005176,7520051761013788,,75,1,
1369083,2005178,7520051781013788,,75,1,
1369083,2005180,7520051801013788,,75,1,
1369083,2005181,7520051811013788,,75,1,
1369083,2005183,7520051831013788,,75,1,
1369083,1977406,7619774061013788,,76,1,
1369083,1977412,7619774121013788,,76,1,
1369083,1977413,7619774131013788,,76,1,
1369083,2005176,7620051761013788,,76,1,
1369083,2005178,7620051781013788,,76,1,
1369083,2005180,7620051801013788,,76,1,
1369083,2005181,7620051811013788,,76,1,
1369083,2005183,7620051831013788,,76,1,
1369083,1977406,7719774061013788,,77,1,
1369083,1977412,7719774121013788,,77,1,
1369083,1977413,7719774131013788,,77,1,
1369083,2005176,7720051761013788,,77,1,
1369083,2005178,7720051781013788,,77,1,
1369083,2005180,7720051801013788,,77,1,
1369083,2005181,7720051811013788,,77,1,
1369083,2005183,7720051831013788,,77,1,
1369083,1977406,7819774061013788,,78,1,
1369083,1977412,7819774121013788,,78,1,
1369083,1977413,7819774131013788,,78,1,
1369083,2005176,7820051761013788,,78,1,
1369083,2005178,7820051781013788,,78,1,
1369083,2005180,7820051801013788,,78,1,
1369083,2005181,7820051811013788,,78,1,
1369083,2005183,7820051831013788,,78,1,
1369083,1977406,7919774061013788,,79,1,
1369083,1977412,7919774121013788,,79,1,
1369083,1977413,7919774131013788,,79,1,
1369083,2005176,7920051761013788,,79,1,
1369083,2005178,7920051781013788,,79,1,
1369083,2005180,7920051801013788,,79,1,
1369083,2005181,7920051811013788,,79,1,
1369083,2005183,7920051831013788,,79,1,
1369083,1977406,8019774061013788,,80,1,
1369083,1977412,8019774121013788,,80,1,
1369083,1977413,8019774131013788,,80,1,
1369083,2005176,8020051761013788,,80,1,
1369083,2005178,8020051781013788,,80,1,
1369083,2005180,8020051801013788,,80,1,
1369083,2005181,8020051811013788,,80,1,
1369083,2005183,8020051831013788,,80,1,
1369083,1977406,8119774061013788,,81,1,
1369083,1977412,8119774121013788,,81,1,
1369083,1977413,8119774131013788,,81,1,
1369083,2005176,8120051761013788,,81,1,
1369083,2005178,8120051781013788,,81,1,
1369083,2005180,8120051801013788,,81,1,
1369083,2005181,8120051811013788,,81,1,
1369083,2005183,8120051831013788,,81,1,
1369083,1977406,819774061013788,,8,1,
1369083,1977412,819774121013788,,8,1,
1369083,1977413,819774131013788,,8,1,
1369083,2005174,820051741013788,,8,1,
1369083,2005175,820051751013788,,8,1,
1369083,2005176,820051761013788,,8,1,
1369083,2005178,820051781013788,,8,1,
1369083,2005180,820051801013788,,8,1,
1369083,2005181,820051811013788,,8,1,
1369083,2005183,820051831013788,,8,1,
1369083,1977406,8219774061013788,,82,1,
1369083,1977412,8219774121013788,,82,1,
1369083,1977413,8219774131013788,,82,1,
1369083,2005176,8220051761013788,,82,1,
1369083,2005178,8220051781013788,,82,1,
1369083,2005180,8220051801013788,,82,1,
1369083,2005181,8220051811013788,,82,1,
1369083,2005183,8220051831013788,,82,1,
1369083,1977406,8319774061013788,,83,1,
1369083,1977412,8319774121013788,,83,1,
1369083,1977413,8319774131013788,,83,1,
1369083,2005176,8320051761013788,,83,1,
1369083,2005178,8320051781013788,,83,1,
1369083,2005180,8320051801013788,,83,1,
1369083,2005181,8320051811013788,,83,1,
1369083,2005183,8320051831013788,,83,1,
1369083,1977406,8419774061013788,,84,1,
1369083,1977412,8419774121013788,,84,1,
1369083,1977413,8419774131013788,,84,1,
1369083,2005176,8420051761013788,,84,1,
1369083,2005178,8420051781013788,,84,1,
1369083,2005180,8420051801013788,,84,1,
1369083,2005181,8420051811013788,,84,1,
1369083,2005183,8420051831013788,,84,1,
1369083,1977406,8519774061013788,,85,1,
1369083,1977412,8519774121013788,,85,1,
1369083,1977413,8519774131013788,,85,1,
1369083,2005176,8520051761013788,,85,1,
1369083,2005178,8520051781013788,,85,1,
1369083,2005180,8520051801013788,,85,1,
1369083,2005181,8520051811013788,,85,1,
1369083,2005183,8520051831013788,,85,1,
1369083,1977406,8619774061013788,,86,1,
1369083,1977412,8619774121013788,,86,1,
1369083,1977413,8619774131013788,,86,1,
1369083,2005176,8620051761013788,,86,1,
1369083,2005178,8620051781013788,,86,1,
1369083,2005180,8620051801013788,,86,1,
1369083,2005181,8620051811013788,,86,1,
1369083,2005183,8620051831013788,,86,1,
1369083,1977406,8719774061013788,,87,1,
1369083,1977412,8719774121013788,,87,1,
1369083,1977413,8719774131013788,,87,1,
1369083,2005176,8720051761013788,,87,1,
1369083,2005178,8720051781013788,,87,1,
1369083,2005180,8720051801013788,,87,1,
1369083,2005181,8720051811013788,,87,1,
1369083,2005183,8720051831013788,,87,1,
1369083,1977406,8819774061013788,,88,1,
1369083,1977412,8819774121013788,,88,1,
1369083,1977413,8819774131013788,,88,1,
1369083,2005176,8820051761013788,,88,1,
1369083,2005178,8820051781013788,,88,1,
1369083,2005180,8820051801013788,,88,1,
1369083,2005181,8820051811013788,,88,1,
1369083,2005183,8820051831013788,,88,1,
1369083,1977406,8919774061013788,,89,1,
1369083,1977412,8919774121013788,,89,1,
1369083,1977413,8919774131013788,,89,1,
1369083,2005176,8920051761013788,,89,1,
1369083,2005178,8920051781013788,,89,1,
1369083,2005180,8920051801013788,,89,1,
1369083,2005181,8920051811013788,,89,1,
1369083,2005183,8920051831013788,,89,1,
1369083,1977406,9019774061013788,,90,1,
1369083,1977412,9019774121013788,,90,1,
1369083,1977413,9019774131013788,,90,1,
1369083,2005176,9020051761013788,,90,1,
1369083,2005178,9020051781013788,,90,1,
1369083,2005180,9020051801013788,,90,1,
1369083,2005181,9020051811013788,,90,1,
1369083,2005183,9020051831013788,,90,1,
1369083,1977406,9119774061013788,,91,1,
1369083,1977412,9119774121013788,,91,1,
1369083,1977413,9119774131013788,,91,1,
1369083,2005176,9120051761013788,,91,1,
1369083,2005178,9120051781013788,,91,1,
1369083,2005180,9120051801013788,,91,1,
1369083,2005181,9120051811013788,,91,1,
1369083,2005183,9120051831013788,,91,1,
1369083,1977406,919774061013788,,9,1,
1369083,1977412,919774121013788,,9,1,
1369083,1977413,919774131013788,,9,1,
1369083,2005174,920051741013788,,9,1,
1369083,2005175,920051751013788,,9,1,
1369083,2005176,920051761013788,,9,1,
1369083,2005178,920051781013788,,9,1,
1369083,2005180,920051801013788,,9,1,
1369083,2005181,920051811013788,,9,1,
1369083,2005183,920051831013788,,9,1,
1369083,1977406,9219774061013788,,92,1,
1369083,1977412,9219774121013788,,92,1,
1369083,1977413,9219774131013788,,92,1,
1369083,2005176,9220051761013788,,92,1,
1369083,2005178,9220051781013788,,92,1,
1369083,2005180,9220051801013788,,92,1,
1369083,2005181,9220051811013788,,92,1,
1369083,2005183,9220051831013788,,92,1,
1369083,1977406,9319774061013788,,93,1,
1369083,1977412,9319774121013788,,93,1,
1369083,1977413,9319774131013788,,93,1,
1369083,2005176,9320051761013788,,93,1,
1369083,2005178,9320051781013788,,93,1,
1369083,2005180,9320051801013788,,93,1,
1369083,2005181,9320051811013788,,93,1,
1369083,2005183,9320051831013788,,93,1,
1369083,1977406,9419774061013788,,94,1,
1369083,1977412,9419774121013788,,94,1,
1369083,1977413,9419774131013788,,94,1,
1369083,2005176,9420051761013788,,94,1,
1369083,2005178,9420051781013788,,94,1,
1369083,2005180,9420051801013788,,94,1,
1369083,2005181,9420051811013788,,94,1,
1369083,2005183,9420051831013788,,94,1,
1369083,1977406,9519774061013788,,95,1,
1369083,1977412,9519774121013788,,95,1,
1369083,1977413,9519774131013788,,95,1,
1369083,2005176,9520051761013788,,95,1,
1369083,2005178,9520051781013788,,95,1,
1369083,2005180,9520051801013788,,95,1,
1369083,2005181,9520051811013788,,95,1,
1369083,2005183,9520051831013788,,95,1,
1369083,1977406,9619774061013788,,96,1,
1369083,1977412,9619774121013788,,96,1,
1369083,1977413,9619774131013788,,96,1,
1369083,2005176,9620051761013788,,96,1,
1369083,2005178,9620051781013788,,96,1,
1369083,2005180,9620051801013788,,96,1,
1369083,2005181,9620051811013788,,96,1,
1369083,2005183,9620051831013788,,96,1,
1369083,1977406,9719774061013788,,97,1,
1369083,1977412,9719774121013788,,97,1,
1369083,1977413,9719774131013788,,97,1,
1369083,2005176,9720051761013788,,97,1,
1369083,2005178,9720051781013788,,97,1,
1369083,2005180,9720051801013788,,97,1,
1369083,2005181,9720051811013788,,97,1,
1369083,2005183,9720051831013788,,97,1,
1369083,1977406,9819774061013788,,98,1,
1369083,1977412,9819774121013788,,98,1,
1369083,1977413,9819774131013788,,98,1,
1369083,2005176,9820051761013788,,98,1,
1369083,2005178,9820051781013788,,98,1,
1369083,2005180,9820051801013788,,98,1,
1369083,2005181,9820051811013788,,98,1,
1369083,2005183,9820051831013788,,98,1,
1369083,1977406,9919774061013788,,99,1,
1369083,1977412,9919774121013788,,99,1,
1369083,1977413,9919774131013788,,99,1,
1369083,2005176,9920051761013788,,99,1,
1369083,2005178,9920051781013788,,99,1,
1369083,2005180,9920051801013788,,99,1,
1369083,2005181,9920051811013788,,99,1,
1369083,2005183,9920051831013788,,99,1,
1369083,1977406,119774061013790,,1,1,
1369083,2005176,120051761013790,,1,1,
1369083,2005178,120051781013790,,1,1,
1369083,2005180,120051801013790,,1,1,
1369083,2005183,120051831013790,,1,1,
1369083,1977406,219774061013790,,2,1,
1369083,2005176,220051761013790,,2,1,
1369083,2005178,220051781013790,,2,1,
1369083,2005183,220051831013790,,2,1,
1369083,1977406,319774061013790,,3,1,
1369083,2005176,320051761013790,,3,1,
1369083,2005183,320051831013790,,3,1,
1369083,1977406,419774061013790,,4,1,
1369083,2005176,420051761013790,,4,1,
1369083,2005183,420051831013790,,4,1,
1369083,1977406,119774061013791,,1,1,
1369083,1977412,119774121013791,,1,1,
1369083,1977413,119774131013791,,1,1,
1369083,2005176,120051761013791,,1,1,
1369083,2005178,120051781013791,,1,1,
1369083,2005181,120051811013791,,1,1,
1369083,2005183,120051831013791,,1,1,
1369083,1977406,119774061013792,,1,1,
1369083,1977412,119774121013792,,1,1,
1369083,1977413,119774131013792,,1,1,
1369083,2005176,120051761013792,,1,1,
1369083,2005178,120051781013792,,1,1,
1369083,2005180,120051801013792,,1,1,
1369083,2005181,120051811013792,,1,1,
1369083,2005183,120051831013792,,1,1,
1369083,2005180,220051801013792,,2,1,
